0 42 39 33 20 32 33 26 25 41 23 11 14 29 48 17 33 48 12 7 10 9 35 23 15 35 37 35 38 36 31 15 26 13 33 38 27 46 38 36 1 17 49 1 27 6 49 39 23 1 
42 0 4 5 40 9 36 30 1 43 20 22 16 16 2 27 47 47 22 34 30 26 34 38 10 49 20 7 1 13 15 31 34 32 13 19 23 36 14 44 16 43 15 26 21 16 3 11 33 34 
39 4 0 9 29 29 4 38 17 5 29 29 3 34 6 23 48 27 42 29 30 1 39 19 41 19 1 34 37 4 35 38 1 34 33 4 28 49 8 25 22 38 29 37 7 43 18 6 32 41 
33 5 9 0 6 36 19 25 30 43 2 17 36 37 17 47 30 10 19 47 47 48 10 7 42 33 4 48 6 49 38 45 7 9 8 4 40 49 25 7 38 13 12 8 19 15 24 1 8 28 
20 40 29 6 0 45 40 2 28 15 49 32 12 10 32 46 11 10 11 49 38 4 7 26 40 38 12 43 43 49 25 1 24 48 21 27 35 33 34 35 41 11 44 41 31 16 11 18 29 21 
32 9 29 36 45 0 45 7 24 45 6 30 19 34 1 16 27 10 9 46 25 20 20 17 12 25 41 22 4 11 6 25 34 27 4 41 41 22 32 8 48 27 6 22 18 27 29 8 25 29 
33 36 4 19 40 45 0 31 22 40 46 33 40 20 1 32 25 29 31 10 3 7 20 12 16 47 28 48 23 33 10 31 40 7 49 37 41 13 1 36 21 20 37 10 8 33 14 24 12 13 
26 30 38 25 2 7 31 0 29 34 5 27 21 7 26 49 4 2 46 40 25 24 9 21 27 12 18 44 25 19 41 39 46 45 5 24 19 14 29 45 40 18 49 23 23 37 10 32 38 16 
25 1 17 30 28 24 22 29 0 12 26 15 49 24 39 37 48 27 47 21 11 47 22 42 10 27 26 3 39 49 2 40 37 41 6 11 48 16 23 23 33 18 44 20 21 25 42 26 28 26 
41 43 5 43 15 45 40 34 12 0 31 4 3 42 44 35 45 45 21 25 39 26 31 3 27 19 1 26 44 46 22 42 9 24 29 43 2 12 22 23 11 32 19 27 40 1 31 40 1 6 
23 20 29 2 49 6 46 5 26 31 0 37 15 24 21 35 25 26 8 11 9 15 48 22 32 41 19 28 13 16 34 7 18 18 28 19 46 16 25 21 20 17 28 41 31 4 27 43 24 28 
11 22 29 17 32 30 33 27 15 4 37 0 5 35 8 17 37 29 10 5 28 13 27 44 33 21 29 26 9 29 34 46 17 7 42 38 25 8 37 48 16 11 16 43 18 46 23 23 24 38 
14 16 3 36 12 19 40 21 49 3 15 5 0 11 7 42 32 8 16 1 2 47 36 9 32 42 19 22 14 30 32 5 4 48 36 46 27 21 29 14 4 42 3 25 22 3 3 45 38 28 
29 16 34 37 10 34 20 7 24 42 24 35 11 0 41 46 16 30 1 32 15 14 35 33 13 5 42 36 10 22 23 37 8 4 5 46 22 11 44 2 46 18 30 36 32 27 44 27 8 32 
48 2 6 17 32 1 1 26 39 44 21 8 7 41 0 2 33 36 25 1 24 32 6 18 9 12 41 43 11 37 24 33 4 41 10 1 43 28 18 20 20 48 43 46 34 34 45 43 39 42 
17 27 23 47 46 16 32 49 37 35 35 17 42 46 2 0 39 14 46 14 8 16 1 34 30 43 46 34 15 23 35 36 16 38 11 21 48 45 29 34 30 44 20 7 26 14 21 35 13 11 
33 47 48 30 11 27 25 4 48 45 25 37 32 16 33 39 0 47 16 13 16 43 39 34 19 12 41 23 3 5 22 30 36 46 39 8 47 37 42 13 42 2 6 47 31 47 10 11 29 22 
48 47 27 10 10 10 29 2 27 45 26 29 8 30 36 14 47 0 24 16 18 7 15 44 26 28 3 8 5 32 29 5 41 32 23 10 4 13 42 46 6 16 49 2 33 13 32 15 45 5 
12 22 42 19 11 9 31 46 47 21 8 10 16 1 25 46 16 24 0 9 28 19 34 19 26 49 43 20 15 3 27 20 39 45 21 26 41 11 20 29 49 47 26 36 45 49 18 43 32 29 
7 34 29 47 49 46 10 40 21 25 11 5 1 32 1 14 13 16 9 0 9 35 48 37 15 48 33 47 44 19 17 33 26 49 39 1 44 21 30 49 39 40 33 23 48 12 31 41 13 24 
10 30 30 47 38 25 3 25 11 39 9 28 2 15 24 8 16 18 28 9 0 15 8 18 39 5 43 35 49 22 20 46 27 12 45 49 34 11 27 21 41 32 5 36 49 40 26 39 12 23 
9 26 1 48 4 20 7 24 47 26 15 13 47 14 32 16 43 7 19 35 15 0 49 14 10 41 32 15 29 37 47 24 17 42 10 18 49 42 4 15 19 48 15 41 18 2 49 41 48 18 
35 34 39 10 7 20 20 9 22 31 48 27 36 35 6 1 39 15 34 48 8 49 0 26 26 37 13 11 16 26 40 48 49 17 3 13 37 29 18 48 33 4 6 28 4 3 33 24 23 16 
23 38 19 7 26 17 12 21 42 3 22 44 9 33 18 34 34 44 19 37 18 14 26 0 3 5 17 34 21 35 44 42 45 11 25 48 28 28 43 9 10 7 17 45 7 3 16 41 39 2 
15 10 41 42 40 12 16 27 10 27 32 33 32 13 9 30 19 26 26 15 39 10 26 3 0 19 13 44 44 7 22 16 41 49 21 17 35 6 27 44 23 48 49 48 37 45 38 4 30 19 
35 49 19 33 38 25 47 12 27 19 41 21 42 5 12 43 12 28 49 48 5 41 37 5 19 0 48 23 49 17 26 15 37 4 48 33 36 17 49 15 25 17 9 11 40 47 42 21 30 24 
37 20 1 4 12 41 28 18 26 1 19 29 19 42 41 46 41 3 43 33 43 32 13 17 13 48 0 49 41 15 27 34 22 13 41 49 23 14 48 33 29 34 17 33 12 6 47 33 7 36 
35 7 34 48 43 22 48 44 3 26 28 26 22 36 43 34 23 8 20 47 35 15 11 34 44 23 49 0 18 39 7 28 40 20 5 23 37 45 48 16 34 43 2 42 4 46 21 9 12 2 
38 1 37 6 43 4 23 25 39 44 13 9 14 10 11 15 3 5 15 44 49 29 16 21 44 49 41 18 0 21 11 18 28 3 49 29 20 42 26 11 3 34 29 16 29 48 30 41 33 16 
36 13 4 49 49 11 33 19 49 46 16 29 30 22 37 23 5 32 3 19 22 37 26 35 7 17 15 39 21 0 27 15 45 32 18 43 10 7 45 40 42 20 39 46 26 29 31 25 23 4 
31 15 35 38 25 6 10 41 2 22 34 34 32 23 24 35 22 29 27 17 20 47 40 44 22 26 27 7 11 27 0 16 36 37 26 3 5 12 8 16 21 44 39 10 43 9 4 28 18 13 
15 31 38 45 1 25 31 39 40 42 7 46 5 37 33 36 30 5 20 33 46 24 48 42 16 15 34 28 18 15 16 0 43 4 12 49 27 9 34 27 20 45 18 2 8 38 37 21 24 6 
26 34 1 7 24 34 40 46 37 9 18 17 4 8 4 16 36 41 39 26 27 17 49 45 41 37 22 40 28 45 36 43 0 39 49 45 18 40 23 8 42 29 11 13 23 33 8 25 7 13 
13 32 34 9 48 27 7 45 41 24 18 7 48 4 41 38 46 32 45 49 12 42 17 11 49 4 13 20 3 32 37 4 39 0 5 1 40 8 21 35 13 44 25 48 4 31 16 40 45 47 
33 13 33 8 21 4 49 5 6 29 28 42 36 5 10 11 39 23 21 39 45 10 3 25 21 48 41 5 49 18 26 12 49 5 0 48 2 36 29 12 31 23 9 31 16 4 4 8 32 9 
38 19 4 4 27 41 37 24 11 43 19 38 46 46 1 21 8 10 26 1 49 18 13 48 17 33 49 23 29 43 3 49 45 1 48 0 4 45 34 40 48 45 16 42 22 29 7 23 49 6 
27 23 28 40 35 41 41 19 48 2 46 25 27 22 43 48 47 4 41 44 34 49 37 28 35 36 23 37 20 10 5 27 18 40 2 4 0 46 21 31 36 25 33 10 40 13 1 40 9 24 
46 36 49 49 33 22 13 14 16 12 16 8 21 11 28 45 37 13 11 21 11 42 29 28 6 17 14 45 42 7 12 9 40 8 36 45 46 0 32 38 29 6 12 34 7 11 43 3 18 3 
38 14 8 25 34 32 1 29 23 22 25 37 29 44 18 29 42 42 20 30 27 4 18 43 27 49 48 48 26 45 8 34 23 21 29 34 21 32 0 33 39 1 28 11 13 19 21 46 16 20 
36 44 25 7 35 8 36 45 23 23 21 48 14 2 20 34 13 46 29 49 21 15 48 9 44 15 33 16 11 40 16 27 8 35 12 40 31 38 33 0 4 15 30 22 20 3 41 24 45 31 
1 16 22 38 41 48 21 40 33 11 20 16 4 46 20 30 42 6 49 39 41 19 33 10 23 25 29 34 3 42 21 20 42 13 31 48 36 29 39 4 0 48 10 13 26 35 7 46 3 43 
17 43 38 13 11 27 20 18 18 32 17 11 42 18 48 44 2 16 47 40 32 48 4 7 48 17 34 43 34 20 44 45 29 44 23 45 25 6 1 15 48 0 35 29 18 8 32 45 49 46 
49 15 29 12 44 6 37 49 44 19 28 16 3 30 43 20 6 49 26 33 5 15 6 17 49 9 17 2 29 39 39 18 11 25 9 16 33 12 28 30 10 35 0 41 33 43 27 3 4 37 
1 26 37 8 41 22 10 23 20 27 41 43 25 36 46 7 47 2 36 23 36 41 28 45 48 11 33 42 16 46 10 2 13 48 31 42 10 34 11 22 13 29 41 0 42 18 47 8 27 22 
27 21 7 19 31 18 8 23 21 40 31 18 22 32 34 26 31 33 45 48 49 18 4 7 37 40 12 4 29 26 43 8 23 4 16 22 40 7 13 20 26 18 33 42 0 30 8 5 47 23 
6 16 43 15 16 27 33 37 25 1 4 46 3 27 34 14 47 13 49 12 40 2 3 3 45 47 6 46 48 29 9 38 33 31 4 29 13 11 19 3 35 8 43 18 30 0 10 38 33 36 
49 3 18 24 11 29 14 10 42 31 27 23 3 44 45 21 10 32 18 31 26 49 33 16 38 42 47 21 30 31 4 37 8 16 4 7 1 43 21 41 7 32 27 47 8 10 0 5 21 25 
39 11 6 1 18 8 24 32 26 40 43 23 45 27 43 35 11 15 43 41 39 41 24 41 4 21 33 9 41 25 28 21 25 40 8 23 40 3 46 24 46 45 3 8 5 38 5 0 33 9 
23 33 32 8 29 25 12 38 28 1 24 24 38 8 39 13 29 45 32 13 12 48 23 39 30 30 7 12 33 23 18 24 7 45 32 49 9 18 16 45 3 49 4 27 47 33 21 33 0 3 
1 34 41 28 21 29 13 16 26 6 28 38 28 32 42 11 22 5 29 24 23 18 16 2 19 24 36 2 16 4 13 6 13 47 9 6 24 3 20 31 43 46 37 22 23 36 25 9 3 0 
