0 39 17 27 27 3 39 36 22 24 28 25 10 24 47 36 28 21 41 28 21 10 24 20 1 42 47 28 26 11 3 16 49 45 17 3 30 31 14 4 32 20 8 45 26 15 42 29 43 43 
39 0 1 38 41 46 20 42 40 45 27 31 34 37 5 18 39 27 15 16 1 15 11 40 17 28 48 4 7 49 24 43 18 38 27 40 39 4 14 33 29 2 39 12 48 43 44 14 46 48 
17 1 0 49 21 39 6 22 1 20 43 49 31 31 6 27 19 18 35 21 49 14 3 9 13 23 33 28 3 27 45 26 25 20 8 30 22 46 4 28 33 42 28 19 10 1 1 1 45 23 
27 38 49 0 44 38 35 37 43 46 6 31 37 46 9 20 5 34 21 7 19 46 18 42 49 8 15 6 20 4 40 15 20 29 42 43 16 18 2 27 32 7 9 44 19 45 14 15 21 18 
27 41 21 44 0 42 26 25 7 38 30 5 20 11 11 38 40 4 37 14 33 43 15 22 13 30 21 43 27 27 35 2 40 31 19 21 22 11 36 19 27 36 4 44 41 1 25 11 23 30 
3 46 39 38 42 0 45 40 5 33 2 19 17 25 48 3 3 18 21 7 19 34 24 13 49 18 26 26 34 39 31 45 3 32 21 40 18 13 46 46 28 48 41 39 47 36 42 35 48 34 
39 20 6 35 26 45 0 24 38 13 1 7 8 10 48 24 32 32 21 14 45 24 2 33 23 7 7 10 49 21 23 43 33 43 41 18 28 28 19 5 40 35 49 42 2 29 37 20 15 9 
36 42 22 37 25 40 24 0 16 35 48 20 49 26 25 45 32 28 1 10 13 39 34 31 35 13 31 1 25 44 34 2 8 21 16 6 4 29 21 28 6 47 34 13 46 40 30 41 12 5 
22 40 1 43 7 5 38 16 0 44 48 36 49 7 20 27 29 33 3 31 15 20 43 45 13 40 16 49 44 20 41 45 38 48 2 1 28 3 42 19 44 48 9 19 11 7 40 7 22 2 
24 45 20 46 38 33 13 35 44 0 28 24 2 14 45 38 28 26 26 43 36 16 10 32 28 18 11 13 49 45 20 16 19 10 7 39 35 48 47 29 30 23 35 30 39 43 16 15 32 38 
28 27 43 6 30 2 1 48 48 28 0 17 9 24 41 22 3 21 29 22 8 17 16 47 12 10 10 6 12 11 35 27 21 20 1 30 26 39 13 40 38 41 7 20 34 21 43 35 22 4 
25 31 49 31 5 19 7 20 36 24 17 0 9 7 12 3 17 45 23 3 26 42 41 16 16 5 29 26 22 14 32 27 36 35 8 49 9 39 22 11 19 22 23 8 33 6 12 19 21 3 
10 34 31 37 20 17 8 49 49 2 9 9 0 3 24 41 21 6 32 24 24 15 28 40 26 25 37 48 30 30 14 9 25 43 38 26 20 17 39 3 19 24 3 42 16 22 16 3 44 49 
24 37 31 46 11 25 10 26 7 14 24 7 3 0 39 43 1 13 14 21 9 46 37 2 9 23 42 32 28 46 49 12 1 10 21 45 32 36 21 9 47 31 26 45 6 48 19 41 39 20 
47 5 6 9 11 48 48 25 20 45 41 12 24 39 0 15 33 26 2 19 25 40 49 17 21 34 23 30 4 19 18 22 12 7 16 42 6 6 27 43 45 39 11 44 2 4 38 41 27 34 
36 18 27 20 38 3 24 45 27 38 22 3 41 43 15 0 31 14 40 49 12 3 9 38 25 49 12 35 20 7 12 4 38 14 6 49 48 9 9 27 30 22 33 28 11 26 11 18 43 19 
28 39 19 5 40 3 32 32 29 28 3 17 21 1 33 31 0 17 29 14 22 48 48 24 4 40 10 13 39 42 9 41 20 44 5 37 2 4 15 27 26 45 23 7 27 22 22 44 36 47 
21 27 18 34 4 18 32 28 33 26 21 45 6 13 26 14 17 0 43 31 5 13 45 17 45 8 49 47 32 10 45 32 11 33 37 44 36 35 22 27 22 39 21 40 8 41 48 22 43 31 
41 15 35 21 37 21 21 1 3 26 29 23 32 14 2 40 29 43 0 12 19 6 7 10 14 35 26 3 48 22 32 49 44 22 31 1 41 18 19 26 12 38 35 13 22 38 10 10 47 9 
28 16 21 7 14 7 14 10 31 43 22 3 24 21 19 49 14 31 12 0 40 46 42 28 3 8 6 38 34 39 22 29 36 38 11 13 41 9 31 36 25 47 29 9 35 44 5 12 19 42 
21 1 49 19 33 19 45 13 15 36 8 26 24 9 25 12 22 5 19 40 0 38 44 11 49 18 12 28 3 30 48 21 27 41 2 48 24 2 10 35 45 30 32 49 29 43 28 5 28 2 
10 15 14 46 43 34 24 39 20 16 17 42 15 46 40 3 48 13 6 46 38 0 12 32 32 47 31 45 2 38 12 41 4 11 35 24 10 16 43 22 41 24 42 23 36 36 7 6 14 30 
24 11 3 18 15 24 2 34 43 10 16 41 28 37 49 9 48 45 7 42 44 12 0 18 1 12 11 33 3 34 47 4 32 3 22 24 27 30 20 5 49 22 32 33 39 28 44 15 47 4 
20 40 9 42 22 13 33 31 45 32 47 16 40 2 17 38 24 17 10 28 11 32 18 0 17 42 47 21 23 9 39 6 45 5 26 5 21 19 24 8 16 15 5 18 44 43 5 23 21 18 
1 17 13 49 13 49 23 35 13 28 12 16 26 9 21 25 4 45 14 3 49 32 1 17 0 15 43 27 19 39 25 25 9 22 11 33 10 21 26 12 37 40 29 29 14 40 20 17 13 10 
42 28 23 8 30 18 7 13 40 18 10 5 25 23 34 49 40 8 35 8 18 47 12 42 15 0 31 5 18 31 33 23 18 22 42 3 8 3 20 47 17 13 2 4 45 14 35 14 22 9 
47 48 33 15 21 26 7 31 16 11 10 29 37 42 23 12 10 49 26 6 12 31 11 47 43 31 0 32 44 28 34 12 43 17 49 18 4 40 30 18 7 34 43 36 32 43 22 9 32 12 
28 4 28 6 43 26 10 1 49 13 6 26 48 32 30 35 13 47 3 38 28 45 33 21 27 5 32 0 27 17 24 5 8 32 13 45 29 41 9 27 32 47 23 17 2 37 7 24 33 36 
26 7 3 20 27 34 49 25 44 49 12 22 30 28 4 20 39 32 48 34 3 2 3 23 19 18 44 27 0 1 3 31 6 43 32 1 5 37 21 35 30 6 48 47 32 12 16 13 37 5 
11 49 27 4 27 39 21 44 20 45 11 14 30 46 19 7 42 10 22 39 30 38 34 9 39 31 28 17 1 0 33 21 14 44 40 49 38 41 34 24 3 27 18 33 42 2 28 32 38 49 
3 24 45 40 35 31 23 34 41 20 35 32 14 49 18 12 9 45 32 22 48 12 47 39 25 33 34 24 3 33 0 34 44 9 46 20 38 1 14 6 8 6 29 45 26 44 26 48 8 25 
16 43 26 15 2 45 43 2 45 16 27 27 9 12 22 4 41 32 49 29 21 41 4 6 25 23 12 5 31 21 34 0 31 35 37 18 7 41 37 6 46 40 45 6 44 6 9 48 32 22 
49 18 25 20 40 3 33 8 38 19 21 36 25 1 12 38 20 11 44 36 27 4 32 45 9 18 43 8 6 14 44 31 0 10 28 43 22 33 23 25 4 24 26 29 29 11 27 17 41 26 
45 38 20 29 31 32 43 21 48 10 20 35 43 10 7 14 44 33 22 38 41 11 3 5 22 22 17 32 43 44 9 35 10 0 1 24 2 40 47 42 32 48 12 6 3 27 38 33 9 1 
17 27 8 42 19 21 41 16 2 7 1 8 38 21 16 6 5 37 31 11 2 35 22 26 11 42 49 13 32 40 46 37 28 1 0 30 12 48 27 1 10 14 42 41 23 23 5 35 23 32 
3 40 30 43 21 40 18 6 1 39 30 49 26 45 42 49 37 44 1 13 48 24 24 5 33 3 18 45 1 49 20 18 43 24 30 0 47 8 49 12 14 37 37 19 6 10 43 10 32 5 
30 39 22 16 22 18 28 4 28 35 26 9 20 32 6 48 2 36 41 41 24 10 27 21 10 8 4 29 5 38 38 7 22 2 12 47 0 5 40 30 28 35 8 28 4 33 16 16 15 49 
31 4 46 18 11 13 28 29 3 48 39 39 17 36 6 9 4 35 18 9 2 16 30 19 21 3 40 41 37 41 1 41 33 40 48 8 5 0 25 27 21 26 21 29 16 34 8 39 4 10 
14 14 4 2 36 46 19 21 42 47 13 22 39 21 27 9 15 22 19 31 10 43 20 24 26 20 30 9 21 34 14 37 23 47 27 49 40 25 0 40 35 1 31 47 42 15 17 40 20 30 
4 33 28 27 19 46 5 28 19 29 40 11 3 9 43 27 27 27 26 36 35 22 5 8 12 47 18 27 35 24 6 6 25 42 1 12 30 27 40 0 40 5 17 11 19 9 8 46 24 30 
32 29 33 32 27 28 40 6 44 30 38 19 19 47 45 30 26 22 12 25 45 41 49 16 37 17 7 32 30 3 8 46 4 32 10 14 28 21 35 40 0 36 20 26 28 30 3 2 27 44 
20 2 42 7 36 48 35 47 48 23 41 22 24 31 39 22 45 39 38 47 30 24 22 15 40 13 34 47 6 27 6 40 24 48 14 37 35 26 1 5 36 0 18 14 6 31 5 41 39 1 
8 39 28 9 4 41 49 34 9 35 7 23 3 26 11 33 23 21 35 29 32 42 32 5 29 2 43 23 48 18 29 45 26 12 42 37 8 21 31 17 20 18 0 13 28 2 30 30 32 6 
45 12 19 44 44 39 42 13 19 30 20 8 42 45 44 28 7 40 13 9 49 23 33 18 29 4 36 17 47 33 45 6 29 6 41 19 28 29 47 11 26 14 13 0 5 46 43 39 31 32 
26 48 10 19 41 47 2 46 11 39 34 33 16 6 2 11 27 8 22 35 29 36 39 44 14 45 32 2 32 42 26 44 29 3 23 6 4 16 42 19 28 6 28 5 0 42 25 31 9 46 
15 43 1 45 1 36 29 40 7 43 21 6 22 48 4 26 22 41 38 44 43 36 28 43 40 14 43 37 12 2 44 6 11 27 23 10 33 34 15 9 30 31 2 46 42 0 35 48 45 2 
42 44 1 14 25 42 37 30 40 16 43 12 16 19 38 11 22 48 10 5 28 7 44 5 20 35 22 7 16 28 26 9 27 38 5 43 16 8 17 8 3 5 30 43 25 35 0 18 6 48 
29 14 1 15 11 35 20 41 7 15 35 19 3 41 41 18 44 22 10 12 5 6 15 23 17 14 9 24 13 32 48 48 17 33 35 10 16 39 40 46 2 41 30 39 31 48 18 0 4 36 
43 46 45 21 23 48 15 12 22 32 22 21 44 39 27 43 36 43 47 19 28 14 47 21 13 22 32 33 37 38 8 32 41 9 23 32 15 4 20 24 27 39 32 31 9 45 6 4 0 23 
43 48 23 18 30 34 9 5 2 38 4 3 49 20 34 19 47 31 9 42 2 30 4 18 10 9 12 36 5 49 25 22 26 1 32 5 49 10 30 30 44 1 6 32 46 2 48 36 23 0 
