0 25 29 27 24 48 30 20 48 2 5 27 8 28 36 36 21 36 37 1 12 21 6 8 21 30 37 43 23 44 30 23 33 12 30 13 45 11 47 43 4 15 48 33 41 4 25 6 19 46 
25 0 24 22 38 49 26 21 23 16 22 9 19 46 1 34 35 4 14 28 17 35 4 45 30 28 10 9 14 25 3 20 28 37 5 43 28 33 47 37 22 29 18 32 21 36 9 14 45 33 
29 24 0 12 26 17 49 39 24 30 30 31 40 40 23 3 5 10 38 15 15 46 10 16 34 36 34 8 13 4 13 8 49 47 25 1 2 4 10 44 21 34 35 3 15 13 35 31 12 47 
27 22 12 0 16 45 10 47 19 37 3 48 30 20 18 8 47 32 30 5 27 36 10 8 14 6 3 42 19 20 32 34 26 12 43 7 17 16 41 3 40 2 28 15 40 23 21 45 1 45 
24 38 26 16 0 17 1 31 23 17 38 5 1 27 24 46 22 49 9 36 13 41 45 29 29 23 28 14 12 15 45 41 27 40 36 25 11 22 6 4 40 45 43 32 7 48 31 16 5 32 
48 49 17 45 17 0 10 6 43 10 43 33 22 32 22 12 14 26 4 22 6 28 25 49 20 48 26 41 12 44 10 40 39 34 37 26 14 47 45 30 32 39 41 48 7 11 10 1 21 23 
30 26 49 10 1 10 0 47 48 16 38 32 44 15 33 17 31 20 24 47 10 17 23 8 13 26 8 45 19 46 37 23 36 6 45 2 29 5 25 13 1 32 11 47 33 11 33 13 8 7 
20 21 39 47 31 6 47 0 25 41 17 49 19 20 33 23 6 40 48 17 22 21 37 17 28 2 41 29 33 1 19 44 39 23 23 49 47 11 4 10 37 29 16 8 25 49 48 18 47 36 
48 23 24 19 23 43 48 25 0 31 48 5 49 7 49 31 1 25 42 15 49 24 39 34 42 26 5 1 44 31 23 46 40 39 26 3 12 10 33 4 40 18 19 3 27 25 11 19 8 42 
2 16 30 37 17 10 16 41 31 0 18 18 3 35 38 6 30 29 32 17 36 27 13 25 39 23 6 35 28 7 21 27 26 26 42 43 11 12 29 47 35 1 5 45 5 20 26 10 26 16 
5 22 30 3 38 43 38 17 48 18 0 38 25 1 22 48 33 8 49 20 1 31 10 11 6 14 15 42 26 47 41 6 1 27 23 32 7 33 6 40 25 33 36 39 29 19 19 24 23 36 
27 9 31 48 5 33 32 49 5 18 38 0 45 38 37 23 5 46 44 42 12 15 28 35 26 7 31 25 4 35 16 3 5 5 17 44 26 48 31 45 21 7 28 18 14 45 26 32 17 33 
8 19 40 30 1 22 44 19 49 3 25 45 0 18 12 3 5 6 44 25 37 4 44 39 42 16 13 45 33 12 16 39 30 41 32 26 17 47 3 23 42 6 7 38 40 43 45 32 22 23 
28 46 40 20 27 32 15 20 7 35 1 38 18 0 18 10 5 10 9 40 17 39 42 27 16 13 25 24 34 11 7 28 34 40 39 2 36 8 32 6 6 10 48 14 39 1 12 48 11 46 
36 1 23 18 24 22 33 33 49 38 22 37 12 18 0 10 10 34 35 39 42 48 24 24 3 23 19 14 31 4 21 29 1 10 16 28 35 4 27 13 8 13 46 28 23 11 45 33 44 40 
36 34 3 8 46 12 17 23 31 6 48 23 3 10 10 0 5 17 26 16 6 43 19 45 8 31 6 13 48 48 7 44 23 31 18 42 9 11 11 23 32 35 48 22 33 22 46 2 17 16 
21 35 5 47 22 14 31 6 1 30 33 5 5 5 10 5 0 47 45 49 34 18 34 49 28 9 3 10 19 20 44 26 38 8 16 16 39 31 34 6 8 45 37 30 44 13 27 45 5 37 
36 4 10 32 49 26 20 40 25 29 8 46 6 10 34 17 47 0 35 25 7 41 13 39 49 38 43 35 15 46 40 41 26 11 33 15 33 42 12 46 24 32 18 9 1 17 32 7 39 30 
37 14 38 30 9 4 24 48 42 32 49 44 44 9 35 26 45 35 0 25 43 5 45 7 35 45 46 49 32 30 34 32 12 4 41 32 39 8 30 11 45 41 29 9 8 38 19 6 28 46 
1 28 15 5 36 22 47 17 15 17 20 42 25 40 39 16 49 25 25 0 38 23 30 17 19 30 49 40 31 3 33 40 49 21 49 43 45 47 34 20 5 45 44 17 32 8 45 33 5 20 
12 17 15 27 13 6 10 22 49 36 1 12 37 17 42 6 34 7 43 38 0 34 25 22 20 36 18 47 11 38 9 16 33 25 49 17 6 16 45 6 11 7 25 45 10 41 25 41 20 22 
21 35 46 36 41 28 17 21 24 27 31 15 4 39 48 43 18 41 5 23 34 0 30 40 33 24 31 38 39 41 16 21 15 47 27 37 25 43 15 44 26 37 4 2 28 42 20 20 14 49 
6 4 10 10 45 25 23 37 39 13 10 28 44 42 24 19 34 13 45 30 25 30 0 13 34 18 42 25 5 17 41 41 4 19 36 43 44 19 30 29 34 33 46 39 48 46 35 34 17 26 
8 45 16 8 29 49 8 17 34 25 11 35 39 27 24 45 49 39 7 17 22 40 13 0 32 34 24 26 37 26 5 37 1 19 13 5 49 27 36 22 32 27 3 5 47 34 33 20 45 46 
21 30 34 14 29 20 13 28 42 39 6 26 42 16 3 8 28 49 35 19 20 33 34 32 0 18 6 39 16 12 10 42 34 26 47 46 1 32 44 27 34 6 41 24 22 39 16 28 28 6 
30 28 36 6 23 48 26 2 26 23 14 7 16 13 23 31 9 38 45 30 36 24 18 34 18 0 32 15 19 6 27 42 28 22 38 19 48 46 27 18 41 14 38 1 5 42 10 5 33 10 
37 10 34 3 28 26 8 41 5 6 15 31 13 25 19 6 3 43 46 49 18 31 42 24 6 32 0 10 10 17 9 25 24 49 15 34 46 8 23 43 41 29 25 17 7 40 42 30 18 31 
43 9 8 42 14 41 45 29 1 35 42 25 45 24 14 13 10 35 49 40 47 38 25 26 39 15 10 0 48 48 46 30 45 43 9 25 6 10 22 20 41 42 2 8 17 24 6 41 34 46 
23 14 13 19 12 12 19 33 44 28 26 4 33 34 31 48 19 15 32 31 11 39 5 37 16 19 10 48 0 16 49 12 36 4 13 28 47 49 47 23 26 43 27 15 36 3 7 44 31 9 
44 25 4 20 15 44 46 1 31 7 47 35 12 11 4 48 20 46 30 3 38 41 17 26 12 6 17 48 16 0 38 38 18 23 48 19 26 1 12 46 48 26 15 7 4 36 33 5 3 37 
30 3 13 32 45 10 37 19 23 21 41 16 16 7 21 7 44 40 34 33 9 16 41 5 10 27 9 46 49 38 0 38 37 12 18 2 27 37 8 41 43 22 2 31 29 33 11 34 11 18 
23 20 8 34 41 40 23 44 46 27 6 3 39 28 29 44 26 41 32 40 16 21 41 37 42 42 25 30 12 38 38 0 40 9 6 37 39 46 13 10 18 15 33 16 4 48 35 23 5 34 
33 28 49 26 27 39 36 39 40 26 1 5 30 34 1 23 38 26 12 49 33 15 4 1 34 28 24 45 36 18 37 40 0 17 31 35 34 2 9 6 20 30 43 46 36 35 47 31 24 43 
12 37 47 12 40 34 6 23 39 26 27 5 41 40 10 31 8 11 4 21 25 47 19 19 26 22 49 43 4 23 12 9 17 0 7 43 20 44 34 13 37 13 40 1 47 17 33 6 49 5 
30 5 25 43 36 37 45 23 26 42 23 17 32 39 16 18 16 33 41 49 49 27 36 13 47 38 15 9 13 48 18 6 31 7 0 33 36 7 36 36 33 41 18 12 34 47 23 33 41 29 
13 43 1 7 25 26 2 49 3 43 32 44 26 2 28 42 16 15 32 43 17 37 43 5 46 19 34 25 28 19 2 37 35 43 33 0 2 11 15 42 7 1 29 33 33 47 34 12 3 36 
45 28 2 17 11 14 29 47 12 11 7 26 17 36 35 9 39 33 39 45 6 25 44 49 1 48 46 6 47 26 27 39 34 20 36 2 0 4 49 43 11 26 31 3 2 8 43 38 15 46 
11 33 4 16 22 47 5 11 10 12 33 48 47 8 4 11 31 42 8 47 16 43 19 27 32 46 8 10 49 1 37 46 2 44 7 11 4 0 37 44 10 9 15 19 7 1 47 40 26 38 
47 47 10 41 6 45 25 4 33 29 6 31 3 32 27 11 34 12 30 34 45 15 30 36 44 27 23 22 47 12 8 13 9 34 36 15 49 37 0 46 43 2 42 10 9 24 4 48 12 38 
43 37 44 3 4 30 13 10 4 47 40 45 23 6 13 23 6 46 11 20 6 44 29 22 27 18 43 20 23 46 41 10 6 13 36 42 43 44 46 0 33 27 41 1 20 41 30 4 15 3 
4 22 21 40 40 32 1 37 40 35 25 21 42 6 8 32 8 24 45 5 11 26 34 32 34 41 41 41 26 48 43 18 20 37 33 7 11 10 43 33 0 38 31 5 25 28 32 22 37 30 
15 29 34 2 45 39 32 29 18 1 33 7 6 10 13 35 45 32 41 45 7 37 33 27 6 14 29 42 43 26 22 15 30 13 41 1 26 9 2 27 38 0 13 28 3 17 19 11 41 20 
48 18 35 28 43 41 11 16 19 5 36 28 7 48 46 48 37 18 29 44 25 4 46 3 41 38 25 2 27 15 2 33 43 40 18 29 31 15 42 41 31 13 0 7 42 30 2 38 29 25 
33 32 3 15 32 48 47 8 3 45 39 18 38 14 28 22 30 9 9 17 45 2 39 5 24 1 17 8 15 7 31 16 46 1 12 33 3 19 10 1 5 28 7 0 26 30 15 19 37 13 
41 21 15 40 7 7 33 25 27 5 29 14 40 39 23 33 44 1 8 32 10 28 48 47 22 5 7 17 36 4 29 4 36 47 34 33 2 7 9 20 25 3 42 26 0 4 17 20 20 8 
4 36 13 23 48 11 11 49 25 20 19 45 43 1 11 22 13 17 38 8 41 42 46 34 39 42 40 24 3 36 33 48 35 17 47 47 8 1 24 41 28 17 30 30 4 0 47 42 32 41 
25 9 35 21 31 10 33 48 11 26 19 26 45 12 45 46 27 32 19 45 25 20 35 33 16 10 42 6 7 33 11 35 47 33 23 34 43 47 4 30 32 19 2 15 17 47 0 3 29 5 
6 14 31 45 16 1 13 18 19 10 24 32 32 48 33 2 45 7 6 33 41 20 34 20 28 5 30 41 44 5 34 23 31 6 33 12 38 40 48 4 22 11 38 19 20 42 3 0 22 41 
19 45 12 1 5 21 8 47 8 26 23 17 22 11 44 17 5 39 28 5 20 14 17 45 28 33 18 34 31 3 11 5 24 49 41 3 15 26 12 15 37 41 29 37 20 32 29 22 0 32 
46 33 47 45 32 23 7 36 42 16 36 33 23 46 40 16 37 30 46 20 22 49 26 46 6 10 31 46 9 37 18 34 43 5 29 36 46 38 38 3 30 20 25 13 8 41 5 41 32 0 
