0 48 4 4 35 11 19 31 23 44 46 19 25 33 33 48 25 46 12 36 25 40 48 49 20 15 20 29 46 36 31 47 41 45 42 10 45 27 18 42 18 3 12 20 19 36 43 25 22 34 
48 0 44 31 34 40 29 20 8 25 17 8 28 28 42 11 49 5 48 17 15 4 21 31 38 48 41 15 13 10 30 11 26 22 17 41 44 20 46 36 24 16 2 9 46 8 13 14 44 29 
4 44 0 48 28 39 6 32 23 34 35 13 5 38 45 11 8 12 33 44 28 32 7 48 5 2 47 38 26 4 10 26 22 20 3 10 11 20 36 32 36 17 45 42 1 3 35 39 13 37 
4 31 48 0 16 6 5 8 26 18 1 47 7 15 28 45 43 44 12 14 11 25 19 5 28 30 19 16 36 44 44 36 36 13 21 26 26 49 10 31 18 4 31 47 25 4 37 37 23 39 
35 34 28 16 0 25 35 1 19 13 19 4 5 29 6 3 23 41 18 45 43 13 38 33 39 17 13 11 6 41 28 8 26 28 41 15 14 49 40 2 33 13 41 38 14 22 28 30 47 45 
11 40 39 6 25 0 43 8 31 36 32 23 36 39 28 31 46 35 36 24 22 18 14 48 23 36 11 8 22 43 21 9 22 25 34 26 34 47 47 14 6 47 7 33 34 49 26 42 49 12 
19 29 6 5 35 43 0 14 10 3 17 30 7 36 2 27 32 47 32 10 27 4 25 27 48 47 13 24 7 17 43 45 9 27 18 48 30 38 24 24 18 6 27 25 13 8 21 29 31 40 
31 20 32 8 1 8 14 0 31 46 33 48 44 32 12 40 2 24 41 45 9 39 22 12 4 35 1 26 1 8 18 22 46 10 13 7 9 10 34 13 9 47 21 29 9 45 3 2 36 6 
23 8 23 26 19 31 10 31 0 8 47 22 13 31 40 6 29 16 12 49 31 17 18 23 47 34 38 1 1 8 30 9 28 44 29 26 47 1 31 35 22 33 15 36 16 20 1 37 23 17 
44 25 34 18 13 36 3 46 8 0 25 10 49 13 16 4 8 8 26 7 21 3 47 14 12 5 30 46 26 36 47 37 4 24 14 33 23 13 46 47 37 1 25 2 18 20 23 9 15 21 
46 17 35 1 19 32 17 33 47 25 0 39 8 20 19 43 19 48 25 46 16 43 42 36 3 40 34 10 28 18 5 33 6 44 9 23 48 19 36 7 11 30 20 16 3 37 32 18 45 4 
19 8 13 47 4 23 30 48 22 10 39 0 11 27 32 48 19 11 45 18 24 24 39 13 4 15 12 18 15 13 11 13 6 12 41 34 8 5 27 4 30 25 21 34 23 10 6 13 34 27 
25 28 5 7 5 36 7 44 13 49 8 11 0 10 9 40 7 35 9 43 20 43 19 29 34 48 10 37 31 34 35 44 48 11 45 40 38 6 27 45 42 25 34 26 27 36 29 23 47 15 
33 28 38 15 29 39 36 32 31 13 20 27 10 0 39 18 1 8 7 30 37 23 9 49 37 23 29 35 19 28 44 11 2 37 16 35 42 3 23 13 40 24 21 8 21 11 40 26 45 35 
33 42 45 28 6 28 2 12 40 16 19 32 9 39 0 49 11 29 47 38 8 49 34 4 48 16 1 39 1 44 46 16 15 43 29 12 23 32 40 29 10 10 2 10 48 4 37 36 44 13 
48 11 11 45 3 31 27 40 6 4 43 48 40 18 49 0 17 35 24 41 15 11 46 2 14 38 49 12 1 35 9 7 47 21 28 12 30 26 49 32 8 5 4 21 42 3 13 33 29 21 
25 49 8 43 23 46 32 2 29 8 19 19 7 1 11 17 0 32 3 44 13 31 13 31 44 46 45 46 42 22 4 4 20 19 21 29 7 46 5 36 45 27 25 19 8 7 20 29 5 39 
46 5 12 44 41 35 47 24 16 8 48 11 35 8 29 35 32 0 15 43 16 40 4 47 24 2 49 20 34 49 38 19 46 7 15 11 28 1 30 43 43 48 5 11 37 18 42 43 37 28 
12 48 33 12 18 36 32 41 12 26 25 45 9 7 47 24 3 15 0 10 17 6 6 5 23 17 33 10 37 12 13 11 9 17 28 32 23 19 8 32 16 17 26 12 20 6 27 25 8 35 
36 17 44 14 45 24 10 45 49 7 46 18 43 30 38 41 44 43 10 0 39 5 7 21 31 43 20 35 38 4 17 25 19 32 4 49 33 30 31 46 41 36 9 34 13 14 42 19 18 17 
25 15 28 11 43 22 27 9 31 21 16 24 20 37 8 15 13 16 17 39 0 47 22 7 34 45 28 44 32 44 19 5 5 38 4 10 47 4 29 10 37 39 22 30 26 16 43 7 24 31 
40 4 32 25 13 18 4 39 17 3 43 24 43 23 49 11 31 40 6 5 47 0 16 46 11 26 16 32 38 38 17 23 22 23 38 48 45 35 15 7 36 39 38 15 25 2 12 36 28 44 
48 21 7 19 38 14 25 22 18 47 42 39 19 9 34 46 13 4 6 7 22 16 0 13 49 34 14 40 14 39 44 32 44 39 22 32 8 8 42 44 40 31 23 17 28 44 32 18 41 10 
49 31 48 5 33 48 27 12 23 14 36 13 29 49 4 2 31 47 5 21 7 46 13 0 49 37 39 5 10 12 15 26 29 44 7 39 10 32 1 43 22 20 18 44 43 28 8 19 18 19 
20 38 5 28 39 23 48 4 47 12 3 4 34 37 48 14 44 24 23 31 34 11 49 49 0 27 43 3 34 34 20 22 37 4 34 16 27 16 37 24 8 25 26 9 3 30 25 37 29 16 
15 48 2 30 17 36 47 35 34 5 40 15 48 23 16 38 46 2 17 43 45 26 34 37 27 0 28 40 6 10 24 13 6 49 25 11 44 40 13 21 49 37 12 49 9 26 38 7 36 3 
20 41 47 19 13 11 13 1 38 30 34 12 10 29 1 49 45 49 33 20 28 16 14 39 43 28 0 19 22 27 46 39 24 49 27 25 32 34 6 17 11 23 10 37 29 11 39 49 5 9 
29 15 38 16 11 8 24 26 1 46 10 18 37 35 39 12 46 20 10 35 44 32 40 5 3 40 19 0 36 48 4 3 39 34 46 35 11 29 43 41 38 41 48 3 20 11 39 36 40 12 
46 13 26 36 6 22 7 1 1 26 28 15 31 19 1 1 42 34 37 38 32 38 14 10 34 6 22 36 0 7 1 49 34 17 1 6 46 21 36 36 29 39 5 22 49 21 47 2 31 37 
36 10 4 44 41 43 17 8 8 36 18 13 34 28 44 35 22 49 12 4 44 38 39 12 34 10 27 48 7 0 12 48 34 34 43 25 3 47 37 33 49 30 13 4 37 1 35 22 15 37 
31 30 10 44 28 21 43 18 30 47 5 11 35 44 46 9 4 38 13 17 19 17 44 15 20 24 46 4 1 12 0 31 15 18 32 20 6 32 1 49 18 22 16 38 12 4 21 48 29 7 
47 11 26 36 8 9 45 22 9 37 33 13 44 11 16 7 4 19 11 25 5 23 32 26 22 13 39 3 49 48 31 0 41 46 45 9 38 3 22 5 26 22 24 8 16 23 26 19 25 49 
41 26 22 36 26 22 9 46 28 4 6 6 48 2 15 47 20 46 9 19 5 22 44 29 37 6 24 39 34 34 15 41 0 18 39 6 5 18 44 22 29 2 17 22 41 23 26 31 32 12 
45 22 20 13 28 25 27 10 44 24 44 12 11 37 43 21 19 7 17 32 38 23 39 44 4 49 49 34 17 34 18 46 18 0 17 36 2 16 7 34 45 36 15 28 25 40 42 42 21 5 
42 17 3 21 41 34 18 13 29 14 9 41 45 16 29 28 21 15 28 4 4 38 22 7 34 25 27 46 1 43 32 45 39 17 0 49 20 15 10 1 29 2 13 11 24 27 5 45 22 16 
10 41 10 26 15 26 48 7 26 33 23 34 40 35 12 12 29 11 32 49 10 48 32 39 16 11 25 35 6 25 20 9 6 36 49 0 41 2 28 39 24 23 44 39 49 5 41 8 36 11 
45 44 11 26 14 34 30 9 47 23 48 8 38 42 23 30 7 28 23 33 47 45 8 10 27 44 32 11 46 3 6 38 5 2 20 41 0 5 34 31 28 17 40 4 38 3 45 26 43 17 
27 20 20 49 49 47 38 10 1 13 19 5 6 3 32 26 46 1 19 30 4 35 8 32 16 40 34 29 21 47 32 3 18 16 15 2 5 0 24 18 1 4 18 1 47 30 21 14 4 40 
18 46 36 10 40 47 24 34 31 46 36 27 27 23 40 49 5 30 8 31 29 15 42 1 37 13 6 43 36 37 1 22 44 7 10 28 34 24 0 8 34 11 23 1 30 18 8 20 32 17 
42 36 32 31 2 14 24 13 35 47 7 4 45 13 29 32 36 43 32 46 10 7 44 43 24 21 17 41 36 33 49 5 22 34 1 39 31 18 8 0 27 22 14 28 10 37 32 2 1 48 
18 24 36 18 33 6 18 9 22 37 11 30 42 40 10 8 45 43 16 41 37 36 40 22 8 49 11 38 29 49 18 26 29 45 29 24 28 1 34 27 0 29 42 34 41 10 17 36 26 19 
3 16 17 4 13 47 6 47 33 1 30 25 25 24 10 5 27 48 17 36 39 39 31 20 25 37 23 41 39 30 22 22 2 36 2 23 17 4 11 22 29 0 47 9 31 3 4 30 41 38 
12 2 45 31 41 7 27 21 15 25 20 21 34 21 2 4 25 5 26 9 22 38 23 18 26 12 10 48 5 13 16 24 17 15 13 44 40 18 23 14 42 47 0 3 11 23 45 31 31 36 
20 9 42 47 38 33 25 29 36 2 16 34 26 8 10 21 19 11 12 34 30 15 17 44 9 49 37 3 22 4 38 8 22 28 11 39 4 1 1 28 34 9 3 0 28 9 45 25 37 16 
19 46 1 25 14 34 13 9 16 18 3 23 27 21 48 42 8 37 20 13 26 25 28 43 3 9 29 20 49 37 12 16 41 25 24 49 38 47 30 10 41 31 11 28 0 38 47 46 25 14 
36 8 3 4 22 49 8 45 20 20 37 10 36 11 4 3 7 18 6 14 16 2 44 28 30 26 11 11 21 1 4 23 23 40 27 5 3 30 18 37 10 3 23 9 38 0 21 27 14 9 
43 13 35 37 28 26 21 3 1 23 32 6 29 40 37 13 20 42 27 42 43 12 32 8 25 38 39 39 47 35 21 26 26 42 5 41 45 21 8 32 17 4 45 45 47 21 0 35 5 8 
25 14 39 37 30 42 29 2 37 9 18 13 23 26 36 33 29 43 25 19 7 36 18 19 37 7 49 36 2 22 48 19 31 42 45 8 26 14 20 2 36 30 31 25 46 27 35 0 9 11 
22 44 13 23 47 49 31 36 23 15 45 34 47 45 44 29 5 37 8 18 24 28 41 18 29 36 5 40 31 15 29 25 32 21 22 36 43 4 32 1 26 41 31 37 25 14 5 9 0 42 
34 29 37 39 45 12 40 6 17 21 4 27 15 35 13 21 39 28 35 17 31 44 10 19 16 3 9 12 37 37 7 49 12 5 16 11 17 40 17 48 19 38 36 16 14 9 8 11 42 0 
