0 4 20 20 32 8 36 32 29 36 29 24 7 7 22 14 17 19 37 2 47 15 10 12 49 28 46 9 22 6 6 22 14 25 25 16 31 7 1 31 19 37 8 25 31 47 2 3 33 48 
4 0 44 48 19 29 33 48 17 23 10 27 3 46 38 48 28 8 41 10 33 34 8 44 7 47 4 29 10 22 21 47 3 10 19 14 11 46 13 19 1 30 13 17 28 16 45 15 23 4 
20 44 0 10 29 43 29 31 14 27 2 38 1 49 15 19 32 25 32 35 15 8 36 24 47 38 31 11 13 26 26 28 48 5 2 4 14 8 42 23 23 37 18 19 22 29 27 32 39 41 
20 48 10 0 37 19 3 40 2 29 18 15 7 18 45 13 23 22 33 5 49 45 38 30 43 9 45 15 31 5 2 49 42 32 40 28 44 3 2 2 28 5 31 1 40 21 41 35 35 48 
32 19 29 37 0 2 11 30 4 3 16 4 23 26 35 49 27 39 9 36 8 20 25 3 25 21 44 10 14 5 8 40 27 21 27 23 48 8 16 31 46 13 41 12 39 8 18 10 22 7 
8 29 43 19 2 0 27 13 29 43 49 38 25 30 38 17 44 21 37 7 40 45 21 11 3 27 1 34 2 24 48 46 14 3 11 8 11 48 34 32 40 44 34 21 16 11 17 33 42 33 
36 33 29 3 11 27 0 26 39 13 9 20 19 35 37 23 2 49 30 14 21 34 16 27 4 24 46 49 27 13 27 9 17 31 4 28 39 36 19 16 31 28 47 47 5 19 16 31 2 33 
32 48 31 40 30 13 26 0 46 11 37 7 48 33 21 2 20 11 38 37 38 31 11 19 18 7 49 37 40 21 19 1 29 36 41 20 48 27 2 13 12 32 38 19 47 26 29 40 2 43 
29 17 14 2 4 29 39 46 0 42 29 10 39 25 44 42 38 39 49 47 44 17 4 17 47 31 7 34 13 35 17 8 33 38 3 40 20 21 19 15 22 27 10 41 23 41 27 42 48 18 
36 23 27 29 3 43 13 11 42 0 34 20 31 2 1 28 8 33 48 41 44 11 41 23 35 7 23 8 19 28 24 42 16 3 11 6 36 42 15 48 32 17 3 18 36 42 21 1 44 38 
29 10 2 18 16 49 9 37 29 34 0 28 14 7 13 32 34 27 38 34 38 6 19 31 10 3 49 14 40 10 41 19 47 25 29 46 39 36 32 27 37 11 3 6 5 44 46 31 1 5 
24 27 38 15 4 38 20 7 10 20 28 0 5 2 29 4 40 43 23 37 21 39 31 33 13 13 26 28 18 6 8 38 36 35 17 24 8 11 26 15 17 46 40 27 22 26 4 6 21 7 
7 3 1 7 23 25 19 48 39 31 14 5 0 35 34 2 13 2 24 13 39 13 40 9 1 36 6 19 15 48 7 42 45 39 6 16 1 44 17 11 32 10 26 15 40 18 3 14 30 30 
7 46 49 18 26 30 35 33 25 2 7 2 35 0 27 35 17 34 4 20 30 18 21 20 47 18 9 31 15 21 8 31 16 4 22 30 49 5 35 6 9 20 25 35 46 27 3 7 33 23 
22 38 15 45 35 38 37 21 44 1 13 29 34 27 0 12 35 11 16 10 14 28 15 33 5 20 11 42 4 49 12 16 30 44 14 30 32 44 48 20 48 1 39 17 7 34 12 48 47 49 
14 48 19 13 49 17 23 2 42 28 32 4 2 35 12 0 16 4 32 47 48 11 16 39 2 20 48 6 34 38 19 20 18 41 25 27 36 17 5 1 3 5 16 12 18 10 35 47 48 45 
17 28 32 23 27 44 2 20 38 8 34 40 13 17 35 16 0 33 27 35 27 12 34 17 20 39 35 14 1 2 8 7 17 22 29 4 40 21 26 3 14 27 11 28 28 24 20 24 8 14 
19 8 25 22 39 21 49 11 39 33 27 43 2 34 11 4 33 0 11 26 22 25 12 20 24 23 25 42 42 45 2 4 27 34 12 45 35 43 15 25 38 35 17 41 48 28 40 48 1 42 
37 41 32 33 9 37 30 38 49 48 38 23 24 4 16 32 27 11 0 25 17 44 4 34 41 42 41 12 38 38 49 43 30 48 8 20 31 21 27 48 41 21 31 25 13 22 46 22 36 20 
2 10 35 5 36 7 14 37 47 41 34 37 13 20 10 47 35 26 25 0 47 18 38 44 1 30 34 28 14 35 38 6 28 33 26 21 10 22 38 4 2 10 46 41 16 32 21 42 35 13 
47 33 15 49 8 40 21 38 44 44 38 21 39 30 14 48 27 22 17 47 0 34 45 27 33 31 9 37 1 28 12 42 3 7 5 9 6 32 49 36 42 17 36 38 28 27 2 32 28 10 
15 34 8 45 20 45 34 31 17 11 6 39 13 18 28 11 12 25 44 18 34 0 18 45 39 41 6 32 27 4 23 11 13 15 27 14 22 17 48 4 20 12 28 34 18 10 42 5 30 32 
10 8 36 38 25 21 16 11 4 41 19 31 40 21 15 16 34 12 4 38 45 18 0 31 37 40 39 40 25 12 17 35 16 12 32 24 17 5 10 43 49 26 28 30 28 16 44 9 49 27 
12 44 24 30 3 11 27 19 17 23 31 33 9 20 33 39 17 20 34 44 27 45 31 0 44 21 22 17 49 32 1 10 23 42 7 26 32 6 27 8 43 19 5 31 35 39 11 41 13 28 
49 7 47 43 25 3 4 18 47 35 10 13 1 47 5 2 20 24 41 1 33 39 37 44 0 49 24 46 41 11 22 30 17 42 33 16 44 29 22 13 43 46 6 7 49 22 5 46 38 25 
28 47 38 9 21 27 24 7 31 7 3 13 36 18 20 20 39 23 42 30 31 41 40 21 49 0 34 9 1 25 37 4 44 46 45 41 42 46 30 6 17 27 26 46 14 24 26 29 11 39 
46 4 31 45 44 1 46 49 7 23 49 26 6 9 11 48 35 25 41 34 9 6 39 22 24 34 0 38 36 44 33 34 5 45 48 13 24 10 34 35 35 10 38 14 25 25 29 1 37 40 
9 29 11 15 10 34 49 37 34 8 14 28 19 31 42 6 14 42 12 28 37 32 40 17 46 9 38 0 12 27 37 15 37 33 37 38 34 19 30 13 45 8 18 36 26 1 49 7 46 44 
22 10 13 31 14 2 27 40 13 19 40 18 15 15 4 34 1 42 38 14 1 27 25 49 41 1 36 12 0 31 19 13 15 13 34 31 21 26 31 44 13 47 10 37 43 34 35 12 23 20 
6 22 26 5 5 24 13 21 35 28 10 6 48 21 49 38 2 45 38 35 28 4 12 32 11 25 44 27 31 0 21 37 35 1 33 17 26 14 33 21 17 36 46 16 47 41 42 34 2 20 
6 21 26 2 8 48 27 19 17 24 41 8 7 8 12 19 8 2 49 38 12 23 17 1 22 37 33 37 19 21 0 29 5 30 47 12 6 5 1 2 27 17 7 14 12 39 15 27 4 35 
22 47 28 49 40 46 9 1 8 42 19 38 42 31 16 20 7 4 43 6 42 11 35 10 30 4 34 15 13 37 29 0 31 1 35 24 24 24 2 48 37 20 1 26 37 28 22 46 5 7 
14 3 48 42 27 14 17 29 33 16 47 36 45 16 30 18 17 27 30 28 3 13 16 23 17 44 5 37 15 35 5 31 0 4 39 11 31 22 16 37 48 28 33 16 41 43 4 41 47 26 
25 10 5 32 21 3 31 36 38 3 25 35 39 4 44 41 22 34 48 33 7 15 12 42 42 46 45 33 13 1 30 1 4 0 9 27 9 35 44 39 17 29 22 44 9 35 1 23 37 49 
25 19 2 40 27 11 4 41 3 11 29 17 6 22 14 25 29 12 8 26 5 27 32 7 33 45 48 37 34 33 47 35 39 9 0 18 7 36 45 32 47 20 2 15 35 39 45 6 41 13 
16 14 4 28 23 8 28 20 40 6 46 24 16 30 30 27 4 45 20 21 9 14 24 26 16 41 13 38 31 17 12 24 11 27 18 0 1 29 32 26 27 43 46 22 10 17 28 20 23 31 
31 11 14 44 48 11 39 48 20 36 39 8 1 49 32 36 40 35 31 10 6 22 17 32 44 42 24 34 21 26 6 24 31 9 7 1 0 38 32 23 36 12 10 28 25 49 16 4 7 34 
7 46 8 3 8 48 36 27 21 42 36 11 44 5 44 17 21 43 21 22 32 17 5 6 29 46 10 19 26 14 5 24 22 35 36 29 38 0 43 14 35 49 28 28 17 1 41 9 38 35 
1 13 42 2 16 34 19 2 19 15 32 26 17 35 48 5 26 15 27 38 49 48 10 27 22 30 34 30 31 33 1 2 16 44 45 32 32 43 0 29 18 19 4 30 2 42 36 30 8 34 
31 19 23 2 31 32 16 13 15 48 27 15 11 6 20 1 3 25 48 4 36 4 43 8 13 6 35 13 44 21 2 48 37 39 32 26 23 14 29 0 40 33 29 13 2 25 1 42 36 40 
19 1 23 28 46 40 31 12 22 32 37 17 32 9 48 3 14 38 41 2 42 20 49 43 43 17 35 45 13 17 27 37 48 17 47 27 36 35 18 40 0 7 37 30 35 46 48 9 8 20 
37 30 37 5 13 44 28 32 27 17 11 46 10 20 1 5 27 35 21 10 17 12 26 19 46 27 10 8 47 36 17 20 28 29 20 43 12 49 19 33 7 0 45 23 15 36 5 5 1 44 
8 13 18 31 41 34 47 38 10 3 3 40 26 25 39 16 11 17 31 46 36 28 28 5 6 26 38 18 10 46 7 1 33 22 2 46 10 28 4 29 37 45 0 28 43 14 17 22 44 26 
25 17 19 1 12 21 47 19 41 18 6 27 15 35 17 12 28 41 25 41 38 34 30 31 7 46 14 36 37 16 14 26 16 44 15 22 28 28 30 13 30 23 28 0 43 6 6 28 42 13 
31 28 22 40 39 16 5 47 23 36 5 22 40 46 7 18 28 48 13 16 28 18 28 35 49 14 25 26 43 47 12 37 41 9 35 10 25 17 2 2 35 15 43 43 0 32 21 8 45 30 
47 16 29 21 8 11 19 26 41 42 44 26 18 27 34 10 24 28 22 32 27 10 16 39 22 24 25 1 34 41 39 28 43 35 39 17 49 1 42 25 46 36 14 6 32 0 10 43 16 43 
2 45 27 41 18 17 16 29 27 21 46 4 3 3 12 35 20 40 46 21 2 42 44 11 5 26 29 49 35 42 15 22 4 1 45 28 16 41 36 1 48 5 17 6 21 10 0 36 30 5 
3 15 32 35 10 33 31 40 42 1 31 6 14 7 48 47 24 48 22 42 32 5 9 41 46 29 1 7 12 34 27 46 41 23 6 20 4 9 30 42 9 5 22 28 8 43 36 0 45 41 
33 23 39 35 22 42 2 2 48 44 1 21 30 33 47 48 8 1 36 35 28 30 49 13 38 11 37 46 23 2 4 5 47 37 41 23 7 38 8 36 8 1 44 42 45 16 30 45 0 23 
48 4 41 48 7 33 33 43 18 38 5 7 30 23 49 45 14 42 20 13 10 32 27 28 25 39 40 44 20 20 35 7 26 49 13 31 34 35 34 40 20 44 26 13 30 43 5 41 23 0 
