0 7 18 10 13 30 7 40 4 21 11 3 2 6 49 6 4 43 10 8 6 10 45 8 45 17 48 48 21 36 45 17 25 44 7 48 24 20 34 35 4 1 2 41 7 18 5 42 46 24 
7 0 4 31 28 15 45 41 16 37 37 11 42 36 11 42 46 6 1 32 23 41 29 22 11 29 21 26 4 17 43 41 36 42 38 48 32 14 20 30 46 38 12 41 34 47 27 35 34 2 
18 4 0 40 1 3 5 20 11 5 46 11 9 36 24 31 16 4 12 2 42 36 17 15 42 48 8 44 47 39 48 40 40 19 41 28 10 44 13 4 13 4 49 6 40 4 9 27 1 44 
10 31 40 0 28 22 35 29 49 44 40 11 41 45 5 21 6 28 4 5 34 2 18 49 23 10 38 48 42 21 8 41 7 19 44 44 42 17 8 14 6 11 41 4 28 16 49 17 32 43 
13 28 1 28 0 47 10 48 32 24 13 16 32 41 4 47 20 29 38 19 32 23 33 37 24 44 33 41 10 47 16 4 21 26 11 2 49 13 42 17 16 8 20 15 44 3 48 21 18 42 
30 15 3 22 47 0 22 45 3 5 40 10 18 18 48 47 20 35 9 49 30 16 1 35 33 9 27 44 30 12 30 29 28 28 12 38 3 41 14 2 7 37 2 49 6 34 43 29 3 35 
7 45 5 35 10 22 0 30 43 49 1 28 37 16 48 45 49 43 1 5 23 49 37 39 1 9 26 29 2 15 30 35 23 12 9 13 16 20 33 27 4 36 4 2 18 3 27 4 9 25 
40 41 20 29 48 45 30 0 3 39 10 42 39 31 36 27 21 35 41 28 35 5 17 8 8 31 11 38 49 18 16 18 29 34 20 38 21 1 47 38 5 10 41 43 2 37 2 24 40 12 
4 16 11 49 32 3 43 3 0 11 43 39 44 23 49 8 46 4 3 2 18 42 41 8 36 21 41 20 35 32 29 28 11 19 49 22 5 42 34 8 43 34 34 3 28 2 48 46 33 12 
21 37 5 44 24 5 49 39 11 0 24 44 18 36 34 36 4 31 20 35 16 10 1 16 5 10 19 13 47 18 38 16 41 23 49 11 40 40 49 39 32 27 41 12 46 18 37 40 11 16 
11 37 46 40 13 40 1 10 43 24 0 47 2 29 37 8 43 39 42 47 42 40 25 36 16 40 32 34 9 31 35 42 48 18 16 13 7 20 1 45 8 1 5 43 12 6 40 19 45 16 
3 11 11 11 16 10 28 42 39 44 47 0 42 40 25 42 40 48 7 3 34 9 44 35 20 48 18 37 40 37 44 36 38 8 28 22 7 32 28 20 47 46 46 15 14 31 34 41 7 30 
2 42 9 41 32 18 37 39 44 18 2 42 0 35 21 8 26 40 30 48 7 18 46 8 43 25 5 8 29 41 31 18 24 9 39 37 46 26 19 20 48 17 3 47 16 3 19 14 49 11 
6 36 36 45 41 18 16 31 23 36 29 40 35 0 7 38 14 14 43 18 3 33 5 49 10 32 29 29 23 18 15 6 38 10 17 44 4 8 17 38 47 16 13 37 22 19 6 2 8 6 
49 11 24 5 4 48 48 36 49 34 37 25 21 7 0 47 34 14 37 23 36 24 11 21 35 17 40 47 9 21 27 33 17 7 45 21 43 29 41 21 12 45 9 13 10 27 24 18 2 39 
6 42 31 21 47 47 45 27 8 36 8 42 8 38 47 0 13 34 19 49 40 42 38 40 4 46 8 47 5 3 39 45 30 25 30 47 9 16 33 47 26 34 9 28 3 3 1 41 43 34 
4 46 16 6 20 20 49 21 46 4 43 40 26 14 34 13 0 11 30 16 12 38 5 21 24 37 6 22 29 20 47 47 15 41 40 23 11 28 16 5 9 28 7 11 21 40 4 13 42 13 
43 6 4 28 29 35 43 35 4 31 39 48 40 14 14 34 11 0 45 36 32 29 5 28 30 44 23 21 12 17 24 39 7 41 9 13 3 33 22 41 41 18 20 25 37 21 11 25 6 21 
10 1 12 4 38 9 1 41 3 20 42 7 30 43 37 19 30 45 0 29 34 19 9 16 21 3 35 6 10 49 14 35 39 47 44 9 30 41 30 39 49 16 30 25 7 6 28 33 46 1 
8 32 2 5 19 49 5 28 2 35 47 3 48 18 23 49 16 36 29 0 7 5 8 23 39 36 39 2 19 26 41 8 29 42 37 8 31 16 24 6 18 20 39 42 16 11 25 1 25 1 
6 23 42 34 32 30 23 35 18 16 42 34 7 3 36 40 12 32 34 7 0 29 15 40 15 44 4 12 3 46 13 5 34 36 4 45 43 10 9 10 16 40 17 39 45 31 34 25 34 18 
10 41 36 2 23 16 49 5 42 10 40 9 18 33 24 42 38 29 19 5 29 0 48 28 43 20 3 38 46 34 15 45 13 8 1 8 8 42 29 16 5 14 26 39 28 49 44 42 25 21 
45 29 17 18 33 1 37 17 41 1 25 44 46 5 11 38 5 5 9 8 15 48 0 18 33 14 6 37 7 49 28 4 18 30 24 2 34 41 36 23 6 6 32 33 41 43 27 29 26 41 
8 22 15 49 37 35 39 8 8 16 36 35 8 49 21 40 21 28 16 23 40 28 18 0 30 33 40 33 11 20 16 29 32 27 7 36 5 36 6 37 6 35 44 38 21 8 14 48 34 15 
45 11 42 23 24 33 1 8 36 5 16 20 43 10 35 4 24 30 21 39 15 43 33 30 0 45 1 30 13 47 29 38 17 15 24 17 35 29 46 31 36 27 13 12 32 47 16 26 49 13 
17 29 48 10 44 9 9 31 21 10 40 48 25 32 17 46 37 44 3 36 44 20 14 33 45 0 29 40 32 21 40 48 14 34 6 25 39 21 48 44 15 48 47 36 20 48 13 12 10 1 
48 21 8 38 33 27 26 11 41 19 32 18 5 29 40 8 6 23 35 39 4 3 6 40 1 29 0 7 23 42 1 12 38 44 25 16 13 44 3 45 29 16 6 45 6 22 8 27 3 25 
48 26 44 48 41 44 29 38 20 13 34 37 8 29 47 47 22 21 6 2 12 38 37 33 30 40 7 0 21 2 18 32 37 46 17 7 18 32 12 46 4 40 42 13 27 37 44 38 44 12 
21 4 47 42 10 30 2 49 35 47 9 40 29 23 9 5 29 12 10 19 3 46 7 11 13 32 23 21 0 43 17 10 12 40 31 11 17 40 15 39 47 49 35 1 6 32 34 43 39 36 
36 17 39 21 47 12 15 18 32 18 31 37 41 18 21 3 20 17 49 26 46 34 49 20 47 21 42 2 43 0 33 41 25 7 23 17 25 32 1 23 42 39 34 21 27 3 5 11 42 30 
45 43 48 8 16 30 30 16 29 38 35 44 31 15 27 39 47 24 14 41 13 15 28 16 29 40 1 18 17 33 0 26 2 36 4 7 36 28 23 5 6 49 21 32 32 49 18 23 10 19 
17 41 40 41 4 29 35 18 28 16 42 36 18 6 33 45 47 39 35 8 5 45 4 29 38 48 12 32 10 41 26 0 27 42 5 15 15 31 22 48 37 16 48 4 35 35 1 3 42 26 
25 36 40 7 21 28 23 29 11 41 48 38 24 38 17 30 15 7 39 29 34 13 18 32 17 14 38 37 12 25 2 27 0 45 1 1 36 26 16 26 25 17 44 14 25 16 25 43 31 2 
44 42 19 19 26 28 12 34 19 23 18 8 9 10 7 25 41 41 47 42 36 8 30 27 15 34 44 46 40 7 36 42 45 0 46 3 46 40 7 27 16 45 38 36 29 39 9 47 39 2 
7 38 41 44 11 12 9 20 49 49 16 28 39 17 45 30 40 9 44 37 4 1 24 7 24 6 25 17 31 23 4 5 1 46 0 43 12 11 2 7 9 19 24 23 9 36 2 20 17 43 
48 48 28 44 2 38 13 38 22 11 13 22 37 44 21 47 23 13 9 8 45 8 2 36 17 25 16 7 11 17 7 15 1 3 43 0 47 19 19 13 38 2 17 7 9 22 5 32 11 32 
24 32 10 42 49 3 16 21 5 40 7 7 46 4 43 9 11 3 30 31 43 8 34 5 35 39 13 18 17 25 36 15 36 46 12 47 0 15 3 28 37 46 27 14 16 44 47 8 23 3 
20 14 44 17 13 41 20 1 42 40 20 32 26 8 29 16 28 33 41 16 10 42 41 36 29 21 44 32 40 32 28 31 26 40 11 19 15 0 19 14 36 36 31 25 15 8 18 24 29 4 
34 20 13 8 42 14 33 47 34 49 1 28 19 17 41 33 16 22 30 24 9 29 36 6 46 48 3 12 15 1 23 22 16 7 2 19 3 19 0 1 25 9 4 49 12 35 7 14 20 36 
35 30 4 14 17 2 27 38 8 39 45 20 20 38 21 47 5 41 39 6 10 16 23 37 31 44 45 46 39 23 5 48 26 27 7 13 28 14 1 0 37 26 28 29 27 17 38 41 38 19 
4 46 13 6 16 7 4 5 43 32 8 47 48 47 12 26 9 41 49 18 16 5 6 6 36 15 29 4 47 42 6 37 25 16 9 38 37 36 25 37 0 9 48 48 41 23 15 22 13 33 
1 38 4 11 8 37 36 10 34 27 1 46 17 16 45 34 28 18 16 20 40 14 6 35 27 48 16 40 49 39 49 16 17 45 19 2 46 36 9 26 9 0 41 48 46 11 8 41 15 18 
2 12 49 41 20 2 4 41 34 41 5 46 3 13 9 9 7 20 30 39 17 26 32 44 13 47 6 42 35 34 21 48 44 38 24 17 27 31 4 28 48 41 0 26 8 23 49 10 47 24 
41 41 6 4 15 49 2 43 3 12 43 15 47 37 13 28 11 25 25 42 39 39 33 38 12 36 45 13 1 21 32 4 14 36 23 7 14 25 49 29 48 48 26 0 15 18 18 48 27 33 
7 34 40 28 44 6 18 2 28 46 12 14 16 22 10 3 21 37 7 16 45 28 41 21 32 20 6 27 6 27 32 35 25 29 9 9 16 15 12 27 41 46 8 15 0 49 19 17 6 4 
18 47 4 16 3 34 3 37 2 18 6 31 3 19 27 3 40 21 6 11 31 49 43 8 47 48 22 37 32 3 49 35 16 39 36 22 44 8 35 17 23 11 23 18 49 0 37 27 49 47 
5 27 9 49 48 43 27 2 48 37 40 34 19 6 24 1 4 11 28 25 34 44 27 14 16 13 8 44 34 5 18 1 25 9 2 5 47 18 7 38 15 8 49 18 19 37 0 40 16 37 
42 35 27 17 21 29 4 24 46 40 19 41 14 2 18 41 13 25 33 1 25 42 29 48 26 12 27 38 43 11 23 3 43 47 20 32 8 24 14 41 22 41 10 48 17 27 40 0 12 14 
46 34 1 32 18 3 9 40 33 11 45 7 49 8 2 43 42 6 46 25 34 25 26 34 49 10 3 44 39 42 10 42 31 39 17 11 23 29 20 38 13 15 47 27 6 49 16 12 0 45 
24 2 44 43 42 35 25 12 12 16 16 30 11 6 39 34 13 21 1 1 18 21 41 15 13 1 25 12 36 30 19 26 2 2 43 32 3 4 36 19 33 18 24 33 4 47 37 14 45 0 
