0 25 32 32 1 13 20 45 31 29 29 16 46 34 20 22 11 41 2 4 34 23 10 3 49 31 11 2 24 26 49 44 8 11 25 18 33 16 25 46 24 47 8 13 8 43 31 48 24 15 
25 0 24 40 26 29 25 31 33 23 38 6 13 23 36 39 3 24 48 8 15 9 21 42 35 25 1 11 40 18 1 33 33 4 11 4 39 47 29 11 16 8 8 34 22 9 32 47 2 31 
32 24 0 17 15 3 6 26 31 42 41 39 46 17 2 14 37 33 29 10 28 20 3 3 2 43 21 41 16 27 41 13 34 40 29 18 39 13 21 37 36 47 5 25 34 47 47 47 38 27 
32 40 17 0 44 4 2 35 32 5 3 20 10 28 36 37 18 28 17 20 24 4 12 42 13 45 17 33 34 34 41 17 29 6 23 41 40 26 49 31 29 39 25 16 17 47 20 15 40 16 
1 26 15 44 0 32 48 13 18 5 11 31 6 36 34 47 13 41 22 15 49 28 32 16 28 34 46 30 10 36 39 10 19 1 9 36 44 31 20 42 21 20 20 12 49 18 17 33 1 17 
13 29 3 4 32 0 44 5 2 24 19 47 25 13 1 36 34 43 32 20 3 47 4 39 1 36 21 37 32 13 19 9 35 40 10 9 35 4 18 1 8 43 1 35 16 3 21 31 1 31 
20 25 6 2 48 44 0 34 26 24 7 34 6 46 16 5 7 33 43 39 21 14 22 22 19 43 39 12 29 39 34 9 12 24 6 40 37 21 22 39 39 10 31 16 14 23 13 29 46 31 
45 31 26 35 13 5 34 0 22 5 17 40 31 41 40 28 15 45 43 25 2 6 12 25 6 12 18 26 46 27 33 45 13 5 36 30 17 44 33 48 38 12 49 17 40 17 2 49 40 48 
31 33 31 32 18 2 26 22 0 16 26 5 33 44 47 44 15 20 39 22 41 31 33 21 35 11 18 15 41 48 15 7 33 6 1 20 8 1 37 17 22 16 42 3 43 2 4 25 37 17 
29 23 42 5 5 24 24 5 16 0 23 45 34 16 1 48 15 15 31 48 30 5 17 29 10 47 48 7 46 43 7 24 18 12 5 3 39 23 4 40 21 39 33 2 20 20 16 30 39 43 
29 38 41 3 11 19 7 17 26 23 0 11 17 3 19 28 43 23 33 45 27 43 44 31 49 15 12 29 15 14 44 29 32 7 34 22 37 25 27 33 25 21 41 32 39 46 19 17 10 49 
16 6 39 20 31 47 34 40 5 45 11 0 14 4 24 39 6 20 35 28 20 27 35 2 7 14 45 46 42 41 42 46 18 12 40 48 13 16 25 48 1 8 2 37 49 8 11 48 24 39 
46 13 46 10 6 25 6 31 33 34 17 14 0 1 6 40 13 6 23 7 16 25 41 24 27 15 32 31 43 24 5 29 11 12 35 43 8 6 4 23 43 18 6 27 20 39 5 48 47 16 
34 23 17 28 36 13 46 41 44 16 3 4 1 0 14 43 31 41 14 27 8 15 31 44 44 30 39 7 41 8 11 28 7 19 35 26 20 14 46 23 16 13 14 32 10 27 17 9 14 27 
20 36 2 36 34 1 16 40 47 1 19 24 6 14 0 2 13 25 15 42 25 39 14 11 6 42 18 32 25 20 6 9 10 21 4 26 10 25 23 14 15 34 5 46 46 38 27 12 18 13 
22 39 14 37 47 36 5 28 44 48 28 39 40 43 2 0 31 17 35 33 22 37 2 45 47 18 47 1 12 18 31 23 23 12 2 14 28 33 15 6 2 7 32 26 29 16 6 34 23 6 
11 3 37 18 13 34 7 15 15 15 43 6 13 31 13 31 0 42 32 33 5 30 26 23 33 38 44 38 32 41 18 5 40 11 35 27 33 5 36 5 33 32 33 14 45 43 46 29 26 29 
41 24 33 28 41 43 33 45 20 15 23 20 6 41 25 17 42 0 36 9 5 11 1 49 26 30 17 33 22 41 22 16 17 32 37 41 9 41 5 2 16 12 30 42 29 46 15 6 19 14 
2 48 29 17 22 32 43 43 39 31 33 35 23 14 15 35 32 36 0 14 30 9 40 22 40 46 3 26 37 10 29 10 26 26 2 22 6 25 40 15 28 31 31 23 25 23 22 38 38 18 
4 8 10 20 15 20 39 25 22 48 45 28 7 27 42 33 33 9 14 0 16 9 1 34 11 44 33 8 21 43 18 38 12 32 10 43 33 39 33 26 6 9 10 25 47 25 26 39 4 5 
34 15 28 24 49 3 21 2 41 30 27 20 16 8 25 22 5 5 30 16 0 43 38 14 17 21 37 11 6 36 12 17 8 32 10 35 10 45 8 3 42 16 6 47 28 37 1 40 28 15 
23 9 20 4 28 47 14 6 31 5 43 27 25 15 39 37 30 11 9 9 43 0 29 41 45 39 37 5 10 25 23 29 23 27 30 41 2 1 43 24 20 6 29 3 22 33 44 28 2 24 
10 21 3 12 32 4 22 12 33 17 44 35 41 31 14 2 26 1 40 1 38 29 0 45 18 49 47 10 38 48 14 26 13 38 6 33 46 49 41 16 44 42 6 31 38 6 5 4 39 43 
3 42 3 42 16 39 22 25 21 29 31 2 24 44 11 45 23 49 22 34 14 41 45 0 46 49 29 37 43 41 1 16 2 38 31 36 9 11 14 49 7 22 45 27 21 44 8 49 25 33 
49 35 2 13 28 1 19 6 35 10 49 7 27 44 6 47 33 26 40 11 17 45 18 46 0 17 27 5 42 10 15 8 35 31 1 17 13 14 42 35 6 8 31 49 38 19 45 43 6 49 
31 25 43 45 34 36 43 12 11 47 15 14 15 30 42 18 38 30 46 44 21 39 49 49 17 0 5 38 26 11 23 41 26 11 42 4 40 23 10 33 2 24 17 29 41 44 5 47 15 35 
11 1 21 17 46 21 39 18 18 48 12 45 32 39 18 47 44 17 3 33 37 37 47 29 27 5 0 35 48 6 22 24 28 45 28 36 48 19 29 25 21 11 37 17 36 3 41 32 29 36 
2 11 41 33 30 37 12 26 15 7 29 46 31 7 32 1 38 33 26 8 11 5 10 37 5 38 35 0 15 38 22 36 42 37 15 44 3 36 9 43 25 7 44 6 23 40 45 15 28 9 
24 40 16 34 10 32 29 46 41 46 15 42 43 41 25 12 32 22 37 21 6 10 38 43 42 26 48 15 0 12 19 12 29 41 40 28 10 20 17 32 33 49 31 29 48 41 38 22 22 27 
26 18 27 34 36 13 39 27 48 43 14 41 24 8 20 18 41 41 10 43 36 25 48 41 10 11 6 38 12 0 33 24 4 6 35 45 35 6 26 43 31 13 37 39 6 19 12 16 39 8 
49 1 41 41 39 19 34 33 15 7 44 42 5 11 6 31 18 22 29 18 12 23 14 1 15 23 22 22 19 33 0 37 2 26 43 6 49 14 21 37 24 22 7 11 7 9 16 23 41 3 
44 33 13 17 10 9 9 45 7 24 29 46 29 28 9 23 5 16 10 38 17 29 26 16 8 41 24 36 12 24 37 0 44 44 23 2 41 6 32 1 42 48 49 45 7 14 31 5 41 16 
8 33 34 29 19 35 12 13 33 18 32 18 11 7 10 23 40 17 26 12 8 23 13 2 35 26 28 42 29 4 2 44 0 25 48 44 32 16 43 43 6 20 15 13 8 20 22 21 27 40 
11 4 40 6 1 40 24 5 6 12 7 12 12 19 21 12 11 32 26 32 32 27 38 38 31 11 45 37 41 6 26 44 25 0 45 13 20 33 29 3 28 44 10 45 30 31 27 28 27 19 
25 11 29 23 9 10 6 36 1 5 34 40 35 35 4 2 35 37 2 10 10 30 6 31 1 42 28 15 40 35 43 23 48 45 0 28 1 48 44 17 41 44 37 11 42 7 23 17 36 6 
18 4 18 41 36 9 40 30 20 3 22 48 43 26 26 14 27 41 22 43 35 41 33 36 17 4 36 44 28 45 6 2 44 13 28 0 18 36 27 30 6 27 34 18 31 39 9 4 9 6 
33 39 39 40 44 35 37 17 8 39 37 13 8 20 10 28 33 9 6 33 10 2 46 9 13 40 48 3 10 35 49 41 32 20 1 18 0 41 44 18 8 40 8 9 22 39 25 32 40 42 
16 47 13 26 31 4 21 44 1 23 25 16 6 14 25 33 5 41 25 39 45 1 49 11 14 23 19 36 20 6 14 6 16 33 48 36 41 0 30 18 12 12 12 3 20 4 29 44 17 26 
25 29 21 49 20 18 22 33 37 4 27 25 4 46 23 15 36 5 40 33 8 43 41 14 42 10 29 9 17 26 21 32 43 29 44 27 44 30 0 8 26 35 35 40 15 33 32 1 9 6 
46 11 37 31 42 1 39 48 17 40 33 48 23 23 14 6 5 2 15 26 3 24 16 49 35 33 25 43 32 43 37 1 43 3 17 30 18 18 8 0 39 43 20 46 46 14 37 38 37 26 
24 16 36 29 21 8 39 38 22 21 25 1 43 16 15 2 33 16 28 6 42 20 44 7 6 2 21 25 33 31 24 42 6 28 41 6 8 12 26 39 0 21 32 41 6 45 5 2 4 24 
47 8 47 39 20 43 10 12 16 39 21 8 18 13 34 7 32 12 31 9 16 6 42 22 8 24 11 7 49 13 22 48 20 44 44 27 40 12 35 43 21 0 19 2 33 44 11 3 6 23 
8 8 5 25 20 1 31 49 42 33 41 2 6 14 5 32 33 30 31 10 6 29 6 45 31 17 37 44 31 37 7 49 15 10 37 34 8 12 35 20 32 19 0 42 6 16 43 44 36 21 
13 34 25 16 12 35 16 17 3 2 32 37 27 32 46 26 14 42 23 25 47 3 31 27 49 29 17 6 29 39 11 45 13 45 11 18 9 3 40 46 41 2 42 0 44 8 28 25 42 26 
8 22 34 17 49 16 14 40 43 20 39 49 20 10 46 29 45 29 25 47 28 22 38 21 38 41 36 23 48 6 7 7 8 30 42 31 22 20 15 46 6 33 6 44 0 3 4 39 5 24 
43 9 47 47 18 3 23 17 2 20 46 8 39 27 38 16 43 46 23 25 37 33 6 44 19 44 3 40 41 19 9 14 20 31 7 39 39 4 33 14 45 44 16 8 3 0 28 2 1 3 
31 32 47 20 17 21 13 2 4 16 19 11 5 17 27 6 46 15 22 26 1 44 5 8 45 5 41 45 38 12 16 31 22 27 23 9 25 29 32 37 5 11 43 28 4 28 0 30 41 9 
48 47 47 15 33 31 29 49 25 30 17 48 48 9 12 34 29 6 38 39 40 28 4 49 43 47 32 15 22 16 23 5 21 28 17 4 32 44 1 38 2 3 44 25 39 2 30 0 33 31 
24 2 38 40 1 1 46 40 37 39 10 24 47 14 18 23 26 19 38 4 28 2 39 25 6 15 29 28 22 39 41 41 27 27 36 9 40 17 9 37 4 6 36 42 5 1 41 33 0 43 
15 31 27 16 17 31 31 48 17 43 49 39 16 27 13 6 29 14 18 5 15 24 43 33 49 35 36 9 27 8 3 16 40 19 6 6 42 26 6 26 24 23 21 26 24 3 9 31 43 0 
