0 18 28 40 45 40 40 26 47 30 13 37 40 18 28 33 3 46 28 11 9 34 19 44 42 32 15 47 11 39 18 8 4 45 16 26 27 33 21 32 44 32 8 35 17 18 2 42 14 29 
18 0 13 17 6 28 45 23 14 41 32 21 38 19 47 7 20 13 21 31 11 35 16 21 41 16 4 12 11 24 6 32 21 46 31 48 27 11 20 3 21 15 10 6 35 49 25 49 9 38 
28 13 0 47 8 33 5 14 1 4 46 25 22 21 40 36 46 17 17 17 32 21 5 29 36 32 29 13 21 32 17 27 33 42 10 23 37 32 27 40 31 13 5 5 14 26 33 47 8 41 
40 17 47 0 49 39 21 18 4 18 26 38 31 19 41 49 45 34 22 23 41 30 12 30 39 6 10 46 29 37 8 12 42 38 24 10 45 20 31 9 31 4 49 21 44 5 12 44 26 48 
45 6 8 49 0 43 35 27 36 6 46 48 1 3 42 14 12 38 45 4 7 16 44 32 45 12 27 15 43 29 11 9 36 21 2 27 44 27 28 47 6 45 46 1 7 6 3 15 29 44 
40 28 33 39 43 0 36 23 1 26 26 10 28 30 3 1 25 35 14 36 26 38 7 4 30 46 8 10 42 43 9 12 5 17 29 49 20 18 4 32 32 30 29 22 19 24 24 6 27 23 
40 45 5 21 35 36 0 38 10 10 13 43 14 16 12 8 33 4 39 11 30 17 32 21 4 48 24 5 37 14 29 11 5 46 21 26 27 38 16 8 18 45 4 36 27 7 42 47 17 38 
26 23 14 18 27 23 38 0 35 26 28 15 17 9 34 33 34 41 36 23 35 43 46 36 17 48 5 48 48 42 31 31 46 12 14 46 10 26 11 11 24 15 13 16 16 35 47 41 6 19 
47 14 1 4 36 1 10 35 0 37 14 41 6 1 31 34 41 18 17 25 25 4 46 3 26 20 24 22 45 13 49 7 42 37 18 1 46 16 25 9 20 5 35 28 8 38 11 8 20 17 
30 41 4 18 6 26 10 26 37 0 45 20 8 44 34 20 1 3 25 26 27 26 43 2 34 42 24 18 27 45 18 42 13 5 22 40 15 6 25 19 21 48 8 27 7 30 5 48 15 43 
13 32 46 26 46 26 13 28 14 45 0 4 15 38 40 24 5 15 45 37 6 35 32 18 34 32 41 49 1 16 6 2 44 22 40 23 25 9 2 15 49 11 22 11 41 18 41 43 26 1 
37 21 25 38 48 10 43 15 41 20 4 0 37 9 45 25 35 15 45 21 45 41 46 1 9 47 6 34 38 18 9 5 7 13 7 21 22 10 26 17 38 31 16 16 39 44 34 18 9 43 
40 38 22 31 1 28 14 17 6 8 15 37 0 4 39 37 18 41 40 41 26 9 36 12 21 49 40 11 36 31 30 8 34 6 10 20 26 12 3 6 45 11 45 45 34 41 25 44 4 3 
18 19 21 19 3 30 16 9 1 44 38 9 4 0 29 2 5 14 38 11 40 18 12 46 27 24 27 42 29 11 46 21 47 5 37 27 45 18 29 44 36 30 3 39 33 43 17 38 45 36 
28 47 40 41 42 3 12 34 31 34 40 45 39 29 0 13 39 5 28 18 45 25 36 20 39 27 27 26 20 12 7 12 18 47 34 6 27 18 43 20 21 5 45 18 9 33 30 28 21 4 
33 7 36 49 14 1 8 33 34 20 24 25 37 2 13 0 41 44 27 15 38 17 35 9 16 14 19 17 33 47 24 15 43 30 23 34 37 19 36 20 12 10 24 28 2 20 6 12 25 10 
3 20 46 45 12 25 33 34 41 1 5 35 18 5 39 41 0 13 34 3 13 22 33 46 23 2 33 29 17 3 27 4 35 12 7 47 36 37 41 14 40 23 27 6 23 6 42 6 46 33 
46 13 17 34 38 35 4 41 18 3 15 15 41 14 5 44 13 0 47 30 24 13 6 21 34 12 24 31 33 9 11 29 39 22 36 20 22 2 31 34 31 44 37 33 30 45 49 37 25 31 
28 21 17 22 45 14 39 36 17 25 45 45 40 38 28 27 34 47 0 29 32 3 9 42 43 4 47 13 43 20 44 43 41 27 29 2 24 1 15 40 31 39 28 45 29 29 36 30 7 12 
11 31 17 23 4 36 11 23 25 26 37 21 41 11 18 15 3 30 29 0 32 46 48 33 42 32 5 9 5 13 14 27 43 20 30 12 28 18 18 35 48 46 47 31 21 29 6 36 13 7 
9 11 32 41 7 26 30 35 25 27 6 45 26 40 45 38 13 24 32 32 0 22 31 45 45 26 24 36 38 44 19 40 49 12 29 30 43 36 42 37 46 23 4 25 11 21 16 5 7 8 
34 35 21 30 16 38 17 43 4 26 35 41 9 18 25 17 22 13 3 46 22 0 18 37 45 21 13 8 2 6 11 46 15 36 45 43 46 18 33 40 43 16 4 34 21 22 33 26 47 46 
19 16 5 12 44 7 32 46 46 43 32 46 36 12 36 35 33 6 9 48 31 18 0 32 34 14 12 15 29 43 39 23 20 49 17 9 22 11 40 47 29 31 46 23 4 30 46 14 36 19 
44 21 29 30 32 4 21 36 3 2 18 1 12 46 20 9 46 21 42 33 45 37 32 0 46 47 5 43 23 1 46 36 18 25 22 34 14 4 8 47 39 34 32 19 1 48 26 12 41 12 
42 41 36 39 45 30 4 17 26 34 34 9 21 27 39 16 23 34 43 42 45 45 34 46 0 7 10 30 30 40 49 44 26 37 10 34 30 43 19 44 26 31 40 37 24 24 33 38 10 4 
32 16 32 6 12 46 48 48 20 42 32 47 49 24 27 14 2 12 4 32 26 21 14 47 7 0 37 6 16 13 20 3 15 19 27 8 21 10 41 21 31 37 18 36 47 20 31 46 6 18 
15 4 29 10 27 8 24 5 24 24 41 6 40 27 27 19 33 24 47 5 24 13 12 5 10 37 0 24 30 11 35 7 40 32 34 4 7 3 19 9 19 6 3 43 30 34 20 12 40 2 
47 12 13 46 15 10 5 48 22 18 49 34 11 42 26 17 29 31 13 9 36 8 15 43 30 6 24 0 8 4 22 3 41 35 20 11 43 34 25 37 42 28 45 35 35 37 32 14 10 18 
11 11 21 29 43 42 37 48 45 27 1 38 36 29 20 33 17 33 43 5 38 2 29 23 30 16 30 8 0 40 17 37 21 12 35 20 12 29 46 21 5 24 2 49 32 12 30 35 6 46 
39 24 32 37 29 43 14 42 13 45 16 18 31 11 12 47 3 9 20 13 44 6 43 1 40 13 11 4 40 0 46 25 17 25 44 38 11 44 23 43 23 25 6 18 6 36 21 48 21 14 
18 6 17 8 11 9 29 31 49 18 6 9 30 46 7 24 27 11 44 14 19 11 39 46 49 20 35 22 17 46 0 39 6 25 26 22 28 33 13 1 24 19 46 31 34 36 6 23 24 4 
8 32 27 12 9 12 11 31 7 42 2 5 8 21 12 15 4 29 43 27 40 46 23 36 44 3 7 3 37 25 39 0 28 10 4 5 21 6 11 32 24 48 13 38 30 1 15 30 16 49 
4 21 33 42 36 5 5 46 42 13 44 7 34 47 18 43 35 39 41 43 49 15 20 18 26 15 40 41 21 17 6 28 0 6 31 7 37 47 24 12 7 34 40 37 2 8 39 41 42 35 
45 46 42 38 21 17 46 12 37 5 22 13 6 5 47 30 12 22 27 20 12 36 49 25 37 19 32 35 12 25 25 10 6 0 35 44 5 1 30 22 9 44 14 8 24 41 15 41 41 7 
16 31 10 24 2 29 21 14 18 22 40 7 10 37 34 23 7 36 29 30 29 45 17 22 10 27 34 20 35 44 26 4 31 35 0 41 2 10 18 46 38 23 5 44 36 14 35 44 21 2 
26 48 23 10 27 49 26 46 1 40 23 21 20 27 6 34 47 20 2 12 30 43 9 34 34 8 4 11 20 38 22 5 7 44 41 0 21 4 48 17 36 7 48 39 27 42 49 18 2 29 
27 27 37 45 44 20 27 10 46 15 25 22 26 45 27 37 36 22 24 28 43 46 22 14 30 21 7 43 12 11 28 21 37 5 2 21 0 45 18 7 16 20 19 37 11 31 48 39 44 10 
33 11 32 20 27 18 38 26 16 6 9 10 12 18 18 19 37 2 1 18 36 18 11 4 43 10 3 34 29 44 33 6 47 1 10 4 45 0 9 37 16 27 12 41 23 28 40 49 15 31 
21 20 27 31 28 4 16 11 25 25 2 26 3 29 43 36 41 31 15 18 42 33 40 8 19 41 19 25 46 23 13 11 24 30 18 48 18 9 0 22 46 7 15 48 20 40 3 43 19 44 
32 3 40 9 47 32 8 11 9 19 15 17 6 44 20 20 14 34 40 35 37 40 47 47 44 21 9 37 21 43 1 32 12 22 46 17 7 37 22 0 49 21 19 23 16 30 27 23 32 9 
44 21 31 31 6 32 18 24 20 21 49 38 45 36 21 12 40 31 31 48 46 43 29 39 26 31 19 42 5 23 24 24 7 9 38 36 16 16 46 49 0 14 42 24 40 39 24 46 28 48 
32 15 13 4 45 30 45 15 5 48 11 31 11 30 5 10 23 44 39 46 23 16 31 34 31 37 6 28 24 25 19 48 34 44 23 7 20 27 7 21 14 0 33 46 29 36 15 42 28 2 
8 10 5 49 46 29 4 13 35 8 22 16 45 3 45 24 27 37 28 47 4 4 46 32 40 18 3 45 2 6 46 13 40 14 5 48 19 12 15 19 42 33 0 12 33 42 32 4 39 48 
35 6 5 21 1 22 36 16 28 27 11 16 45 39 18 28 6 33 45 31 25 34 23 19 37 36 43 35 49 18 31 38 37 8 44 39 37 41 48 23 24 46 12 0 15 4 4 28 15 39 
17 35 14 44 7 19 27 16 8 7 41 39 34 33 9 2 23 30 29 21 11 21 4 1 24 47 30 35 32 6 34 30 2 24 36 27 11 23 20 16 40 29 33 15 0 37 35 5 46 43 
18 49 26 5 6 24 7 35 38 30 18 44 41 43 33 20 6 45 29 29 21 22 30 48 24 20 34 37 12 36 36 1 8 41 14 42 31 28 40 30 39 36 42 4 37 0 6 49 47 9 
2 25 33 12 3 24 42 47 11 5 41 34 25 17 30 6 42 49 36 6 16 33 46 26 33 31 20 32 30 21 6 15 39 15 35 49 48 40 3 27 24 15 32 4 35 6 0 43 22 11 
42 49 47 44 15 6 47 41 8 48 43 18 44 38 28 12 6 37 30 36 5 26 14 12 38 46 12 14 35 48 23 30 41 41 44 18 39 49 43 23 46 42 4 28 5 49 43 0 40 34 
14 9 8 26 29 27 17 6 20 15 26 9 4 45 21 25 46 25 7 13 7 47 36 41 10 6 40 10 6 21 24 16 42 41 21 2 44 15 19 32 28 28 39 15 46 47 22 40 0 43 
29 38 41 48 44 23 38 19 17 43 1 43 3 36 4 10 33 31 12 7 8 46 19 12 4 18 2 18 46 14 4 49 35 7 2 29 10 31 44 9 48 2 48 39 43 9 11 34 43 0 
