0 43 48 37 47 35 44 8 24 33 26 31 13 39 48 13 34 21 12 11 32 42 47 36 41 19 13 14 29 18 26 46 16 16 26 38 27 18 20 15 39 25 12 41 43 41 15 33 34 1 
43 0 45 28 22 35 47 31 10 25 9 35 47 28 20 30 36 20 31 11 39 22 41 7 43 10 4 18 42 33 29 19 31 13 26 4 17 25 5 2 6 8 35 6 26 44 32 37 20 47 
48 45 0 49 16 12 15 47 29 19 8 7 10 23 41 44 17 11 28 32 17 22 33 19 21 25 12 41 41 14 19 32 41 13 26 7 29 19 44 10 24 14 33 5 33 30 39 21 17 2 
37 28 49 0 31 26 36 20 7 8 6 32 37 31 28 45 41 24 1 5 3 18 25 46 10 42 3 43 3 42 16 3 2 40 8 49 26 1 48 46 22 27 31 33 21 43 29 45 5 19 
47 22 16 31 0 26 7 29 28 26 8 47 20 13 29 43 16 38 31 11 13 37 12 20 9 37 25 27 1 19 16 8 49 6 37 9 15 48 28 33 45 3 49 12 25 9 28 2 28 32 
35 35 12 26 26 0 39 48 12 27 3 7 26 17 37 29 47 46 1 34 43 11 33 23 7 41 39 24 21 38 17 38 35 7 6 36 26 37 39 11 44 27 4 16 42 23 4 9 49 37 
44 47 15 36 7 39 0 1 19 25 37 30 34 18 44 16 30 33 26 1 29 48 21 23 48 4 19 28 36 41 18 11 39 37 3 24 43 41 47 48 44 46 10 17 32 7 32 10 25 12 
8 31 47 20 29 48 1 0 35 13 30 21 11 30 16 44 11 15 45 32 23 8 33 17 22 8 23 28 20 28 18 45 19 38 34 12 30 5 44 36 10 15 23 48 16 49 12 38 25 49 
24 10 29 7 28 12 19 35 0 32 22 20 15 21 44 32 13 2 40 8 26 19 13 17 35 43 19 37 18 14 42 7 27 16 36 23 14 4 34 19 29 29 15 21 6 46 30 17 29 9 
33 25 19 8 26 27 25 13 32 0 43 22 10 11 5 2 18 9 10 24 9 25 29 36 13 17 45 29 7 32 43 23 20 26 14 25 24 7 33 21 29 22 21 42 41 22 35 10 27 47 
26 9 8 6 8 3 37 30 22 43 0 35 34 44 23 49 48 36 33 40 11 28 46 16 2 47 8 26 7 19 29 15 23 28 38 4 15 49 30 10 27 36 5 10 28 37 42 33 2 28 
31 35 7 32 47 7 30 21 20 22 35 0 2 37 42 47 30 42 35 44 29 31 3 3 37 12 7 28 37 4 15 6 1 40 2 33 44 45 37 17 22 39 1 43 20 40 9 11 10 49 
13 47 10 37 20 26 34 11 15 10 34 2 0 37 37 46 4 40 40 33 36 16 48 47 6 44 30 42 41 25 22 13 43 14 49 30 27 41 45 1 42 7 32 33 10 24 38 29 1 15 
39 28 23 31 13 17 18 30 21 11 44 37 37 0 46 48 46 1 21 48 2 13 33 12 45 45 35 24 20 47 11 49 25 30 16 4 8 14 38 5 21 44 28 42 47 4 49 19 6 2 
48 20 41 28 29 37 44 16 44 5 23 42 37 46 0 28 27 4 26 32 6 16 16 47 34 15 42 30 27 30 14 49 31 8 27 49 26 6 4 9 39 27 29 16 46 4 38 29 39 9 
13 30 44 45 43 29 16 44 32 2 49 47 46 48 28 0 1 15 8 37 2 36 39 29 31 46 36 28 28 21 11 20 48 33 48 11 22 17 5 6 18 41 45 1 21 30 10 23 3 49 
34 36 17 41 16 47 30 11 13 18 48 30 4 46 27 1 0 25 49 30 14 18 11 6 7 23 39 18 38 44 37 37 31 29 16 9 21 35 40 26 33 44 36 35 27 32 12 20 41 11 
21 20 11 24 38 46 33 15 2 9 36 42 40 1 4 15 25 0 9 43 32 22 28 37 46 47 38 17 33 28 34 17 4 10 6 32 27 9 8 19 18 22 12 16 33 27 18 15 10 33 
12 31 28 1 31 1 26 45 40 10 33 35 40 21 26 8 49 9 0 22 21 35 18 34 29 41 26 29 26 23 7 42 43 43 18 13 9 19 45 12 1 11 11 6 20 9 4 34 8 20 
11 11 32 5 11 34 1 32 8 24 40 44 33 48 32 37 30 43 22 0 48 36 25 21 32 31 6 18 8 33 9 21 25 33 16 25 5 43 43 37 11 49 16 14 45 9 12 40 16 26 
32 39 17 3 13 43 29 23 26 9 11 29 36 2 6 2 14 32 21 48 0 10 9 48 45 28 10 10 39 31 41 10 3 37 30 4 13 34 48 3 4 25 2 2 8 22 36 23 26 33 
42 22 22 18 37 11 48 8 19 25 28 31 16 13 16 36 18 22 35 36 10 0 49 10 46 12 29 37 35 8 8 29 6 10 47 16 38 46 18 16 29 2 43 25 46 21 5 26 19 2 
47 41 33 25 12 33 21 33 13 29 46 3 48 33 16 39 11 28 18 25 9 49 0 32 23 3 1 39 23 24 1 19 21 47 24 43 10 11 9 21 41 40 43 39 7 8 20 35 19 39 
36 7 19 46 20 23 23 17 17 36 16 3 47 12 47 29 6 37 34 21 48 10 32 0 31 1 24 49 46 21 33 13 37 30 21 33 49 26 36 30 5 27 48 6 23 38 36 7 19 5 
41 43 21 10 9 7 48 22 35 13 2 37 6 45 34 31 7 46 29 32 45 46 23 31 0 14 1 2 38 5 12 34 49 30 10 49 1 25 19 40 47 27 31 4 30 28 2 48 35 15 
19 10 25 42 37 41 4 8 43 17 47 12 44 45 15 46 23 47 41 31 28 12 3 1 14 0 40 48 35 29 26 3 38 40 2 2 2 22 23 10 48 2 15 36 43 20 2 39 10 18 
13 4 12 3 25 39 19 23 19 45 8 7 30 35 42 36 39 38 26 6 10 29 1 24 1 40 0 3 19 48 41 37 36 10 9 18 17 23 20 5 47 36 37 17 7 11 27 2 13 6 
14 18 41 43 27 24 28 28 37 29 26 28 42 24 30 28 18 17 29 18 10 37 39 49 2 48 3 0 5 30 44 47 7 31 40 32 37 24 1 49 42 5 11 46 40 46 34 48 14 25 
29 42 41 3 1 21 36 20 18 7 7 37 41 20 27 28 38 33 26 8 39 35 23 46 38 35 19 5 0 5 7 9 26 46 44 5 35 7 42 24 48 38 12 30 19 38 1 3 15 13 
18 33 14 42 19 38 41 28 14 32 19 4 25 47 30 21 44 28 23 33 31 8 24 21 5 29 48 30 5 0 45 41 21 12 22 25 37 17 7 1 41 39 10 22 16 45 43 21 29 38 
26 29 19 16 16 17 18 18 42 43 29 15 22 11 14 11 37 34 7 9 41 8 1 33 12 26 41 44 7 45 0 29 16 4 3 14 5 16 21 36 33 21 41 35 1 12 33 3 32 23 
46 19 32 3 8 38 11 45 7 23 15 6 13 49 49 20 37 17 42 21 10 29 19 13 34 3 37 47 9 41 29 0 23 2 36 26 10 30 47 4 24 28 3 18 38 17 31 35 36 38 
16 31 41 2 49 35 39 19 27 20 23 1 43 25 31 48 31 4 43 25 3 6 21 37 49 38 36 7 26 21 16 23 0 7 2 23 13 36 39 39 40 28 46 20 22 37 14 11 16 13 
16 13 13 40 6 7 37 38 16 26 28 40 14 30 8 33 29 10 43 33 37 10 47 30 30 40 10 31 46 12 4 2 7 0 43 14 21 32 8 2 3 43 15 12 29 21 6 45 20 47 
26 26 26 8 37 6 3 34 36 14 38 2 49 16 27 48 16 6 18 16 30 47 24 21 10 2 9 40 44 22 3 36 2 43 0 23 26 41 42 23 29 12 8 2 45 29 22 36 47 44 
38 4 7 49 9 36 24 12 23 25 4 33 30 4 49 11 9 32 13 25 4 16 43 33 49 2 18 32 5 25 14 26 23 14 23 0 49 7 39 21 37 4 39 1 35 1 32 44 7 22 
27 17 29 26 15 26 43 30 14 24 15 44 27 8 26 22 21 27 9 5 13 38 10 49 1 2 17 37 35 37 5 10 13 21 26 49 0 15 9 47 23 1 35 13 40 48 27 25 47 8 
18 25 19 1 48 37 41 5 4 7 49 45 41 14 6 17 35 9 19 43 34 46 11 26 25 22 23 24 7 17 16 30 36 32 41 7 15 0 41 11 31 4 9 23 34 47 15 6 36 7 
20 5 44 48 28 39 47 44 34 33 30 37 45 38 4 5 40 8 45 43 48 18 9 36 19 23 20 1 42 7 21 47 39 8 42 39 9 41 0 9 6 35 41 7 10 37 9 20 37 46 
15 2 10 46 33 11 48 36 19 21 10 17 1 5 9 6 26 19 12 37 3 16 21 30 40 10 5 49 24 1 36 4 39 2 23 21 47 11 9 0 28 27 4 49 22 48 2 44 16 26 
39 6 24 22 45 44 44 10 29 29 27 22 42 21 39 18 33 18 1 11 4 29 41 5 47 48 47 42 48 41 33 24 40 3 29 37 23 31 6 28 0 43 6 3 11 4 49 14 12 21 
25 8 14 27 3 27 46 15 29 22 36 39 7 44 27 41 44 22 11 49 25 2 40 27 27 2 36 5 38 39 21 28 28 43 12 4 1 4 35 27 43 0 36 16 20 4 25 23 23 24 
12 35 33 31 49 4 10 23 15 21 5 1 32 28 29 45 36 12 11 16 2 43 43 48 31 15 37 11 12 10 41 3 46 15 8 39 35 9 41 4 6 36 0 47 46 9 12 34 37 8 
41 6 5 33 12 16 17 48 21 42 10 43 33 42 16 1 35 16 6 14 2 25 39 6 4 36 17 46 30 22 35 18 20 12 2 1 13 23 7 49 3 16 47 0 25 34 23 24 2 42 
43 26 33 21 25 42 32 16 6 41 28 20 10 47 46 21 27 33 20 45 8 46 7 23 30 43 7 40 19 16 1 38 22 29 45 35 40 34 10 22 11 20 46 25 0 28 49 36 48 39 
41 44 30 43 9 23 7 49 46 22 37 40 24 4 4 30 32 27 9 9 22 21 8 38 28 20 11 46 38 45 12 17 37 21 29 1 48 47 37 48 4 4 9 34 28 0 27 29 33 16 
15 32 39 29 28 4 32 12 30 35 42 9 38 49 38 10 12 18 4 12 36 5 20 36 2 2 27 34 1 43 33 31 14 6 22 32 27 15 9 2 49 25 12 23 49 27 0 33 30 41 
33 37 21 45 2 9 10 38 17 10 33 11 29 19 29 23 20 15 34 40 23 26 35 7 48 39 2 48 3 21 3 35 11 45 36 44 25 6 20 44 14 23 34 24 36 29 33 0 40 49 
34 20 17 5 28 49 25 25 29 27 2 10 1 6 39 3 41 10 8 16 26 19 19 19 35 10 13 14 15 29 32 36 16 20 47 7 47 36 37 16 12 23 37 2 48 33 30 40 0 15 
1 47 2 19 32 37 12 49 9 47 28 49 15 2 9 49 11 33 20 26 33 2 39 5 15 18 6 25 13 38 23 38 13 47 44 22 8 7 46 26 21 24 8 42 39 16 41 49 15 0 
