0 46 12 19 15 12 43 26 26 48 20 37 43 28 41 10 20 2 10 15 20 36 38 49 25 12 45 43 31 11 25 45 46 28 19 13 38 33 44 18 49 21 34 29 21 35 20 24 13 32 
46 0 33 17 30 24 3 47 2 35 10 5 31 43 6 37 27 48 5 21 47 32 15 47 44 48 36 18 47 33 30 42 24 8 29 42 38 35 15 23 4 26 48 1 14 31 19 26 17 23 
12 33 0 46 30 1 4 20 32 4 43 36 43 36 6 43 1 41 35 20 26 49 40 48 2 44 27 36 34 30 27 21 21 46 1 46 49 2 25 25 3 8 13 34 9 23 21 20 15 25 
19 17 46 0 19 24 4 26 23 2 20 45 37 21 24 35 39 30 4 44 46 44 13 10 18 48 8 36 13 31 25 17 26 34 6 12 23 38 40 30 17 1 7 31 29 42 27 46 7 45 
15 30 30 19 0 12 44 43 10 31 34 1 30 7 5 48 46 25 9 15 13 33 25 44 49 9 41 21 42 36 43 48 47 15 31 29 28 39 13 20 22 19 7 14 29 33 41 11 3 47 
12 24 1 24 12 0 37 40 32 21 44 21 16 19 36 11 36 34 37 27 6 4 17 40 34 48 15 10 32 46 24 43 22 21 45 24 47 14 42 28 9 10 31 49 34 9 24 39 45 29 
43 3 4 4 44 37 0 1 32 21 13 14 9 34 14 17 40 49 5 33 41 28 39 40 47 12 48 39 40 48 19 39 15 1 34 24 28 8 18 20 49 18 8 49 37 27 15 2 36 45 
26 47 20 26 43 40 1 0 27 14 17 34 4 16 29 31 47 16 20 10 8 36 42 10 21 8 34 41 27 19 41 14 5 21 25 29 40 33 23 34 16 39 37 20 20 32 41 28 8 47 
26 2 32 23 10 32 32 27 0 5 27 24 17 5 20 15 39 30 27 48 19 12 26 43 34 6 26 23 38 18 34 23 24 41 49 12 8 14 35 6 37 26 42 34 28 9 6 38 22 26 
48 35 4 2 31 21 21 14 5 0 22 30 39 22 1 5 11 14 10 13 6 22 24 21 30 24 8 4 42 21 24 38 46 4 29 4 22 28 21 46 47 11 16 10 14 31 19 46 22 19 
20 10 43 20 34 44 13 17 27 22 0 41 31 7 38 3 4 32 18 41 22 42 24 18 20 11 10 24 15 20 2 45 3 41 42 36 21 2 8 46 25 46 44 8 21 7 41 41 47 43 
37 5 36 45 1 21 14 34 24 30 41 0 48 31 28 39 9 34 29 12 17 32 29 9 10 34 24 39 11 34 38 22 12 4 16 25 25 48 46 43 37 31 34 45 14 14 38 8 17 42 
43 31 43 37 30 16 9 4 17 39 31 48 0 37 35 48 36 34 21 26 39 23 20 20 36 25 26 34 11 15 37 30 26 17 43 32 4 28 48 4 39 7 48 10 8 10 43 6 38 33 
28 43 36 21 7 19 34 16 5 22 7 31 37 0 21 43 26 24 35 3 8 35 31 26 6 43 19 16 5 15 38 35 21 35 12 29 25 18 7 18 37 21 26 25 38 30 35 22 21 3 
41 6 6 24 5 36 14 29 20 1 38 28 35 21 0 9 25 18 2 37 4 21 20 6 12 21 20 16 35 5 16 33 49 5 1 24 13 21 30 33 35 14 8 10 6 8 20 20 23 44 
10 37 43 35 48 11 17 31 15 5 3 39 48 43 9 0 48 49 29 26 8 32 28 43 8 23 43 47 8 17 40 41 39 42 5 43 8 20 46 1 41 16 26 42 32 37 25 13 41 33 
20 27 1 39 46 36 40 47 39 11 4 9 36 26 25 48 0 32 45 20 27 26 35 33 13 4 11 13 2 45 45 48 11 10 44 36 24 7 4 10 40 6 11 25 28 38 33 1 44 37 
2 48 41 30 25 34 49 16 30 14 32 34 34 24 18 49 32 0 34 43 6 42 1 17 18 23 40 5 1 47 2 1 43 25 10 27 34 10 25 28 29 49 8 46 42 49 23 43 43 40 
10 5 35 4 9 37 5 20 27 10 18 29 21 35 2 29 45 34 0 13 32 37 10 5 25 7 24 49 2 19 27 31 21 9 46 9 10 23 49 41 18 34 24 34 13 12 33 2 34 39 
15 21 20 44 15 27 33 10 48 13 41 12 26 3 37 26 20 43 13 0 14 2 10 45 8 18 4 17 10 38 37 24 6 18 31 49 49 31 18 42 22 24 26 43 38 11 11 20 49 38 
20 47 26 46 13 6 41 8 19 6 22 17 39 8 4 8 27 6 32 14 0 12 8 11 38 2 7 13 46 47 42 15 49 46 29 2 38 2 43 24 39 32 6 47 43 25 4 16 14 32 
36 32 49 44 33 4 28 36 12 22 42 32 23 35 21 32 26 42 37 2 12 0 10 12 30 22 1 39 9 30 39 48 15 5 36 44 25 10 37 28 43 36 2 31 18 37 13 23 20 41 
38 15 40 13 25 17 39 42 26 24 24 29 20 31 20 28 35 1 10 10 8 10 0 17 18 45 49 48 3 2 40 40 35 46 34 26 28 5 32 4 22 9 49 22 33 31 35 17 11 24 
49 47 48 10 44 40 40 10 43 21 18 9 20 26 6 43 33 17 5 45 11 12 17 0 39 1 25 42 15 48 4 38 21 34 23 36 48 48 3 14 34 18 19 22 30 22 32 24 10 36 
25 44 2 18 49 34 47 21 34 30 20 10 36 6 12 8 13 18 25 8 38 30 18 39 0 4 4 8 10 4 26 10 21 3 1 40 31 31 33 39 25 12 28 36 47 17 11 27 28 43 
12 48 44 48 9 48 12 8 6 24 11 34 25 43 21 23 4 23 7 18 2 22 45 1 4 0 11 32 34 9 37 47 43 1 14 12 18 32 6 31 14 46 18 2 40 14 24 22 27 47 
45 36 27 8 41 15 48 34 26 8 10 24 26 19 20 43 11 40 24 4 7 1 49 25 4 11 0 27 39 21 2 29 23 21 42 4 33 35 6 37 25 3 30 32 49 46 1 22 45 25 
43 18 36 36 21 10 39 41 23 4 24 39 34 16 16 47 13 5 49 17 13 39 48 42 8 32 27 0 35 29 14 49 27 14 12 40 22 29 40 9 17 1 45 7 15 22 22 2 43 31 
31 47 34 13 42 32 40 27 38 42 15 11 11 5 35 8 2 1 2 10 46 9 3 15 10 34 39 35 0 19 3 34 44 43 44 18 48 47 23 44 47 39 24 34 38 14 34 42 37 2 
11 33 30 31 36 46 48 19 18 21 20 34 15 15 5 17 45 47 19 38 47 30 2 48 4 9 21 29 19 0 8 24 16 25 2 29 48 45 16 19 12 42 28 34 24 4 16 17 30 49 
25 30 27 25 43 24 19 41 34 24 2 38 37 38 16 40 45 2 27 37 42 39 40 4 26 37 2 14 3 8 0 9 47 10 25 34 5 16 39 7 27 28 35 2 9 2 18 6 18 47 
45 42 21 17 48 43 39 14 23 38 45 22 30 35 33 41 48 1 31 24 15 48 40 38 10 47 29 49 34 24 9 0 2 7 37 41 15 45 18 2 41 6 29 23 42 46 28 46 28 42 
46 24 21 26 47 22 15 5 24 46 3 12 26 21 49 39 11 43 21 6 49 15 35 21 21 43 23 27 44 16 47 2 0 22 17 19 13 33 28 6 15 17 43 34 48 1 12 19 35 5 
28 8 46 34 15 21 1 21 41 4 41 4 17 35 5 42 10 25 9 18 46 5 46 34 3 1 21 14 43 25 10 7 22 0 37 5 9 20 48 4 25 26 11 21 31 19 6 40 10 1 
19 29 1 6 31 45 34 25 49 29 42 16 43 12 1 5 44 10 46 31 29 36 34 23 1 14 42 12 44 2 25 37 17 37 0 17 34 1 21 15 2 4 9 38 34 12 6 38 12 18 
13 42 46 12 29 24 24 29 12 4 36 25 32 29 24 43 36 27 9 49 2 44 26 36 40 12 4 40 18 29 34 41 19 5 17 0 17 4 49 20 7 42 38 8 42 33 14 26 22 1 
38 38 49 23 28 47 28 40 8 22 21 25 4 25 13 8 24 34 10 49 38 25 28 48 31 18 33 22 48 48 5 15 13 9 34 17 0 43 30 45 4 1 16 24 46 29 36 44 30 10 
33 35 2 38 39 14 8 33 14 28 2 48 28 18 21 20 7 10 23 31 2 10 5 48 31 32 35 29 47 45 16 45 33 20 1 4 43 0 11 5 16 4 33 6 45 2 41 43 3 2 
44 15 25 40 13 42 18 23 35 21 8 46 48 7 30 46 4 25 49 18 43 37 32 3 33 6 6 40 23 16 39 18 28 48 21 49 30 11 0 26 18 8 40 6 37 9 4 33 33 7 
18 23 25 30 20 28 20 34 6 46 46 43 4 18 33 1 10 28 41 42 24 28 4 14 39 31 37 9 44 19 7 2 6 4 15 20 45 5 26 0 16 4 26 29 12 27 39 14 3 1 
49 4 3 17 22 9 49 16 37 47 25 37 39 37 35 41 40 29 18 22 39 43 22 34 25 14 25 17 47 12 27 41 15 25 2 7 4 16 18 16 0 34 11 38 38 37 30 24 40 27 
21 26 8 1 19 10 18 39 26 11 46 31 7 21 14 16 6 49 34 24 32 36 9 18 12 46 3 1 39 42 28 6 17 26 4 42 1 4 8 4 34 0 44 1 32 39 49 49 12 15 
34 48 13 7 7 31 8 37 42 16 44 34 48 26 8 26 11 8 24 26 6 2 49 19 28 18 30 45 24 28 35 29 43 11 9 38 16 33 40 26 11 44 0 37 17 8 20 48 44 34 
29 1 34 31 14 49 49 20 34 10 8 45 10 25 10 42 25 46 34 43 47 31 22 22 36 2 32 7 34 34 2 23 34 21 38 8 24 6 6 29 38 1 37 0 36 24 5 5 29 1 
21 14 9 29 29 34 37 20 28 14 21 14 8 38 6 32 28 42 13 38 43 18 33 30 47 40 49 15 38 24 9 42 48 31 34 42 46 45 37 12 38 32 17 36 0 40 12 19 29 21 
35 31 23 42 33 9 27 32 9 31 7 14 10 30 8 37 38 49 12 11 25 37 31 22 17 14 46 22 14 4 2 46 1 19 12 33 29 2 9 27 37 39 8 24 40 0 32 16 35 5 
20 19 21 27 41 24 15 41 6 19 41 38 43 35 20 25 33 23 33 11 4 13 35 32 11 24 1 22 34 16 18 28 12 6 6 14 36 41 4 39 30 49 20 5 12 32 0 28 22 38 
24 26 20 46 11 39 2 28 38 46 41 8 6 22 20 13 1 43 2 20 16 23 17 24 27 22 22 2 42 17 6 46 19 40 38 26 44 43 33 14 24 49 48 5 19 16 28 0 14 5 
13 17 15 7 3 45 36 8 22 22 47 17 38 21 23 41 44 43 34 49 14 20 11 10 28 27 45 43 37 30 18 28 35 10 12 22 30 3 33 3 40 12 44 29 29 35 22 14 0 2 
32 23 25 45 47 29 45 47 26 19 43 42 33 3 44 33 37 40 39 38 32 41 24 36 43 47 25 31 2 49 47 42 5 1 18 1 10 2 7 1 27 15 34 1 21 5 38 5 2 0 
