0 31 45 45 43 39 33 39 17 34 17 48 46 32 5 27 46 27 25 45 23 29 4 20 26 19 41 17 16 5 14 29 42 10 14 37 28 49 25 8 36 43 39 6 48 28 40 3 12 34 
31 0 17 15 47 22 24 3 37 49 12 44 8 7 19 2 48 37 29 40 45 8 46 36 28 11 6 8 31 44 1 10 24 19 28 16 26 19 33 27 12 30 3 37 42 25 20 22 21 15 
45 17 0 7 20 46 19 8 8 38 7 2 6 36 31 7 5 38 18 16 39 38 11 37 33 11 49 10 43 23 17 20 42 44 42 35 9 19 26 18 11 14 17 46 3 34 48 45 10 43 
45 15 7 0 36 43 35 32 9 18 37 9 5 41 20 37 30 19 13 27 3 8 21 49 46 15 41 23 44 3 11 6 44 40 27 7 20 30 19 38 22 47 4 44 16 9 45 38 8 49 
43 47 20 36 0 28 21 30 30 28 2 16 6 46 22 25 20 1 36 40 49 7 44 20 19 25 38 15 34 36 13 15 25 23 18 7 45 30 48 46 24 22 41 3 19 16 15 21 9 49 
39 22 46 43 28 0 10 33 32 37 18 9 49 20 21 4 8 48 35 17 49 15 30 24 5 33 11 21 10 22 18 24 42 8 22 1 19 4 49 9 40 35 33 10 34 21 42 8 2 41 
33 24 19 35 21 10 0 13 25 19 40 44 13 45 27 22 12 27 42 16 19 48 11 20 12 44 47 31 5 36 3 48 14 5 5 22 10 38 25 46 34 35 34 15 18 46 7 38 20 23 
39 3 8 32 30 33 13 0 42 24 17 49 24 34 34 41 21 46 46 8 28 1 9 4 28 26 49 19 6 4 30 48 47 17 22 33 7 34 25 36 20 47 3 42 37 9 27 19 20 30 
17 37 8 9 30 32 25 42 0 20 19 39 43 19 10 2 5 11 1 1 34 32 31 30 29 18 14 25 39 46 24 48 47 23 12 27 18 23 41 22 35 1 21 25 44 8 23 3 26 3 
34 49 38 18 28 37 19 24 20 0 38 32 42 9 14 25 44 29 44 7 24 10 29 22 1 40 17 47 36 22 7 34 15 28 43 10 48 49 11 8 9 1 44 24 29 29 15 31 25 7 
17 12 7 37 2 18 40 17 19 38 0 37 49 32 21 15 13 38 8 5 9 23 37 8 24 5 48 33 24 2 32 22 9 42 23 23 41 8 42 16 36 39 21 44 37 23 36 15 42 47 
48 44 2 9 16 9 44 49 39 32 37 0 44 34 8 15 29 21 29 35 2 6 39 37 8 36 45 44 4 35 14 15 42 26 15 22 46 40 12 35 49 6 28 21 28 3 31 14 32 4 
46 8 6 5 6 49 13 24 43 42 49 44 0 15 17 36 47 35 15 16 43 48 18 24 3 28 34 9 42 28 19 39 22 28 37 17 8 11 34 30 17 28 4 44 30 29 11 48 20 13 
32 7 36 41 46 20 45 34 19 9 32 34 15 0 40 39 21 1 24 3 26 22 17 17 15 12 4 39 7 16 12 32 36 21 45 43 35 31 48 45 12 8 1 5 5 13 22 10 38 20 
5 19 31 20 22 21 27 34 10 14 21 8 17 40 0 26 32 6 49 5 26 25 12 20 32 18 44 30 5 12 13 18 49 8 28 44 5 16 11 25 13 10 2 37 24 34 25 13 41 16 
27 2 7 37 25 4 22 41 2 25 15 15 36 39 26 0 33 33 43 7 7 19 25 1 26 33 17 38 6 15 30 45 37 24 23 8 37 32 20 37 25 10 39 37 42 28 19 2 35 39 
46 48 5 30 20 8 12 21 5 44 13 29 47 21 32 33 0 8 7 10 3 2 15 18 39 42 29 16 3 45 24 7 30 8 10 4 42 30 48 10 28 19 47 10 39 25 13 4 4 44 
27 37 38 19 1 48 27 46 11 29 38 21 35 1 6 33 8 0 30 39 48 22 48 43 22 45 29 19 15 6 47 22 24 5 8 20 40 46 9 43 15 46 25 43 1 49 41 2 26 18 
25 29 18 13 36 35 42 46 1 44 8 29 15 24 49 43 7 30 0 28 16 39 40 17 20 14 41 48 22 24 34 29 22 1 15 11 10 5 2 11 39 45 40 24 19 13 45 38 15 38 
45 40 16 27 40 17 16 8 1 7 5 35 16 3 5 7 10 39 28 0 27 20 44 8 16 4 43 33 24 15 30 11 2 39 21 7 38 2 34 13 31 26 15 38 23 37 4 36 12 18 
23 45 39 3 49 49 19 28 34 24 9 2 43 26 26 7 3 48 16 27 0 22 11 13 19 15 30 20 47 3 3 2 38 34 18 12 13 39 43 11 37 32 49 29 28 16 4 24 9 1 
29 8 38 8 7 15 48 1 32 10 23 6 48 22 25 19 2 22 39 20 22 0 46 44 7 39 40 45 44 21 20 22 38 10 23 3 42 43 37 32 33 45 6 23 29 26 9 34 6 3 
4 46 11 21 44 30 11 9 31 29 37 39 18 17 12 25 15 48 40 44 11 46 0 37 9 31 30 42 15 31 28 41 37 13 1 13 19 11 33 26 41 20 20 5 26 25 37 23 8 29 
20 36 37 49 20 24 20 4 30 22 8 37 24 17 20 1 18 43 17 8 13 44 37 0 15 42 21 46 26 15 28 20 19 35 17 32 7 29 49 47 30 23 17 45 48 11 39 35 32 27 
26 28 33 46 19 5 12 28 29 1 24 8 3 15 32 26 39 22 20 16 19 7 9 15 0 40 13 10 38 14 21 9 34 38 14 36 23 16 6 46 18 19 25 35 43 38 30 37 31 38 
19 11 11 15 25 33 44 26 18 40 5 36 28 12 18 33 42 45 14 4 15 39 31 42 40 0 44 43 2 34 26 17 30 20 1 6 26 2 22 45 19 33 38 48 25 8 1 22 33 24 
41 6 49 41 38 11 47 49 14 17 48 45 34 4 44 17 29 29 41 43 30 40 30 21 13 44 0 8 29 49 6 44 11 4 28 8 27 29 19 1 6 39 6 19 36 32 46 5 20 4 
17 8 10 23 15 21 31 19 25 47 33 44 9 39 30 38 16 19 48 33 20 45 42 46 10 43 8 0 38 23 33 36 33 46 24 13 16 6 48 4 10 20 5 23 31 14 16 33 6 24 
16 31 43 44 34 10 5 6 39 36 24 4 42 7 5 6 3 15 22 24 47 44 15 26 38 2 29 38 0 15 47 12 1 31 30 27 36 13 24 2 7 44 17 8 37 47 31 34 41 39 
5 44 23 3 36 22 36 4 46 22 2 35 28 16 12 15 45 6 24 15 3 21 31 15 14 34 49 23 15 0 9 35 3 42 6 34 1 9 11 15 49 43 49 7 23 46 2 23 48 44 
14 1 17 11 13 18 3 30 24 7 32 14 19 12 13 30 24 47 34 30 3 20 28 28 21 26 6 33 47 9 0 38 14 13 21 48 46 11 48 5 33 3 21 28 30 5 48 42 24 36 
29 10 20 6 15 24 48 48 48 34 22 15 39 32 18 45 7 22 29 11 2 22 41 20 9 17 44 36 12 35 38 0 44 26 40 25 41 46 45 11 43 45 12 10 42 43 37 4 19 18 
42 24 42 44 25 42 14 47 47 15 9 42 22 36 49 37 30 24 22 2 38 38 37 19 34 30 11 33 1 3 14 44 0 16 31 48 22 17 3 25 1 45 29 9 7 38 26 48 40 3 
10 19 44 40 23 8 5 17 23 28 42 26 28 21 8 24 8 5 1 39 34 10 13 35 38 20 4 46 31 42 13 26 16 0 25 42 35 40 38 36 7 7 28 41 28 11 36 46 48 31 
14 28 42 27 18 22 5 22 12 43 23 15 37 45 28 23 10 8 15 21 18 23 1 17 14 1 28 24 30 6 21 40 31 25 0 32 44 8 4 9 49 32 23 3 27 11 3 27 22 25 
37 16 35 7 7 1 22 33 27 10 23 22 17 43 44 8 4 20 11 7 12 3 13 32 36 6 8 13 27 34 48 25 48 42 32 0 43 47 1 5 49 43 13 1 5 35 38 41 17 12 
28 26 9 20 45 19 10 7 18 48 41 46 8 35 5 37 42 40 10 38 13 42 19 7 23 26 27 16 36 1 46 41 22 35 44 43 0 24 2 19 20 6 41 14 47 17 18 36 23 20 
49 19 19 30 30 4 38 34 23 49 8 40 11 31 16 32 30 46 5 2 39 43 11 29 16 2 29 6 13 9 11 46 17 40 8 47 24 0 24 15 39 47 17 33 8 11 38 9 32 33 
25 33 26 19 48 49 25 25 41 11 42 12 34 48 11 20 48 9 2 34 43 37 33 49 6 22 19 48 24 11 48 45 3 38 4 1 2 24 0 3 25 42 17 23 24 32 29 46 44 7 
8 27 18 38 46 9 46 36 22 8 16 35 30 45 25 37 10 43 11 13 11 32 26 47 46 45 1 4 2 15 5 11 25 36 9 5 19 15 3 0 15 10 33 43 10 37 47 33 18 27 
36 12 11 22 24 40 34 20 35 9 36 49 17 12 13 25 28 15 39 31 37 33 41 30 18 19 6 10 7 49 33 43 1 7 49 49 20 39 25 15 0 27 18 1 26 19 40 36 41 17 
43 30 14 47 22 35 35 47 1 1 39 6 28 8 10 10 19 46 45 26 32 45 20 23 19 33 39 20 44 43 3 45 45 7 32 43 6 47 42 10 27 0 17 25 42 14 39 22 7 47 
39 3 17 4 41 33 34 3 21 44 21 28 4 1 2 39 47 25 40 15 49 6 20 17 25 38 6 5 17 49 21 12 29 28 23 13 41 17 17 33 18 17 0 30 6 21 31 41 13 23 
6 37 46 44 3 10 15 42 25 24 44 21 44 5 37 37 10 43 24 38 29 23 5 45 35 48 19 23 8 7 28 10 9 41 3 1 14 33 23 43 1 25 30 0 29 13 17 5 27 1 
48 42 3 16 19 34 18 37 44 29 37 28 30 5 24 42 39 1 19 23 28 29 26 48 43 25 36 31 37 23 30 42 7 28 27 5 47 8 24 10 26 42 6 29 0 15 48 34 43 19 
28 25 34 9 16 21 46 9 8 29 23 3 29 13 34 28 25 49 13 37 16 26 25 11 38 8 32 14 47 46 5 43 38 11 11 35 17 11 32 37 19 14 21 13 15 0 15 21 46 27 
40 20 48 45 15 42 7 27 23 15 36 31 11 22 25 19 13 41 45 4 4 9 37 39 30 1 46 16 31 2 48 37 26 36 3 38 18 38 29 47 40 39 31 17 48 15 0 40 43 48 
3 22 45 38 21 8 38 19 3 31 15 14 48 10 13 2 4 2 38 36 24 34 23 35 37 22 5 33 34 23 42 4 48 46 27 41 36 9 46 33 36 22 41 5 34 21 40 0 28 12 
12 21 10 8 9 2 20 20 26 25 42 32 20 38 41 35 4 26 15 12 9 6 8 32 31 33 20 6 41 48 24 19 40 48 22 17 23 32 44 18 41 7 13 27 43 46 43 28 0 5 
34 15 43 49 49 41 23 30 3 7 47 4 13 20 16 39 44 18 38 18 1 3 29 27 38 24 4 24 39 44 36 18 3 31 25 12 20 33 7 27 17 47 23 1 19 27 48 12 5 0 
