0 18 42 18 6 17 42 6 38 2 22 21 1 46 2 23 14 4 40 4 47 13 15 29 9 48 33 37 37 2 40 37 20 14 34 38 28 4 4 37 19 36 35 26 36 4 9 46 29 3 
18 0 4 9 30 13 4 25 26 23 28 49 27 38 26 49 19 24 12 15 41 23 3 11 8 44 49 44 1 34 41 5 17 14 10 21 46 10 5 22 9 31 35 1 21 27 2 38 4 36 
42 4 0 3 2 32 35 48 7 16 33 40 36 12 7 36 24 24 7 13 34 13 36 15 12 19 2 12 30 22 30 49 15 10 30 20 13 1 27 23 26 26 22 15 18 19 9 13 23 32 
18 9 3 0 45 11 23 16 47 22 6 21 44 22 19 44 19 44 46 1 36 16 2 31 11 41 34 27 7 22 11 32 49 9 27 5 30 29 46 49 49 35 38 8 46 40 35 21 33 25 
6 30 2 45 0 8 7 39 2 1 28 9 15 14 12 31 13 33 39 31 38 12 42 33 26 27 15 7 32 27 28 27 15 26 42 30 33 23 33 16 15 49 46 7 48 3 39 22 16 21 
17 13 32 11 8 0 22 35 36 6 17 23 34 47 38 26 7 1 1 31 20 30 31 7 41 49 21 27 43 41 44 21 29 16 6 25 37 27 35 2 3 11 37 15 2 5 16 14 2 36 
42 4 35 23 7 22 0 29 12 2 14 13 21 12 29 21 37 5 19 29 36 15 35 30 27 9 27 25 5 26 1 15 43 5 23 44 13 7 32 15 40 22 16 9 7 20 10 7 3 33 
6 25 48 16 39 35 29 0 14 36 20 38 2 30 5 6 34 2 21 17 20 4 9 49 19 10 26 37 11 26 4 47 6 1 48 29 31 33 2 10 15 30 16 19 48 28 37 43 39 9 
38 26 7 47 2 36 12 14 0 35 19 36 43 26 10 16 26 13 8 12 42 3 18 15 40 5 33 12 11 48 14 29 35 13 27 35 2 46 28 22 30 16 33 7 17 43 34 37 21 1 
2 23 16 22 1 6 2 36 35 0 13 7 14 21 2 41 40 18 17 48 2 49 44 33 8 2 29 23 32 19 13 33 24 13 22 26 34 30 5 18 29 25 2 41 39 25 4 27 14 41 
22 28 33 6 28 17 14 20 19 13 0 28 35 35 24 39 30 37 4 31 13 30 10 14 19 45 18 47 11 46 37 43 9 24 27 2 38 18 27 8 31 40 40 36 20 22 16 42 39 24 
21 49 40 21 9 23 13 38 36 7 28 0 3 21 28 44 19 5 1 7 35 29 43 28 19 49 16 36 5 44 48 12 35 28 32 24 27 34 13 9 16 37 9 14 39 45 28 1 4 49 
1 27 36 44 15 34 21 2 43 14 35 3 0 16 45 8 31 18 49 39 41 19 33 16 29 7 31 23 9 21 14 6 20 22 15 32 25 8 25 33 15 3 29 26 39 34 45 8 22 2 
46 38 12 22 14 47 12 30 26 21 35 21 16 0 40 37 23 16 9 40 19 26 33 36 5 25 5 15 18 35 18 6 22 17 1 49 39 34 28 33 45 15 25 24 38 11 25 11 35 29 
2 26 7 19 12 38 29 5 10 2 24 28 45 40 0 40 14 9 44 49 4 19 40 40 10 44 12 23 15 39 12 29 16 39 25 48 44 16 45 9 41 27 9 28 19 20 6 45 38 4 
23 49 36 44 31 26 21 6 16 41 39 44 8 37 40 0 37 40 42 22 22 7 20 9 36 3 47 8 26 11 46 31 20 27 35 46 11 4 24 19 4 15 6 45 45 7 49 18 31 8 
14 19 24 19 13 7 37 34 26 40 30 19 31 23 14 37 0 30 21 19 41 39 26 32 38 41 3 36 32 5 27 49 11 45 12 16 29 7 36 4 41 6 46 36 4 4 1 44 41 16 
4 24 24 44 33 1 5 2 13 18 37 5 18 16 9 40 30 0 19 4 27 29 31 29 27 9 36 23 3 33 28 5 12 47 41 9 41 12 23 37 28 47 24 20 18 20 31 14 22 20 
40 12 7 46 39 1 19 21 8 17 4 1 49 9 44 42 21 19 0 27 17 25 23 7 23 37 38 28 36 45 23 35 10 15 11 15 47 26 26 41 45 7 44 20 42 21 14 12 41 39 
4 15 13 1 31 31 29 17 12 48 31 7 39 40 49 22 19 4 27 0 7 4 29 48 38 46 23 21 39 20 19 30 27 28 28 47 18 8 38 46 20 21 1 32 34 18 49 11 5 37 
47 41 34 36 38 20 36 20 42 2 13 35 41 19 4 22 41 27 17 7 0 11 48 8 33 43 38 28 15 3 8 15 3 2 30 32 13 21 9 29 30 27 32 21 15 4 43 11 25 25 
13 23 13 16 12 30 15 4 3 49 30 29 19 26 19 7 39 29 25 4 11 0 5 5 29 5 20 20 12 32 33 15 8 24 35 14 47 31 14 18 34 2 10 17 19 2 34 20 31 42 
15 3 36 2 42 31 35 9 18 44 10 43 33 33 40 20 26 31 23 29 48 5 0 49 2 25 31 7 29 24 4 46 8 16 48 40 39 28 46 22 21 24 5 40 21 49 27 24 43 45 
29 11 15 31 33 7 30 49 15 33 14 28 16 36 40 9 32 29 7 48 8 5 49 0 20 32 49 42 47 9 40 13 2 8 30 21 34 20 13 9 23 13 46 9 27 44 23 4 20 28 
9 8 12 11 26 41 27 19 40 8 19 19 29 5 10 36 38 27 23 38 33 29 2 20 0 45 23 25 35 13 42 15 19 9 32 2 38 19 37 20 20 20 20 4 37 47 36 20 12 32 
48 44 19 41 27 49 9 10 5 2 45 49 7 25 44 3 41 9 37 46 43 5 25 32 45 0 28 45 8 9 28 8 2 32 15 15 11 33 23 48 31 43 14 16 5 31 29 21 44 47 
33 49 2 34 15 21 27 26 33 29 18 16 31 5 12 47 3 36 38 23 38 20 31 49 23 28 0 18 15 13 20 27 35 47 24 43 10 30 45 38 17 28 15 23 37 11 16 33 48 23 
37 44 12 27 7 27 25 37 12 23 47 36 23 15 23 8 36 23 28 21 28 20 7 42 25 45 18 0 4 45 19 47 46 33 46 33 40 18 1 10 6 38 35 19 40 37 2 5 22 27 
37 1 30 7 32 43 5 11 11 32 11 5 9 18 15 26 32 3 36 39 15 12 29 47 35 8 15 4 0 11 12 34 25 2 36 49 7 4 2 11 12 21 23 41 48 27 41 16 40 4 
2 34 22 22 27 41 26 26 48 19 46 44 21 35 39 11 5 33 45 20 3 32 24 9 13 9 13 45 11 0 31 28 4 34 21 46 49 15 1 25 36 13 34 15 10 45 15 14 35 8 
40 41 30 11 28 44 1 4 14 13 37 48 14 18 12 46 27 28 23 19 8 33 4 40 42 28 20 19 12 31 0 44 6 42 3 31 1 29 12 42 19 22 32 16 32 37 29 13 22 21 
37 5 49 32 27 21 15 47 29 33 43 12 6 6 29 31 49 5 35 30 15 15 46 13 15 8 27 47 34 28 44 0 7 21 19 22 9 48 12 38 37 39 2 7 2 27 25 37 47 34 
20 17 15 49 15 29 43 6 35 24 9 35 20 22 16 20 11 12 10 27 3 8 8 2 19 2 35 46 25 4 6 7 0 38 17 26 27 5 36 12 13 37 25 16 10 38 32 33 47 18 
14 14 10 9 26 16 5 1 13 13 24 28 22 17 39 27 45 47 15 28 2 24 16 8 9 32 47 33 2 34 42 21 38 0 16 5 18 35 3 31 5 42 17 10 7 11 15 28 3 41 
34 10 30 27 42 6 23 48 27 22 27 32 15 1 25 35 12 41 11 28 30 35 48 30 32 15 24 46 36 21 3 19 17 16 0 29 35 2 1 47 5 46 9 23 9 25 25 39 7 22 
38 21 20 5 30 25 44 29 35 26 2 24 32 49 48 46 16 9 15 47 32 14 40 21 2 15 43 33 49 46 31 22 26 5 29 0 49 1 38 30 16 48 24 17 12 37 39 10 35 31 
28 46 13 30 33 37 13 31 2 34 38 27 25 39 44 11 29 41 47 18 13 47 39 34 38 11 10 40 7 49 1 9 27 18 35 49 0 39 19 26 15 29 7 43 39 47 23 12 34 12 
4 10 1 29 23 27 7 33 46 30 18 34 8 34 16 4 7 12 26 8 21 31 28 20 19 33 30 18 4 15 29 48 5 35 2 1 39 0 35 1 38 24 29 22 39 33 13 25 47 24 
4 5 27 46 33 35 32 2 28 5 27 13 25 28 45 24 36 23 26 38 9 14 46 13 37 23 45 1 2 1 12 12 36 3 1 38 19 35 0 13 4 48 36 29 37 24 48 33 38 46 
37 22 23 49 16 2 15 10 22 18 8 9 33 33 9 19 4 37 41 46 29 18 22 9 20 48 38 10 11 25 42 38 12 31 47 30 26 1 13 0 32 49 49 20 19 6 6 29 21 38 
19 9 26 49 15 3 40 15 30 29 31 16 15 45 41 4 41 28 45 20 30 34 21 23 20 31 17 6 12 36 19 37 13 5 5 16 15 38 4 32 0 11 22 39 25 35 5 7 49 18 
36 31 26 35 49 11 22 30 16 25 40 37 3 15 27 15 6 47 7 21 27 2 24 13 20 43 28 38 21 13 22 39 37 42 46 48 29 24 48 49 11 0 9 26 18 4 25 40 42 32 
35 35 22 38 46 37 16 16 33 2 40 9 29 25 9 6 46 24 44 1 32 10 5 46 20 14 15 35 23 34 32 2 25 17 9 24 7 29 36 49 22 9 0 11 27 35 27 35 47 41 
26 1 15 8 7 15 9 19 7 41 36 14 26 24 28 45 36 20 20 32 21 17 40 9 4 16 23 19 41 15 16 7 16 10 23 17 43 22 29 20 39 26 11 0 32 19 46 4 46 8 
36 21 18 46 48 2 7 48 17 39 20 39 39 38 19 45 4 18 42 34 15 19 21 27 37 5 37 40 48 10 32 2 10 7 9 12 39 39 37 19 25 18 27 32 0 40 34 42 44 28 
4 27 19 40 3 5 20 28 43 25 22 45 34 11 20 7 4 20 21 18 4 2 49 44 47 31 11 37 27 45 37 27 38 11 25 37 47 33 24 6 35 4 35 19 40 0 43 23 34 35 
9 2 9 35 39 16 10 37 34 4 16 28 45 25 6 49 1 31 14 49 43 34 27 23 36 29 16 2 41 15 29 25 32 15 25 39 23 13 48 6 5 25 27 46 34 43 0 24 44 5 
46 38 13 21 22 14 7 43 37 27 42 1 8 11 45 18 44 14 12 11 11 20 24 4 20 21 33 5 16 14 13 37 33 28 39 10 12 25 33 29 7 40 35 4 42 23 24 0 1 17 
29 4 23 33 16 2 3 39 21 14 39 4 22 35 38 31 41 22 41 5 25 31 43 20 12 44 48 22 40 35 22 47 47 3 7 35 34 47 38 21 49 42 47 46 44 34 44 1 0 3 
3 36 32 25 21 36 33 9 1 41 24 49 2 29 4 8 16 20 39 37 25 42 45 28 32 47 23 27 4 8 21 34 18 41 22 31 12 24 46 38 18 32 41 8 28 35 5 17 3 0 
