0 25 32 5 42 46 25 29 41 26 2 41 46 49 21 5 3 45 8 43 43 28 9 42 14 17 14 6 11 1 13 12 40 14 2 49 29 23 28 1 27 48 24 20 32 37 32 23 24 25 
25 0 9 19 47 14 15 46 19 11 20 25 37 26 41 32 26 3 10 27 30 23 43 17 43 11 35 14 35 37 8 24 41 38 25 30 49 15 28 22 32 3 14 20 22 1 35 35 27 17 
32 9 0 1 46 29 39 22 34 28 18 38 20 20 20 13 9 19 46 19 46 41 30 3 1 47 43 6 6 42 19 13 23 37 18 22 1 24 41 20 20 38 4 2 49 41 3 36 31 19 
5 19 1 0 39 17 7 7 28 26 23 44 3 39 28 24 38 17 17 12 13 16 23 45 26 20 29 44 43 49 9 26 14 3 2 44 30 9 10 29 25 47 24 28 37 11 27 6 40 17 
42 47 46 39 0 15 26 16 20 7 30 28 20 3 17 23 9 28 1 21 28 24 3 44 27 48 44 19 43 32 35 36 45 19 2 17 18 39 46 13 40 32 9 2 35 21 11 49 37 1 
46 14 29 17 15 0 15 7 18 45 48 30 16 46 37 5 36 17 16 43 36 35 39 44 22 17 16 1 2 30 26 33 28 14 37 10 10 24 13 31 24 29 2 12 46 10 6 4 36 33 
25 15 39 7 26 15 0 44 22 12 21 45 26 23 25 47 29 2 24 1 5 45 26 28 35 23 42 11 9 24 31 22 31 11 27 12 6 3 17 9 15 5 49 49 23 10 21 31 16 29 
29 46 22 7 16 7 44 0 45 33 2 18 19 10 12 10 47 27 17 38 16 8 35 1 46 30 4 2 12 49 43 13 30 11 23 14 11 8 17 30 45 36 31 24 13 34 17 6 47 15 
41 19 34 28 20 18 22 45 0 41 32 7 25 22 49 32 39 13 35 10 38 28 3 48 46 44 26 43 33 14 2 24 35 30 47 11 40 36 27 17 29 36 8 31 18 29 2 6 24 16 
26 11 28 26 7 45 12 33 41 0 14 49 18 34 45 36 16 42 18 29 29 3 47 7 45 11 12 19 17 16 8 11 44 7 9 17 5 37 31 30 48 49 30 34 36 12 10 21 34 44 
2 20 18 23 30 48 21 2 32 14 0 27 18 38 27 11 36 33 5 46 47 46 7 15 21 33 24 30 47 12 23 14 41 12 25 7 25 10 39 39 15 28 25 2 6 40 44 4 24 14 
41 25 38 44 28 30 45 18 7 49 27 0 6 20 28 36 24 33 29 47 24 38 38 44 7 34 45 18 26 47 10 48 18 39 3 49 36 2 8 38 47 34 29 4 40 29 42 6 29 30 
46 37 20 3 20 16 26 19 25 18 18 6 0 44 28 31 43 8 35 23 9 35 48 12 20 35 42 45 5 40 2 31 18 30 14 39 46 6 15 40 31 8 9 38 20 48 48 36 23 28 
49 26 20 39 3 46 23 10 22 34 38 20 44 0 42 43 48 2 40 15 16 26 31 42 24 14 41 15 33 38 47 1 16 25 22 12 10 10 46 7 41 4 48 14 34 6 9 14 33 42 
21 41 20 28 17 37 25 12 49 45 27 28 28 42 0 4 47 44 26 37 12 19 36 8 22 39 21 3 35 39 30 10 4 44 19 35 23 2 45 30 14 33 24 49 36 36 36 41 42 24 
5 32 13 24 23 5 47 10 32 36 11 36 31 43 4 0 30 18 3 49 31 43 4 39 22 46 11 37 35 33 7 39 23 47 1 29 19 39 5 13 26 38 18 16 17 14 44 23 35 18 
3 26 9 38 9 36 29 47 39 16 36 24 43 48 47 30 0 14 25 5 39 9 41 3 28 33 2 9 41 41 28 35 18 20 41 45 22 15 34 17 24 17 5 8 13 45 1 41 24 17 
45 3 19 17 28 17 2 27 13 42 33 33 8 2 44 18 14 0 26 19 8 34 30 34 48 45 9 46 13 7 6 45 2 28 28 48 39 9 7 1 40 27 49 39 38 41 38 23 42 32 
8 10 46 17 1 16 24 17 35 18 5 29 35 40 26 3 25 26 0 15 25 7 15 10 15 30 24 3 2 48 45 27 5 38 27 32 6 36 38 34 35 9 13 8 15 25 34 21 45 23 
43 27 19 12 21 43 1 38 10 29 46 47 23 15 37 49 5 19 15 0 39 18 46 23 15 14 11 34 33 42 25 12 29 48 26 25 34 42 13 26 32 30 8 10 15 4 42 42 31 14 
43 30 46 13 28 36 5 16 38 29 47 24 9 16 12 31 39 8 25 39 0 32 15 18 5 40 20 9 41 4 27 33 47 12 14 37 26 20 33 24 40 21 6 40 13 8 37 29 10 11 
28 23 41 16 24 35 45 8 28 3 46 38 35 26 19 43 9 34 7 18 32 0 21 13 1 13 29 32 2 36 40 2 21 22 34 4 5 21 5 23 5 22 8 9 10 43 37 36 19 46 
9 43 30 23 3 39 26 35 3 47 7 38 48 31 36 4 41 30 15 46 15 21 0 40 41 27 7 30 16 11 31 5 10 45 31 41 24 39 40 43 1 9 46 38 1 38 23 18 9 25 
42 17 3 45 44 44 28 1 48 7 15 44 12 42 8 39 3 34 10 23 18 13 40 0 32 43 27 11 10 20 35 33 42 11 32 14 21 10 47 39 43 28 47 20 33 15 49 8 1 28 
14 43 1 26 27 22 35 46 46 45 21 7 20 24 22 22 28 48 15 15 5 1 41 32 0 33 40 3 18 14 47 29 4 17 6 15 10 47 10 18 49 37 41 32 4 32 18 24 14 21 
17 11 47 20 48 17 23 30 44 11 33 34 35 14 39 46 33 45 30 14 40 13 27 43 33 0 23 12 42 23 3 16 11 31 27 3 29 23 9 19 24 40 44 48 24 19 23 2 48 27 
14 35 43 29 44 16 42 4 26 12 24 45 42 41 21 11 2 9 24 11 20 29 7 27 40 23 0 30 24 6 41 35 3 43 46 8 15 2 17 39 48 31 24 41 36 36 21 32 6 20 
6 14 6 44 19 1 11 2 43 19 30 18 45 15 3 37 9 46 3 34 9 32 30 11 3 12 30 0 47 48 7 11 17 39 13 8 49 16 21 19 17 8 17 23 41 2 23 43 36 35 
11 35 6 43 43 2 9 12 33 17 47 26 5 33 35 35 41 13 2 33 41 2 16 10 18 42 24 47 0 38 39 4 31 45 31 25 28 1 40 39 38 47 4 36 12 27 39 29 16 19 
1 37 42 49 32 30 24 49 14 16 12 47 40 38 39 33 41 7 48 42 4 36 11 20 14 23 6 48 38 0 8 21 49 47 30 30 40 44 33 4 23 15 15 7 6 11 47 25 30 35 
13 8 19 9 35 26 31 43 2 8 23 10 2 47 30 7 28 6 45 25 27 40 31 35 47 3 41 7 39 8 0 3 41 14 9 37 35 24 46 44 13 15 13 5 49 6 24 2 11 13 
12 24 13 26 36 33 22 13 24 11 14 48 31 1 10 39 35 45 27 12 33 2 5 33 29 16 35 11 4 21 3 0 40 20 17 24 29 32 46 9 39 22 3 31 26 18 44 3 9 25 
40 41 23 14 45 28 31 30 35 44 41 18 18 16 4 23 18 2 5 29 47 21 10 42 4 11 3 17 31 49 41 40 0 5 12 46 12 13 40 1 16 16 13 14 40 26 31 19 24 5 
14 38 37 3 19 14 11 11 30 7 12 39 30 25 44 47 20 28 38 48 12 22 45 11 17 31 43 39 45 47 14 20 5 0 24 23 3 42 49 4 48 28 38 18 32 35 39 38 33 19 
2 25 18 2 2 37 27 23 47 9 25 3 14 22 19 1 41 28 27 26 14 34 31 32 6 27 46 13 31 30 9 17 12 24 0 27 13 25 19 23 12 27 39 1 49 33 12 47 23 49 
49 30 22 44 17 10 12 14 11 17 7 49 39 12 35 29 45 48 32 25 37 4 41 14 15 3 8 8 25 30 37 24 46 23 27 0 15 19 34 3 18 1 8 22 10 43 15 30 6 10 
29 49 1 30 18 10 6 11 40 5 25 36 46 10 23 19 22 39 6 34 26 5 24 21 10 29 15 49 28 40 35 29 12 3 13 15 0 10 11 20 2 33 6 47 33 21 48 31 23 36 
23 15 24 9 39 24 3 8 36 37 10 2 6 10 2 39 15 9 36 42 20 21 39 10 47 23 2 16 1 44 24 32 13 42 25 19 10 0 15 38 22 21 16 36 3 21 17 14 22 34 
28 28 41 10 46 13 17 17 27 31 39 8 15 46 45 5 34 7 38 13 33 5 40 47 10 9 17 21 40 33 46 46 40 49 19 34 11 15 0 45 21 1 45 40 17 41 40 23 48 28 
1 22 20 29 13 31 9 30 17 30 39 38 40 7 30 13 17 1 34 26 24 23 43 39 18 19 39 19 39 4 44 9 1 4 23 3 20 38 45 0 25 18 46 10 23 4 17 10 17 12 
27 32 20 25 40 24 15 45 29 48 15 47 31 41 14 26 24 40 35 32 40 5 1 43 49 24 48 17 38 23 13 39 16 48 12 18 2 22 21 25 0 9 4 43 49 8 34 24 37 6 
48 3 38 47 32 29 5 36 36 49 28 34 8 4 33 38 17 27 9 30 21 22 9 28 37 40 31 8 47 15 15 22 16 28 27 1 33 21 1 18 9 0 10 44 36 47 43 6 5 34 
24 14 4 24 9 2 49 31 8 30 25 29 9 48 24 18 5 49 13 8 6 8 46 47 41 44 24 17 4 15 13 3 13 38 39 8 6 16 45 46 4 10 0 16 8 25 45 15 35 44 
20 20 2 28 2 12 49 24 31 34 2 4 38 14 49 16 8 39 8 10 40 9 38 20 32 48 41 23 36 7 5 31 14 18 1 22 47 36 40 10 43 44 16 0 4 35 49 9 9 3 
32 22 49 37 35 46 23 13 18 36 6 40 20 34 36 17 13 38 15 15 13 10 1 33 4 24 36 41 12 6 49 26 40 32 49 10 33 3 17 23 49 36 8 4 0 14 23 44 9 19 
37 1 41 11 21 10 10 34 29 12 40 29 48 6 36 14 45 41 25 4 8 43 38 15 32 19 36 2 27 11 6 18 26 35 33 43 21 21 41 4 8 47 25 35 14 0 5 11 20 25 
32 35 3 27 11 6 21 17 2 10 44 42 48 9 36 44 1 38 34 42 37 37 23 49 18 23 21 23 39 47 24 44 31 39 12 15 48 17 40 17 34 43 45 49 23 5 0 17 43 48 
23 35 36 6 49 4 31 6 6 21 4 6 36 14 41 23 41 23 21 42 29 36 18 8 24 2 32 43 29 25 2 3 19 38 47 30 31 14 23 10 24 6 15 9 44 11 17 0 23 4 
24 27 31 40 37 36 16 47 24 34 24 29 23 33 42 35 24 42 45 31 10 19 9 1 14 48 6 36 16 30 11 9 24 33 23 6 23 22 48 17 37 5 35 9 9 20 43 23 0 24 
25 17 19 17 1 33 29 15 16 44 14 30 28 42 24 18 17 32 23 14 11 46 25 28 21 27 20 35 19 35 13 25 5 19 49 10 36 34 28 12 6 34 44 3 19 25 48 4 24 0 
