0 30 1 16 8 18 26 27 46 27 4 25 6 32 47 12 5 26 28 42 26 32 10 6 14 3 38 34 10 42 32 15 7 25 26 49 48 29 7 38 40 13 20 38 28 30 29 1 46 2 
30 0 44 33 2 22 21 25 25 35 25 2 21 15 30 7 23 5 30 47 37 8 11 11 48 20 17 28 15 41 29 36 27 13 13 7 8 22 27 47 27 6 11 34 23 3 40 13 6 17 
1 44 0 42 5 6 41 15 37 40 11 4 46 9 41 12 11 26 28 8 7 9 46 2 32 46 39 17 18 3 46 20 38 47 43 43 7 30 10 24 38 22 24 43 4 42 26 35 14 18 
16 33 42 0 46 24 40 18 16 27 23 2 32 35 9 5 25 20 43 15 2 12 24 20 11 16 12 4 30 40 22 4 38 26 34 28 20 3 16 24 33 2 27 32 28 15 49 46 28 5 
8 2 5 46 0 8 29 21 1 30 30 10 18 45 22 7 14 10 7 35 7 38 20 24 15 28 9 14 22 36 25 29 26 49 26 44 48 5 27 10 2 3 40 4 37 47 12 30 47 37 
18 22 6 24 8 0 11 25 11 3 13 21 5 3 46 4 49 48 22 24 47 31 37 3 46 12 46 48 36 19 40 27 29 11 31 33 8 23 32 12 25 42 24 6 11 48 40 25 37 4 
26 21 41 40 29 11 0 20 42 1 21 24 3 16 7 4 6 37 16 28 33 9 2 24 3 22 41 48 35 21 43 22 38 30 42 11 21 3 15 2 47 16 2 43 9 11 42 27 22 35 
27 25 15 18 21 25 20 0 8 13 43 11 39 3 26 6 35 45 40 6 28 2 2 19 27 40 49 19 49 43 39 26 38 45 3 49 19 15 4 44 47 45 46 29 26 13 41 17 5 19 
46 25 37 16 1 11 42 8 0 16 28 34 6 11 48 11 34 45 11 6 1 40 33 33 43 49 24 33 49 17 28 14 49 29 43 11 3 3 21 12 25 19 15 6 24 3 43 20 19 44 
27 35 40 27 30 3 1 13 16 0 21 17 6 35 24 3 25 26 45 46 29 44 39 44 24 17 14 2 9 22 43 24 22 29 46 2 1 28 32 18 25 3 26 10 35 34 21 18 10 26 
4 25 11 23 30 13 21 43 28 21 0 6 42 20 40 5 6 23 17 16 15 16 3 6 37 5 22 37 4 8 9 34 36 15 43 23 4 14 29 20 7 23 42 18 44 10 27 31 23 33 
25 2 4 2 10 21 24 11 34 17 6 0 29 44 20 5 23 23 10 35 12 12 49 6 12 41 31 16 28 10 39 46 6 25 22 20 4 22 40 35 28 40 20 1 30 16 3 21 40 49 
6 21 46 32 18 5 3 39 6 6 42 29 0 48 7 40 28 38 44 34 18 26 6 11 36 42 48 26 39 29 12 36 28 14 24 28 37 13 40 34 21 4 40 16 28 6 2 35 35 28 
32 15 9 35 45 3 16 3 11 35 20 44 48 0 48 49 38 29 15 15 34 22 10 45 20 28 16 43 24 31 45 47 44 11 22 22 24 47 33 9 30 15 2 37 47 5 28 1 5 2 
47 30 41 9 22 46 7 26 48 24 40 20 7 48 0 43 33 14 24 29 4 20 28 13 14 49 9 18 24 49 1 48 40 2 29 40 46 39 5 42 23 29 25 48 41 48 44 22 5 20 
12 7 12 5 7 4 4 6 11 3 5 5 40 49 43 0 33 34 17 11 29 38 20 39 1 34 11 13 35 41 26 26 6 3 9 27 6 32 4 3 3 38 7 45 1 35 41 35 30 10 
5 23 11 25 14 49 6 35 34 25 6 23 28 38 33 33 0 1 43 38 28 11 8 6 2 32 17 40 41 8 18 19 47 10 11 27 27 24 35 48 8 5 23 44 43 15 11 12 32 31 
26 5 26 20 10 48 37 45 45 26 23 23 38 29 14 34 1 0 36 4 4 14 3 49 47 20 45 26 17 30 10 47 1 46 44 43 32 35 21 18 28 34 27 44 40 41 11 20 34 1 
28 30 28 43 7 22 16 40 11 45 17 10 44 15 24 17 43 36 0 35 16 49 21 35 2 20 31 10 28 47 48 22 26 19 3 29 24 3 32 20 39 8 44 26 48 7 23 19 8 8 
42 47 8 15 35 24 28 6 6 46 16 35 34 15 29 11 38 4 35 0 13 1 28 29 24 27 19 29 45 22 42 21 6 34 40 2 19 29 41 48 34 7 47 16 32 17 16 41 25 12 
26 37 7 2 7 47 33 28 1 29 15 12 18 34 4 29 28 4 16 13 0 45 17 5 31 37 6 32 32 40 11 42 7 27 46 23 39 48 48 14 27 14 39 31 10 47 14 10 44 3 
32 8 9 12 38 31 9 2 40 44 16 12 26 22 20 38 11 14 49 1 45 0 32 21 22 42 38 29 2 29 20 4 36 6 31 49 28 44 20 4 45 29 30 42 45 14 44 11 37 24 
10 11 46 24 20 37 2 2 33 39 3 49 6 10 28 20 8 3 21 28 17 32 0 19 42 15 43 27 9 14 1 37 14 16 44 32 29 42 37 23 42 43 30 42 39 2 14 40 36 4 
6 11 2 20 24 3 24 19 33 44 6 6 11 45 13 39 6 49 35 29 5 21 19 0 13 43 13 46 25 21 36 47 45 45 14 42 16 6 34 7 39 21 31 32 5 29 49 35 37 38 
14 48 32 11 15 46 3 27 43 24 37 12 36 20 14 1 2 47 2 24 31 22 42 13 0 5 1 16 30 45 43 28 18 36 8 24 24 45 29 1 40 10 6 38 2 25 22 34 48 37 
3 20 46 16 28 12 22 40 49 17 5 41 42 28 49 34 32 20 20 27 37 42 15 43 5 0 30 20 36 10 36 41 19 26 39 10 38 33 48 11 33 30 21 28 33 40 37 12 48 2 
38 17 39 12 9 46 41 49 24 14 22 31 48 16 9 11 17 45 31 19 6 38 43 13 1 30 0 47 13 4 16 28 23 43 31 2 36 3 1 7 3 13 25 6 3 1 11 2 34 43 
34 28 17 4 14 48 48 19 33 2 37 16 26 43 18 13 40 26 10 29 32 29 27 46 16 20 47 0 8 4 16 40 43 41 4 8 42 49 47 11 1 23 30 48 3 47 39 25 8 12 
10 15 18 30 22 36 35 49 49 9 4 28 39 24 24 35 41 17 28 45 32 2 9 25 30 36 13 8 0 41 47 23 24 34 42 26 44 17 11 37 46 45 2 8 3 44 9 49 44 11 
42 41 3 40 36 19 21 43 17 22 8 10 29 31 49 41 8 30 47 22 40 29 14 21 45 10 4 4 41 0 1 49 46 7 5 35 35 11 37 15 14 46 11 13 35 5 21 48 11 9 
32 29 46 22 25 40 43 39 28 43 9 39 12 45 1 26 18 10 48 42 11 20 1 36 43 36 16 16 47 1 0 24 2 38 37 35 7 19 19 29 26 44 1 20 7 7 31 36 47 36 
15 36 20 4 29 27 22 26 14 24 34 46 36 47 48 26 19 47 22 21 42 4 37 47 28 41 28 40 23 49 24 0 12 3 49 46 19 45 34 16 3 47 42 16 32 43 16 47 36 44 
7 27 38 38 26 29 38 38 49 22 36 6 28 44 40 6 47 1 26 6 7 36 14 45 18 19 23 43 24 46 2 12 0 39 35 22 4 33 7 10 6 14 36 14 34 11 41 8 24 39 
25 13 47 26 49 11 30 45 29 29 15 25 14 11 2 3 10 46 19 34 27 6 16 45 36 26 43 41 34 7 38 3 39 0 11 26 31 35 8 44 45 1 18 33 29 6 14 36 5 17 
26 13 43 34 26 31 42 3 43 46 43 22 24 22 29 9 11 44 3 40 46 31 44 14 8 39 31 4 42 5 37 49 35 11 0 24 8 48 24 19 40 38 24 43 6 2 27 42 22 26 
49 7 43 28 44 33 11 49 11 2 23 20 28 22 40 27 27 43 29 2 23 49 32 42 24 10 2 8 26 35 35 46 22 26 24 0 47 46 7 48 33 38 12 16 47 23 4 32 9 2 
48 8 7 20 48 8 21 19 3 1 4 4 37 24 46 6 27 32 24 19 39 28 29 16 24 38 36 42 44 35 7 19 4 31 8 47 0 7 44 10 18 49 16 23 19 21 31 37 39 15 
29 22 30 3 5 23 3 15 3 28 14 22 13 47 39 32 24 35 3 29 48 44 42 6 45 33 3 49 17 11 19 45 33 35 48 46 7 0 12 49 40 43 14 25 10 37 29 49 33 38 
7 27 10 16 27 32 15 4 21 32 29 40 40 33 5 4 35 21 32 41 48 20 37 34 29 48 1 47 11 37 19 34 7 8 24 7 44 12 0 7 41 35 22 41 33 46 39 8 30 30 
38 47 24 24 10 12 2 44 12 18 20 35 34 9 42 3 48 18 20 48 14 4 23 7 1 11 7 11 37 15 29 16 10 44 19 48 10 49 7 0 18 16 43 38 5 36 13 12 37 20 
40 27 38 33 2 25 47 47 25 25 7 28 21 30 23 3 8 28 39 34 27 45 42 39 40 33 3 1 46 14 26 3 6 45 40 33 18 40 41 18 0 42 6 3 7 19 15 5 18 33 
13 6 22 2 3 42 16 45 19 3 23 40 4 15 29 38 5 34 8 7 14 29 43 21 10 30 13 23 45 46 44 47 14 1 38 38 49 43 35 16 42 0 14 25 24 13 21 49 23 49 
20 11 24 27 40 24 2 46 15 26 42 20 40 2 25 7 23 27 44 47 39 30 30 31 6 21 25 30 2 11 1 42 36 18 24 12 16 14 22 43 6 14 0 38 28 31 25 26 1 31 
38 34 43 32 4 6 43 29 6 10 18 1 16 37 48 45 44 44 26 16 31 42 42 32 38 28 6 48 8 13 20 16 14 33 43 16 23 25 41 38 3 25 38 0 35 3 8 12 18 32 
28 23 4 28 37 11 9 26 24 35 44 30 28 47 41 1 43 40 48 32 10 45 39 5 2 33 3 3 3 35 7 32 34 29 6 47 19 10 33 5 7 24 28 35 0 25 38 28 25 38 
30 3 42 15 47 48 11 13 3 34 10 16 6 5 48 35 15 41 7 17 47 14 2 29 25 40 1 47 44 5 7 43 11 6 2 23 21 37 46 36 19 13 31 3 25 0 40 14 8 38 
29 40 26 49 12 40 42 41 43 21 27 3 2 28 44 41 11 11 23 16 14 44 14 49 22 37 11 39 9 21 31 16 41 14 27 4 31 29 39 13 15 21 25 8 38 40 0 48 40 8 
1 13 35 46 30 25 27 17 20 18 31 21 35 1 22 35 12 20 19 41 10 11 40 35 34 12 2 25 49 48 36 47 8 36 42 32 37 49 8 12 5 49 26 12 28 14 48 0 11 32 
46 6 14 28 47 37 22 5 19 10 23 40 35 5 5 30 32 34 8 25 44 37 36 37 48 48 34 8 44 11 47 36 24 5 22 9 39 33 30 37 18 23 1 18 25 8 40 11 0 48 
2 17 18 5 37 4 35 19 44 26 33 49 28 2 20 10 31 1 8 12 3 24 4 38 37 2 43 12 11 9 36 44 39 17 26 2 15 38 30 20 33 49 31 32 38 38 8 32 48 0 
