0 8 19 4 13 30 17 48 25 11 38 8 25 48 13 21 44 43 15 22 34 17 25 48 27 46 23 15 24 12 1 25 31 45 11 10 21 40 6 35 15 22 40 21 25 12 41 26 37 10 
8 0 17 35 36 22 42 29 32 49 22 14 47 25 14 3 6 34 38 5 8 10 14 23 36 21 4 32 2 47 40 11 12 3 39 31 44 31 48 15 42 47 12 3 9 35 25 22 9 2 
19 17 0 34 15 5 48 46 36 14 23 32 43 10 35 32 44 32 31 2 7 38 40 9 43 15 45 30 8 25 21 49 15 15 32 30 44 26 5 43 1 4 2 3 17 26 23 49 46 37 
4 35 34 0 47 32 36 3 25 24 39 6 3 8 38 43 17 19 25 33 36 41 27 18 47 12 13 9 27 47 7 48 48 16 1 21 46 27 11 34 44 35 43 39 30 3 1 30 5 11 
13 36 15 47 0 36 8 49 20 17 3 10 36 18 11 7 1 23 11 24 31 43 33 17 30 6 22 35 29 5 43 10 17 20 48 20 20 7 11 20 22 46 34 29 42 2 38 37 39 36 
30 22 5 32 36 0 23 1 17 7 13 26 41 26 34 3 28 27 1 32 8 21 49 41 27 48 1 30 30 33 30 22 3 25 35 24 13 11 1 15 7 27 4 43 12 20 38 7 29 47 
17 42 48 36 8 23 0 44 21 47 24 44 19 41 4 4 22 18 37 48 36 31 27 24 49 12 35 13 38 6 5 23 47 43 31 13 42 16 26 32 47 33 32 3 38 28 3 43 42 27 
48 29 46 3 49 1 44 0 10 40 16 5 23 20 21 21 44 41 2 17 44 3 45 19 17 49 32 39 49 32 30 7 44 22 38 17 17 11 27 36 33 26 33 18 36 40 36 24 7 6 
25 32 36 25 20 17 21 10 0 6 1 16 5 31 45 35 6 15 4 30 3 24 34 46 49 45 5 27 37 48 18 11 49 37 8 33 30 36 45 13 45 39 22 47 28 8 14 34 44 36 
11 49 14 24 17 7 47 40 6 0 41 35 26 21 8 29 13 6 17 23 29 43 19 10 28 2 48 41 44 16 48 21 24 2 45 16 25 5 43 36 38 3 13 44 42 10 14 19 10 4 
38 22 23 39 3 13 24 16 1 41 0 22 8 34 45 1 30 24 45 46 22 49 1 3 33 43 8 4 32 27 3 33 32 35 31 29 31 44 11 8 17 47 30 49 41 44 22 8 33 42 
8 14 32 6 10 26 44 5 16 35 22 0 1 3 48 12 42 34 13 49 28 24 18 30 30 37 37 45 45 18 10 8 36 41 40 2 17 16 27 17 38 28 49 46 26 48 16 32 3 39 
25 47 43 3 36 41 19 23 5 26 8 1 0 12 21 44 37 5 36 9 14 18 28 47 13 27 38 44 47 8 31 37 45 21 45 45 48 39 38 31 21 20 41 3 11 46 34 42 18 2 
48 25 10 8 18 26 41 20 31 21 34 3 12 0 31 18 43 8 22 40 1 43 21 34 17 40 40 41 16 15 17 26 16 12 26 38 32 9 2 12 18 8 48 31 48 22 31 1 19 25 
13 14 35 38 11 34 4 21 45 8 45 48 21 31 0 39 40 37 5 39 33 4 30 8 13 35 47 42 15 48 37 36 11 42 14 44 3 28 48 25 19 46 18 14 22 33 29 15 1 13 
21 3 32 43 7 3 4 21 35 29 1 12 44 18 39 0 38 26 11 38 28 40 26 25 23 3 40 4 48 8 16 29 1 16 10 45 18 38 46 23 31 27 19 31 9 18 28 41 18 29 
44 6 44 17 1 28 22 44 6 13 30 42 37 43 40 38 0 15 11 35 29 25 40 24 38 37 21 43 37 17 39 17 21 41 17 14 48 29 23 43 29 1 6 38 11 37 32 33 25 19 
43 34 32 19 23 27 18 41 15 6 24 34 5 8 37 26 15 0 44 45 7 48 15 45 40 48 35 34 10 32 42 16 12 5 13 20 40 38 47 48 49 26 32 45 26 30 31 33 19 40 
15 38 31 25 11 1 37 2 4 17 45 13 36 22 5 11 11 44 0 20 26 8 46 9 32 1 10 44 18 31 23 8 29 3 33 9 35 27 4 46 31 29 9 44 36 27 30 25 17 34 
22 5 2 33 24 32 48 17 30 23 46 49 9 40 39 38 35 45 20 0 10 26 34 6 43 21 2 6 19 22 47 23 26 13 28 28 22 10 32 37 28 2 13 26 25 22 4 19 15 46 
34 8 7 36 31 8 36 44 3 29 22 28 14 1 33 28 29 7 26 10 0 45 11 21 36 31 30 26 34 5 46 10 44 40 7 37 14 23 8 20 30 14 29 41 25 34 14 15 24 34 
17 10 38 41 43 21 31 3 24 43 49 24 18 43 4 40 25 48 8 26 45 0 34 14 44 48 8 13 36 32 35 33 7 5 5 2 4 36 16 34 16 10 34 40 34 34 44 16 29 31 
25 14 40 27 33 49 27 45 34 19 1 18 28 21 30 26 40 15 46 34 11 34 0 36 16 39 28 12 14 41 38 34 36 5 18 38 42 28 35 33 32 13 2 34 21 26 3 15 18 48 
48 23 9 18 17 41 24 19 46 10 3 30 47 34 8 25 24 45 9 6 21 14 36 0 33 48 1 18 30 25 6 43 39 47 6 33 6 10 22 31 24 26 33 24 21 38 24 26 6 44 
27 36 43 47 30 27 49 17 49 28 33 30 13 17 13 23 38 40 32 43 36 44 16 33 0 30 5 16 49 40 39 19 20 10 11 19 8 18 2 36 28 39 26 7 41 22 44 16 27 42 
46 21 15 12 6 48 12 49 45 2 43 37 27 40 35 3 37 48 1 21 31 48 39 48 30 0 47 25 29 12 5 29 8 49 18 8 13 42 35 2 48 7 16 46 8 29 20 38 34 37 
23 4 45 13 22 1 35 32 5 48 8 37 38 40 47 40 21 35 10 2 30 8 28 1 5 47 0 47 48 37 17 28 6 5 48 30 32 5 41 36 48 13 9 11 37 25 45 19 41 35 
15 32 30 9 35 30 13 39 27 41 4 45 44 41 42 4 43 34 44 6 26 13 12 18 16 25 47 0 13 34 44 47 28 14 40 31 40 24 19 7 18 25 12 8 26 2 5 24 37 28 
24 2 8 27 29 30 38 49 37 44 32 45 47 16 15 48 37 10 18 19 34 36 14 30 49 29 48 13 0 21 3 43 33 4 11 7 27 14 7 33 27 9 27 15 11 23 16 35 35 32 
12 47 25 47 5 33 6 32 48 16 27 18 8 15 48 8 17 32 31 22 5 32 41 25 40 12 37 34 21 0 18 39 40 4 31 20 15 33 34 36 43 45 37 44 33 22 49 9 16 22 
1 40 21 7 43 30 5 30 18 48 3 10 31 17 37 16 39 42 23 47 46 35 38 6 39 5 17 44 3 18 0 32 2 2 11 5 37 38 34 8 40 43 12 7 10 26 26 27 1 23 
25 11 49 48 10 22 23 7 11 21 33 8 37 26 36 29 17 16 8 23 10 33 34 43 19 29 28 47 43 39 32 0 21 33 42 27 49 11 13 43 46 13 48 34 5 3 11 30 27 15 
31 12 15 48 17 3 47 44 49 24 32 36 45 16 11 1 21 12 29 26 44 7 36 39 20 8 6 28 33 40 2 21 0 6 18 11 30 23 40 40 4 35 49 47 45 47 30 23 9 1 
45 3 15 16 20 25 43 22 37 2 35 41 21 12 42 16 41 5 3 13 40 5 5 47 10 49 5 14 4 4 2 33 6 0 35 43 4 34 41 44 34 44 10 5 9 6 18 25 10 35 
11 39 32 1 48 35 31 38 8 45 31 40 45 26 14 10 17 13 33 28 7 5 18 6 11 18 48 40 11 31 11 42 18 35 0 8 3 30 42 30 28 6 38 1 27 4 38 6 47 8 
10 31 30 21 20 24 13 17 33 16 29 2 45 38 44 45 14 20 9 28 37 2 38 33 19 8 30 31 7 20 5 27 11 43 8 0 40 29 40 43 26 44 25 12 49 43 2 29 18 3 
21 44 44 46 20 13 42 17 30 25 31 17 48 32 3 18 48 40 35 22 14 4 42 6 8 13 32 40 27 15 37 49 30 4 3 40 0 5 29 11 20 9 33 8 31 38 4 14 38 3 
40 31 26 27 7 11 16 11 36 5 44 16 39 9 28 38 29 38 27 10 23 36 28 10 18 42 5 24 14 33 38 11 23 34 30 29 5 0 48 1 27 44 15 24 40 25 6 32 16 33 
6 48 5 11 11 1 26 27 45 43 11 27 38 2 48 46 23 47 4 32 8 16 35 22 2 35 41 19 7 34 34 13 40 41 42 40 29 48 0 6 46 31 31 8 10 28 36 49 12 32 
35 15 43 34 20 15 32 36 13 36 8 17 31 12 25 23 43 48 46 37 20 34 33 31 36 2 36 7 33 36 8 43 40 44 30 43 11 1 6 0 39 10 10 45 9 41 36 21 31 32 
15 42 1 44 22 7 47 33 45 38 17 38 21 18 19 31 29 49 31 28 30 16 32 24 28 48 48 18 27 43 40 46 4 34 28 26 20 27 46 39 0 40 20 9 19 25 32 22 19 35 
22 47 4 35 46 27 33 26 39 3 47 28 20 8 46 27 1 26 29 2 14 10 13 26 39 7 13 25 9 45 43 13 35 44 6 44 9 44 31 10 40 0 16 4 5 16 22 21 15 1 
40 12 2 43 34 4 32 33 22 13 30 49 41 48 18 19 6 32 9 13 29 34 2 33 26 16 9 12 27 37 12 48 49 10 38 25 33 15 31 10 20 16 0 14 21 41 6 34 9 23 
21 3 3 39 29 43 3 18 47 44 49 46 3 31 14 31 38 45 44 26 41 40 34 24 7 46 11 8 15 44 7 34 47 5 1 12 8 24 8 45 9 4 14 0 2 33 28 9 46 41 
25 9 17 30 42 12 38 36 28 42 41 26 11 48 22 9 11 26 36 25 25 34 21 21 41 8 37 26 11 33 10 5 45 9 27 49 31 40 10 9 19 5 21 2 0 30 20 27 46 43 
12 35 26 3 2 20 28 40 8 10 44 48 46 22 33 18 37 30 27 22 34 34 26 38 22 29 25 2 23 22 26 3 47 6 4 43 38 25 28 41 25 16 41 33 30 0 6 40 46 7 
41 25 23 1 38 38 3 36 14 14 22 16 34 31 29 28 32 31 30 4 14 44 3 24 44 20 45 5 16 49 26 11 30 18 38 2 4 6 36 36 32 22 6 28 20 6 0 30 32 14 
26 22 49 30 37 7 43 24 34 19 8 32 42 1 15 41 33 33 25 19 15 16 15 26 16 38 19 24 35 9 27 30 23 25 6 29 14 32 49 21 22 21 34 9 27 40 30 0 48 37 
37 9 46 5 39 29 42 7 44 10 33 3 18 19 1 18 25 19 17 15 24 29 18 6 27 34 41 37 35 16 1 27 9 10 47 18 38 16 12 31 19 15 9 46 46 46 32 48 0 24 
10 2 37 11 36 47 27 6 36 4 42 39 2 25 13 29 19 40 34 46 34 31 48 44 42 37 35 28 32 22 23 15 1 35 8 3 3 33 32 32 35 1 23 41 43 7 14 37 24 0 
