0 47 22 29 34 22 8 44 38 1 19 9 22 11 31 31 22 39 4 30 25 13 21 7 31 15 6 44 45 9 38 2 38 23 36 32 46 49 11 5 12 7 32 49 21 47 3 20 12 44 
47 0 2 23 4 7 1 8 44 30 47 20 4 48 2 13 6 37 2 23 40 3 46 38 10 19 27 10 27 16 16 25 4 31 38 8 16 31 42 10 41 3 46 30 12 43 46 44 13 44 
22 2 0 40 17 8 18 11 36 32 22 35 7 38 12 40 41 39 30 7 23 21 40 36 18 21 22 3 6 16 4 36 36 32 27 43 42 27 47 48 46 45 19 45 27 30 19 33 34 37 
29 23 40 0 15 8 18 37 26 38 28 30 5 35 10 44 44 4 19 2 1 34 4 1 26 10 6 46 4 38 21 40 8 34 32 37 4 44 4 46 15 45 32 16 38 37 47 28 28 26 
34 4 17 15 0 27 8 44 27 4 48 40 28 22 25 30 9 28 39 26 37 25 26 22 12 48 49 40 32 24 47 49 5 46 31 1 9 9 30 16 16 34 26 40 48 1 28 36 26 9 
22 7 8 8 27 0 43 31 42 5 34 20 18 37 38 45 7 36 38 33 34 29 32 24 14 47 8 6 22 19 36 44 13 44 40 9 47 43 35 18 16 7 13 15 14 21 36 35 35 46 
8 1 18 18 8 43 0 7 46 23 38 25 49 1 42 2 45 45 27 25 22 39 21 31 29 35 23 19 9 10 1 21 45 45 20 6 29 18 26 15 27 3 19 47 41 33 21 28 31 11 
44 8 11 37 44 31 7 0 47 29 19 28 36 5 28 30 28 28 49 43 46 34 5 17 31 39 44 31 10 22 37 9 35 14 12 12 28 30 1 45 17 13 37 12 49 39 9 1 2 38 
38 44 36 26 27 42 46 47 0 34 45 15 45 17 39 17 42 1 39 26 36 27 33 14 24 44 28 14 6 1 48 49 25 30 9 9 28 9 11 35 20 32 28 30 47 29 23 20 27 5 
1 30 32 38 4 5 23 29 34 0 16 28 23 41 7 21 9 20 49 33 38 40 3 7 42 33 11 38 23 17 10 20 10 47 11 46 49 9 30 4 29 24 41 3 30 28 1 44 3 25 
19 47 22 28 48 34 38 19 45 16 0 31 20 20 3 14 34 25 32 26 27 10 8 11 48 43 3 30 20 17 11 34 24 10 36 28 46 4 35 35 3 19 35 13 6 47 8 46 49 2 
9 20 35 30 40 20 25 28 15 28 31 0 19 41 7 46 19 1 40 4 25 10 6 12 21 39 47 32 6 42 31 27 28 26 40 14 47 22 16 13 13 3 14 41 15 31 47 9 49 39 
22 4 7 5 28 18 49 36 45 23 20 19 0 17 34 14 9 3 43 4 6 4 29 28 32 2 36 15 42 29 49 10 39 33 43 45 41 45 28 2 7 16 14 3 32 32 1 40 42 29 
11 48 38 35 22 37 1 5 17 41 20 41 17 0 19 27 4 17 30 15 8 43 35 31 41 27 1 18 33 14 45 42 38 12 9 15 38 13 21 35 15 10 25 19 35 39 43 26 37 10 
31 2 12 10 25 38 42 28 39 7 3 7 34 19 0 12 6 13 16 22 26 38 36 25 41 7 35 21 26 38 5 24 25 3 14 48 20 14 45 37 25 36 34 44 3 45 14 42 48 19 
31 13 40 44 30 45 2 30 17 21 14 46 14 27 12 0 17 37 29 25 41 30 20 16 21 31 37 49 30 44 26 23 3 39 42 30 42 23 31 31 44 33 44 19 44 4 46 43 8 20 
22 6 41 44 9 7 45 28 42 9 34 19 9 4 6 17 0 25 14 21 39 12 14 4 24 17 16 8 33 32 19 6 1 22 16 7 4 8 20 45 22 9 25 34 41 22 22 21 1 33 
39 37 39 4 28 36 45 28 1 20 25 1 3 17 13 37 25 0 9 15 2 27 48 2 21 34 45 5 8 21 29 45 39 25 10 21 33 16 44 20 25 25 17 34 10 10 8 48 1 2 
4 2 30 19 39 38 27 49 39 49 32 40 43 30 16 29 14 9 0 28 10 46 3 34 30 26 39 17 39 41 28 18 31 29 6 40 28 43 27 15 31 38 47 16 25 40 21 4 14 3 
30 23 7 2 26 33 25 43 26 33 26 4 4 15 22 25 21 15 28 0 39 49 30 7 5 9 14 43 13 16 23 13 29 20 12 40 48 33 5 49 27 23 37 12 21 43 49 14 19 35 
25 40 23 1 37 34 22 46 36 38 27 25 6 8 26 41 39 2 10 39 0 48 30 48 18 48 11 12 9 31 46 16 33 25 25 11 3 25 45 45 6 28 36 5 33 24 47 35 47 16 
13 3 21 34 25 29 39 34 27 40 10 10 4 43 38 30 12 27 46 49 48 0 41 22 27 33 37 35 36 31 10 23 45 48 21 43 1 15 49 9 3 47 31 25 37 48 8 33 43 21 
21 46 40 4 26 32 21 5 33 3 8 6 29 35 36 20 14 48 3 30 30 41 0 43 45 25 26 26 10 31 17 19 37 17 8 6 34 47 8 27 29 45 9 2 45 19 10 41 27 45 
7 38 36 1 22 24 31 17 14 7 11 12 28 31 25 16 4 2 34 7 48 22 43 0 45 28 45 45 29 18 27 13 25 18 44 13 9 28 12 45 14 16 1 33 21 2 7 25 31 24 
31 10 18 26 12 14 29 31 24 42 48 21 32 41 41 21 24 21 30 5 18 27 45 45 0 9 1 12 28 36 13 27 31 6 7 24 24 42 47 42 12 4 46 20 4 46 3 45 14 14 
15 19 21 10 48 47 35 39 44 33 43 39 2 27 7 31 17 34 26 9 48 33 25 28 9 0 22 14 3 3 30 16 8 27 40 22 16 23 38 19 15 6 4 38 23 13 14 11 46 4 
6 27 22 6 49 8 23 44 28 11 3 47 36 1 35 37 16 45 39 14 11 37 26 45 1 22 0 24 13 30 32 29 4 32 24 43 1 25 11 10 13 46 14 15 31 31 46 47 27 20 
44 10 3 46 40 6 19 31 14 38 30 32 15 18 21 49 8 5 17 43 12 35 26 45 12 14 24 0 33 23 3 18 8 40 47 37 35 7 17 45 24 35 19 19 1 11 12 40 45 19 
45 27 6 4 32 22 9 10 6 23 20 6 42 33 26 30 33 8 39 13 9 36 10 29 28 3 13 33 0 9 46 17 39 47 10 24 37 21 17 28 40 44 4 27 24 13 26 7 8 46 
9 16 16 38 24 19 10 22 1 17 17 42 29 14 38 44 32 21 41 16 31 31 31 18 36 3 30 23 9 0 12 44 32 3 14 19 27 16 6 45 31 34 2 17 27 36 2 11 28 42 
38 16 4 21 47 36 1 37 48 10 11 31 49 45 5 26 19 29 28 23 46 10 17 27 13 30 32 3 46 12 0 15 30 25 48 34 24 28 48 10 42 34 46 6 46 32 12 17 13 15 
2 25 36 40 49 44 21 9 49 20 34 27 10 42 24 23 6 45 18 13 16 23 19 13 27 16 29 18 17 44 15 0 39 21 22 37 21 47 40 7 26 34 40 7 37 18 35 30 3 8 
38 4 36 8 5 13 45 35 25 10 24 28 39 38 25 3 1 39 31 29 33 45 37 25 31 8 4 8 39 32 30 39 0 29 24 21 27 19 39 24 15 45 14 10 3 28 16 36 8 7 
23 31 32 34 46 44 45 14 30 47 10 26 33 12 3 39 22 25 29 20 25 48 17 18 6 27 32 40 47 3 25 21 29 0 49 24 3 25 22 7 38 11 36 40 46 13 45 26 47 39 
36 38 27 32 31 40 20 12 9 11 36 40 43 9 14 42 16 10 6 12 25 21 8 44 7 40 24 47 10 14 48 22 24 49 0 4 1 30 2 37 22 34 32 7 17 23 2 21 6 48 
32 8 43 37 1 9 6 12 9 46 28 14 45 15 48 30 7 21 40 40 11 43 6 13 24 22 43 37 24 19 34 37 21 24 4 0 23 45 39 20 39 46 43 21 23 12 23 41 13 15 
46 16 42 4 9 47 29 28 28 49 46 47 41 38 20 42 4 33 28 48 3 1 34 9 24 16 1 35 37 27 24 21 27 3 1 23 0 21 5 28 49 27 4 32 33 48 45 48 25 9 
49 31 27 44 9 43 18 30 9 9 4 22 45 13 14 23 8 16 43 33 25 15 47 28 42 23 25 7 21 16 28 47 19 25 30 45 21 0 45 6 36 1 18 3 46 46 30 19 45 27 
11 42 47 4 30 35 26 1 11 30 35 16 28 21 45 31 20 44 27 5 45 49 8 12 47 38 11 17 17 6 48 40 39 22 2 39 5 45 0 44 20 17 10 35 26 46 36 25 28 13 
5 10 48 46 16 18 15 45 35 4 35 13 2 35 37 31 45 20 15 49 45 9 27 45 42 19 10 45 28 45 10 7 24 7 37 20 28 6 44 0 31 19 42 46 1 34 4 16 39 39 
12 41 46 15 16 16 27 17 20 29 3 13 7 15 25 44 22 25 31 27 6 3 29 14 12 15 13 24 40 31 42 26 15 38 22 39 49 36 20 31 0 42 20 1 26 32 32 10 17 41 
7 3 45 45 34 7 3 13 32 24 19 3 16 10 36 33 9 25 38 23 28 47 45 16 4 6 46 35 44 34 34 34 45 11 34 46 27 1 17 19 42 0 47 22 47 28 7 20 10 43 
32 46 19 32 26 13 19 37 28 41 35 14 14 25 34 44 25 17 47 37 36 31 9 1 46 4 14 19 4 2 46 40 14 36 32 43 4 18 10 42 20 47 0 28 47 32 35 29 46 9 
49 30 45 16 40 15 47 12 30 3 13 41 3 19 44 19 34 34 16 12 5 25 2 33 20 38 15 19 27 17 6 7 10 40 7 21 32 3 35 46 1 22 28 0 3 13 22 1 47 9 
21 12 27 38 48 14 41 49 47 30 6 15 32 35 3 44 41 10 25 21 33 37 45 21 4 23 31 1 24 27 46 37 3 46 17 23 33 46 26 1 26 47 47 3 0 10 3 48 40 32 
47 43 30 37 1 21 33 39 29 28 47 31 32 39 45 4 22 10 40 43 24 48 19 2 46 13 31 11 13 36 32 18 28 13 23 12 48 46 46 34 32 28 32 13 10 0 46 47 27 7 
3 46 19 47 28 36 21 9 23 1 8 47 1 43 14 46 22 8 21 49 47 8 10 7 3 14 46 12 26 2 12 35 16 45 2 23 45 30 36 4 32 7 35 22 3 46 0 27 19 24 
20 44 33 28 36 35 28 1 20 44 46 9 40 26 42 43 21 48 4 14 35 33 41 25 45 11 47 40 7 11 17 30 36 26 21 41 48 19 25 16 10 20 29 1 48 47 27 0 13 43 
12 13 34 28 26 35 31 2 27 3 49 49 42 37 48 8 1 1 14 19 47 43 27 31 14 46 27 45 8 28 13 3 8 47 6 13 25 45 28 39 17 10 46 47 40 27 19 13 0 30 
44 44 37 26 9 46 11 38 5 25 2 39 29 10 19 20 33 2 3 35 16 21 45 24 14 4 20 19 46 42 15 8 7 39 48 15 9 27 13 39 41 43 9 9 32 7 24 43 30 0 
