0 9 1 12 20 38 19 21 41 35 20 4 15 44 19 2 24 3 32 48 22 6 18 7 17 34 21 16 4 29 28 2 38 9 32 26 12 28 5 7 1 33 17 41 5 29 28 17 8 27 
9 0 40 4 23 17 15 48 40 2 16 43 20 34 6 45 44 42 11 22 26 45 7 49 49 35 25 7 47 30 48 20 49 46 6 16 21 40 46 44 13 39 42 15 9 10 39 22 2 34 
1 40 0 43 45 11 7 16 5 18 13 23 36 4 38 18 39 11 18 27 4 17 16 48 15 18 10 49 25 14 18 22 39 34 28 44 21 30 24 8 7 11 10 16 45 30 47 47 45 48 
12 4 43 0 35 14 28 39 49 24 26 34 9 43 18 47 31 18 30 19 2 44 12 1 48 22 32 10 17 10 28 11 29 15 12 39 27 28 48 14 49 21 14 2 46 12 40 29 14 42 
20 23 45 35 0 10 14 26 23 16 28 32 27 40 35 16 23 26 28 16 18 12 8 45 10 48 38 22 6 46 45 26 43 22 4 18 30 33 5 11 49 22 23 45 21 5 6 39 23 35 
38 17 11 14 10 0 5 18 25 35 36 38 10 23 40 33 18 32 43 46 21 44 34 45 9 24 42 17 11 4 45 6 34 3 21 38 28 48 28 30 18 18 46 38 21 23 8 38 10 7 
19 15 7 28 14 5 0 1 4 27 14 3 17 7 30 3 42 43 4 12 43 13 35 28 32 38 33 47 8 44 36 16 27 35 42 43 17 19 37 5 46 5 23 48 1 7 7 24 28 8 
21 48 16 39 26 18 1 0 9 23 31 46 30 26 46 23 48 39 38 5 41 48 29 16 6 18 11 36 38 14 2 47 21 15 3 25 35 29 45 28 37 12 45 12 44 46 17 24 26 13 
41 40 5 49 23 25 4 9 0 36 33 45 25 43 30 29 20 40 46 21 10 46 5 38 19 16 45 1 38 40 28 30 19 41 35 1 28 33 48 5 15 27 40 32 15 25 22 33 48 12 
35 2 18 24 16 35 27 23 36 0 7 29 5 7 11 31 24 43 30 22 34 29 5 45 37 6 46 22 5 42 17 47 18 30 13 2 17 14 25 21 38 6 13 26 33 36 35 4 33 5 
20 16 13 26 28 36 14 31 33 7 0 21 46 11 5 1 42 49 25 23 7 32 9 7 13 27 16 10 14 37 36 5 5 49 24 18 6 41 37 44 13 37 33 26 43 16 38 20 37 40 
4 43 23 34 32 38 3 46 45 29 21 0 13 48 40 7 26 45 24 38 39 31 22 44 42 14 34 31 41 7 22 30 38 1 36 17 37 30 47 21 20 15 37 19 4 23 2 42 21 15 
15 20 36 9 27 10 17 30 25 5 46 13 0 17 11 3 3 4 6 11 14 7 23 13 49 23 3 3 8 30 25 49 33 33 24 28 4 38 44 40 37 1 9 40 24 33 28 36 49 42 
44 34 4 43 40 23 7 26 43 7 11 48 17 0 24 31 48 20 18 31 33 26 43 9 1 43 37 25 48 1 9 16 6 18 13 46 10 20 37 34 10 47 23 44 17 5 25 30 44 48 
19 6 38 18 35 40 30 46 30 11 5 40 11 24 0 40 5 19 4 41 19 43 11 49 48 20 41 10 24 43 42 37 38 9 47 34 19 4 22 15 42 23 12 20 7 2 27 8 29 48 
2 45 18 47 16 33 3 23 29 31 1 7 3 31 40 0 17 49 43 40 25 24 23 43 24 39 41 28 23 31 26 5 36 15 6 26 35 21 5 10 4 22 46 43 37 6 19 3 24 36 
24 44 39 31 23 18 42 48 20 24 42 26 3 48 5 17 0 25 45 19 27 9 18 25 3 15 3 43 3 15 16 21 42 44 14 2 41 4 36 26 4 21 49 41 31 21 47 29 42 30 
3 42 11 18 26 32 43 39 40 43 49 45 4 20 19 49 25 0 28 28 46 47 49 32 46 13 28 26 2 16 1 38 47 22 27 48 48 2 32 8 43 22 27 17 26 2 3 8 44 39 
32 11 18 30 28 43 4 38 46 30 25 24 6 18 4 43 45 28 0 39 45 30 46 26 1 10 29 32 47 26 49 18 4 4 45 29 25 13 32 14 36 45 14 41 29 7 21 30 46 37 
48 22 27 19 16 46 12 5 21 22 23 38 11 31 41 40 19 28 39 0 14 2 13 17 41 4 33 30 29 5 14 43 7 5 1 41 7 37 42 5 2 34 1 35 10 13 10 12 39 25 
22 26 4 2 18 21 43 41 10 34 7 39 14 33 19 25 27 46 45 14 0 9 33 25 14 7 19 6 36 41 36 13 28 34 34 42 18 44 15 6 38 43 36 18 49 6 18 8 26 17 
6 45 17 44 12 44 13 48 46 29 32 31 7 26 43 24 9 47 30 2 9 0 24 22 22 29 31 35 27 39 2 33 17 22 14 3 11 40 17 25 13 37 49 49 26 4 3 31 1 28 
18 7 16 12 8 34 35 29 5 5 9 22 23 43 11 23 18 49 46 13 33 24 0 46 10 11 44 6 36 5 43 38 29 2 28 44 20 22 13 11 3 34 48 49 31 45 15 22 35 43 
7 49 48 1 45 45 28 16 38 45 7 44 13 9 49 43 25 32 26 17 25 22 46 0 21 34 27 9 2 47 14 17 41 6 2 11 32 29 44 8 13 42 30 12 14 44 4 17 30 36 
17 49 15 48 10 9 32 6 19 37 13 42 49 1 48 24 3 46 1 41 14 22 10 21 0 27 27 2 36 18 45 24 45 10 5 2 28 43 37 12 26 42 15 33 5 32 30 32 12 21 
34 35 18 22 48 24 38 18 16 6 27 14 23 43 20 39 15 13 10 4 7 29 11 34 27 0 20 28 26 47 44 40 19 24 2 42 37 14 42 43 39 11 2 24 9 18 7 5 3 23 
21 25 10 32 38 42 33 11 45 46 16 34 3 37 41 41 3 28 29 33 19 31 44 27 27 20 0 24 3 37 34 11 16 16 6 19 22 30 1 36 45 18 36 41 34 24 12 20 49 3 
16 7 49 10 22 17 47 36 1 22 10 31 3 25 10 28 43 26 32 30 6 35 6 9 2 28 24 0 6 1 2 46 12 20 8 29 45 25 24 47 10 46 18 26 30 30 17 30 29 36 
4 47 25 17 6 11 8 38 38 5 14 41 8 48 24 23 3 2 47 29 36 27 36 2 36 26 3 6 0 19 38 12 15 18 5 30 24 20 26 40 13 47 13 39 26 6 21 31 24 44 
29 30 14 10 46 4 44 14 40 42 37 7 30 1 43 31 15 16 26 5 41 39 5 47 18 47 37 1 19 0 41 36 22 16 38 32 16 7 21 32 47 17 12 5 46 44 38 37 21 37 
28 48 18 28 45 45 36 2 28 17 36 22 25 9 42 26 16 1 49 14 36 2 43 14 45 44 34 2 38 41 0 18 31 48 41 32 48 30 33 44 19 22 29 7 39 11 6 45 30 29 
2 20 22 11 26 6 16 47 30 47 5 30 49 16 37 5 21 38 18 43 13 33 38 17 24 40 11 46 12 36 18 0 13 44 42 7 16 11 25 19 41 27 48 9 9 33 21 2 11 13 
38 49 39 29 43 34 27 21 19 18 5 38 33 6 38 36 42 47 4 7 28 17 29 41 45 19 16 12 15 22 31 13 0 24 9 48 23 25 29 19 28 48 46 35 2 16 38 26 37 48 
9 46 34 15 22 3 35 15 41 30 49 1 33 18 9 15 44 22 4 5 34 22 2 6 10 24 16 20 18 16 48 44 24 0 12 2 31 19 31 2 47 30 2 44 1 14 42 36 25 49 
32 6 28 12 4 21 42 3 35 13 24 36 24 13 47 6 14 27 45 1 34 14 28 2 5 2 6 8 5 38 41 42 9 12 0 18 2 18 11 22 26 42 16 49 40 12 9 34 1 37 
26 16 44 39 18 38 43 25 1 2 18 17 28 46 34 26 2 48 29 41 42 3 44 11 2 42 19 29 30 32 32 7 48 2 18 0 41 45 11 39 32 11 41 18 28 38 15 7 10 8 
12 21 21 27 30 28 17 35 28 17 6 37 4 10 19 35 41 48 25 7 18 11 20 32 28 37 22 45 24 16 48 16 23 31 2 41 0 28 46 32 41 7 49 24 4 1 16 10 3 34 
28 40 30 28 33 48 19 29 33 14 41 30 38 20 4 21 4 2 13 37 44 40 22 29 43 14 30 25 20 7 30 11 25 19 18 45 28 0 3 48 42 21 12 4 19 25 2 5 27 2 
5 46 24 48 5 28 37 45 48 25 37 47 44 37 22 5 36 32 32 42 15 17 13 44 37 42 1 24 26 21 33 25 29 31 11 11 46 3 0 13 14 38 47 14 14 20 12 38 26 1 
7 44 8 14 11 30 5 28 5 21 44 21 40 34 15 10 26 8 14 5 6 25 11 8 12 43 36 47 40 32 44 19 19 2 22 39 32 48 13 0 10 22 38 3 18 17 35 47 2 12 
1 13 7 49 49 18 46 37 15 38 13 20 37 10 42 4 4 43 36 2 38 13 3 13 26 39 45 10 13 47 19 41 28 47 26 32 41 42 14 10 0 25 36 49 45 36 20 8 16 22 
33 39 11 21 22 18 5 12 27 6 37 15 1 47 23 22 21 22 45 34 43 37 34 42 42 11 18 46 47 17 22 27 48 30 42 11 7 21 38 22 25 0 41 5 41 4 4 9 43 18 
17 42 10 14 23 46 23 45 40 13 33 37 9 23 12 46 49 27 14 1 36 49 48 30 15 2 36 18 13 12 29 48 46 2 16 41 49 12 47 38 36 41 0 4 5 40 2 35 36 48 
41 15 16 2 45 38 48 12 32 26 26 19 40 44 20 43 41 17 41 35 18 49 49 12 33 24 41 26 39 5 7 9 35 44 49 18 24 4 14 3 49 5 4 0 24 49 12 16 20 39 
5 9 45 46 21 21 1 44 15 33 43 4 24 17 7 37 31 26 29 10 49 26 31 14 5 9 34 30 26 46 39 9 2 1 40 28 4 19 14 18 45 41 5 24 0 3 25 34 8 26 
29 10 30 12 5 23 7 46 25 36 16 23 33 5 2 6 21 2 7 13 6 4 45 44 32 18 24 30 6 44 11 33 16 14 12 38 1 25 20 17 36 4 40 49 3 0 19 34 4 41 
28 39 47 40 6 8 7 17 22 35 38 2 28 25 27 19 47 3 21 10 18 3 15 4 30 7 12 17 21 38 6 21 38 42 9 15 16 2 12 35 20 4 2 12 25 19 0 27 41 23 
17 22 47 29 39 38 24 24 33 4 20 42 36 30 8 3 29 8 30 12 8 31 22 17 32 5 20 30 31 37 45 2 26 36 34 7 10 5 38 47 8 9 35 16 34 34 27 0 39 10 
8 2 45 14 23 10 28 26 48 33 37 21 49 44 29 24 42 44 46 39 26 1 35 30 12 3 49 29 24 21 30 11 37 25 1 10 3 27 26 2 16 43 36 20 8 4 41 39 0 16 
27 34 48 42 35 7 8 13 12 5 40 15 42 48 48 36 30 39 37 25 17 28 43 36 21 23 3 36 44 37 29 13 48 49 37 8 34 2 1 12 22 18 48 39 26 41 23 10 16 0 
