0 3 9 48 35 39 10 20 8 34 10 38 49 3 14 18 38 36 3 36 3 14 11 26 28 13 48 28 8 11 28 14 16 47 5 22 4 2 18 34 17 8 16 37 1 29 5 40 11 48 
3 0 17 10 45 3 41 40 1 9 21 3 45 12 36 44 1 8 19 15 1 11 32 44 40 7 12 48 40 25 8 19 28 38 26 16 23 37 20 1 37 29 34 48 47 9 17 32 13 40 
9 17 0 6 7 46 12 39 13 36 20 40 42 48 42 27 42 42 2 47 26 39 5 33 3 2 34 9 39 45 14 19 12 1 41 20 24 22 32 36 38 43 17 29 33 28 34 31 48 25 
48 10 6 0 27 14 47 9 31 14 35 24 42 13 38 31 18 43 45 48 14 15 27 49 14 15 30 39 40 42 21 46 27 7 2 29 6 28 26 28 39 37 34 29 32 34 14 27 41 16 
35 45 7 27 0 16 47 23 26 44 47 29 9 2 22 45 32 33 36 7 22 4 42 7 30 4 32 47 3 8 40 43 4 41 4 12 43 45 7 17 30 35 14 45 47 16 45 36 24 46 
39 3 46 14 16 0 29 9 33 39 11 48 45 42 8 26 42 35 40 46 8 47 33 17 9 2 19 31 47 48 31 17 1 20 15 28 20 47 13 21 48 2 36 10 42 3 13 35 30 22 
10 41 12 47 47 29 0 15 29 36 45 11 44 4 37 33 6 1 48 33 36 3 47 36 14 35 4 13 36 12 17 2 36 39 36 9 1 33 28 44 40 48 11 10 2 23 2 9 49 19 
20 40 39 9 23 9 15 0 22 47 26 26 49 20 30 46 29 31 48 26 46 10 37 17 10 29 6 1 45 36 27 34 17 35 18 32 36 38 47 12 13 40 3 49 16 5 22 21 47 23 
8 1 13 31 26 33 29 22 0 4 49 49 21 1 34 11 5 11 32 48 15 42 13 1 12 35 48 8 3 18 30 5 25 35 18 28 5 20 33 16 10 17 8 29 12 46 7 16 36 4 
34 9 36 14 44 39 36 47 4 0 41 37 14 23 39 28 32 6 48 2 45 46 25 35 3 27 45 14 2 4 44 5 41 11 6 9 18 43 40 2 48 43 38 38 8 41 49 36 22 8 
10 21 20 35 47 11 45 26 49 41 0 4 41 13 36 36 44 28 8 5 36 25 44 40 6 21 27 21 4 14 45 26 9 48 2 21 4 12 45 14 20 31 20 9 27 27 30 5 17 13 
38 3 40 24 29 48 11 26 49 37 4 0 28 49 10 16 14 32 12 49 13 7 48 29 6 34 7 18 1 21 30 4 14 45 7 49 25 25 26 24 47 18 40 37 11 34 39 5 10 29 
49 45 42 42 9 45 44 49 21 14 41 28 0 5 13 28 41 37 45 11 17 19 38 41 48 31 25 29 8 5 2 23 25 33 27 49 10 1 28 42 33 25 20 23 26 21 26 14 26 6 
3 12 48 13 2 42 4 20 1 23 13 49 5 0 9 34 38 41 5 37 46 20 14 42 20 32 19 45 27 48 16 47 3 29 2 48 4 2 37 12 48 32 30 15 24 42 48 3 46 18 
14 36 42 38 22 8 37 30 34 39 36 10 13 9 0 42 37 42 43 29 39 16 31 6 31 27 22 3 7 44 27 27 45 16 44 47 6 7 26 4 46 7 1 10 1 40 32 42 12 41 
18 44 27 31 45 26 33 46 11 28 36 16 28 34 42 0 23 24 12 49 39 37 43 18 10 49 37 41 20 41 25 24 1 15 33 37 8 13 38 2 36 21 20 31 21 11 40 8 30 10 
38 1 42 18 32 42 6 29 5 32 44 14 41 38 37 23 0 46 44 10 6 33 15 24 15 1 38 32 43 14 49 26 24 27 15 30 44 44 23 46 41 10 36 11 31 41 17 27 24 40 
36 8 42 43 33 35 1 31 11 6 28 32 37 41 42 24 46 0 35 39 9 1 13 46 25 39 42 41 49 30 28 9 48 9 3 17 31 33 27 43 16 26 27 48 20 5 15 20 3 28 
3 19 2 45 36 40 48 48 32 48 8 12 45 5 43 12 44 35 0 20 16 25 36 18 14 15 40 39 20 21 14 8 8 32 48 33 9 10 34 24 31 18 16 3 15 29 35 16 45 7 
36 15 47 48 7 46 33 26 48 2 5 49 11 37 29 49 10 39 20 0 37 16 10 29 37 14 23 45 13 21 25 23 38 19 5 13 47 1 45 8 33 35 17 44 15 20 16 2 15 19 
3 1 26 14 22 8 36 46 15 45 36 13 17 46 39 39 6 9 16 37 0 42 6 19 33 40 37 24 41 46 13 16 28 41 3 34 6 22 5 47 14 33 12 34 5 44 11 13 30 13 
14 11 39 15 4 47 3 10 42 46 25 7 19 20 16 37 33 1 25 16 42 0 25 6 7 2 5 21 3 16 42 36 34 22 39 14 44 19 30 4 31 33 45 6 1 22 7 12 34 35 
11 32 5 27 42 33 47 37 13 25 44 48 38 14 31 43 15 13 36 10 6 25 0 9 35 20 4 18 37 7 28 16 31 15 30 25 24 4 15 36 39 6 4 12 39 45 29 21 37 41 
26 44 33 49 7 17 36 17 1 35 40 29 41 42 6 18 24 46 18 29 19 6 9 0 31 8 32 15 38 44 8 1 9 25 5 31 14 24 21 19 5 8 17 23 26 32 9 20 8 48 
28 40 3 14 30 9 14 10 12 3 6 6 48 20 31 10 15 25 14 37 33 7 35 31 0 38 45 10 7 45 10 43 18 6 22 26 43 38 43 4 29 39 8 29 21 21 20 21 36 7 
13 7 2 15 4 2 35 29 35 27 21 34 31 32 27 49 1 39 15 14 40 2 20 8 38 0 29 45 41 26 37 39 21 17 36 39 49 3 15 38 38 41 43 34 5 2 35 12 34 21 
48 12 34 30 32 19 4 6 48 45 27 7 25 19 22 37 38 42 40 23 37 5 4 32 45 29 0 28 11 29 7 25 26 14 49 11 3 14 25 19 49 15 33 14 48 10 22 26 46 35 
28 48 9 39 47 31 13 1 8 14 21 18 29 45 3 41 32 41 39 45 24 21 18 15 10 45 28 0 35 39 34 11 2 25 20 23 11 48 43 8 46 38 25 39 37 30 41 9 46 29 
8 40 39 40 3 47 36 45 3 2 4 1 8 27 7 20 43 49 20 13 41 3 37 38 7 41 11 35 0 24 19 46 9 35 33 3 23 9 37 16 37 6 43 36 17 14 45 40 15 3 
11 25 45 42 8 48 12 36 18 4 14 21 5 48 44 41 14 30 21 21 46 16 7 44 45 26 29 39 24 0 37 49 13 36 18 8 18 3 35 26 29 4 32 35 27 41 7 26 13 37 
28 8 14 21 40 31 17 27 30 44 45 30 2 16 27 25 49 28 14 25 13 42 28 8 10 37 7 34 19 37 0 34 33 25 49 32 35 28 27 43 35 28 19 41 29 8 38 7 10 25 
14 19 19 46 43 17 2 34 5 5 26 4 23 47 27 24 26 9 8 23 16 36 16 1 43 39 25 11 46 49 34 0 42 24 8 4 24 4 5 29 18 28 48 49 38 39 1 27 38 49 
16 28 12 27 4 1 36 17 25 41 9 14 25 3 45 1 24 48 8 38 28 34 31 9 18 21 26 2 9 13 33 42 0 22 45 45 33 49 26 23 9 19 14 44 45 27 13 24 21 35 
47 38 1 7 41 20 39 35 35 11 48 45 33 29 16 15 27 9 32 19 41 22 15 25 6 17 14 25 35 36 25 24 22 0 28 37 3 42 42 17 44 32 28 22 12 27 10 3 8 44 
5 26 41 2 4 15 36 18 18 6 2 7 27 2 44 33 15 3 48 5 3 39 30 5 22 36 49 20 33 18 49 8 45 28 0 42 17 10 13 15 34 27 10 46 7 31 26 11 28 25 
22 16 20 29 12 28 9 32 28 9 21 49 49 48 47 37 30 17 33 13 34 14 25 31 26 39 11 23 3 8 32 4 45 37 42 0 42 8 27 18 18 13 30 16 16 17 29 32 27 31 
4 23 24 6 43 20 1 36 5 18 4 25 10 4 6 8 44 31 9 47 6 44 24 14 43 49 3 11 23 18 35 24 33 3 17 42 0 2 14 35 13 26 2 42 3 11 14 11 24 40 
2 37 22 28 45 47 33 38 20 43 12 25 1 2 7 13 44 33 10 1 22 19 4 24 38 3 14 48 9 3 28 4 49 42 10 8 2 0 20 8 18 41 32 32 30 20 16 44 18 22 
18 20 32 26 7 13 28 47 33 40 45 26 28 37 26 38 23 27 34 45 5 30 15 21 43 15 25 43 37 35 27 5 26 42 13 27 14 20 0 47 12 31 31 36 18 36 44 15 26 25 
34 1 36 28 17 21 44 12 16 2 14 24 42 12 4 2 46 43 24 8 47 4 36 19 4 38 19 8 16 26 43 29 23 17 15 18 35 8 47 0 42 25 17 33 20 7 26 26 43 13 
17 37 38 39 30 48 40 13 10 48 20 47 33 48 46 36 41 16 31 33 14 31 39 5 29 38 49 46 37 29 35 18 9 44 34 18 13 18 12 42 0 48 29 40 40 44 20 6 4 23 
8 29 43 37 35 2 48 40 17 43 31 18 25 32 7 21 10 26 18 35 33 33 6 8 39 41 15 38 6 4 28 28 19 32 27 13 26 41 31 25 48 0 13 27 1 6 16 23 37 16 
16 34 17 34 14 36 11 3 8 38 20 40 20 30 1 20 36 27 16 17 12 45 4 17 8 43 33 25 43 32 19 48 14 28 10 30 2 32 31 17 29 13 0 24 45 9 10 9 43 7 
37 48 29 29 45 10 10 49 29 38 9 37 23 15 10 31 11 48 3 44 34 6 12 23 29 34 14 39 36 35 41 49 44 22 46 16 42 32 36 33 40 27 24 0 48 42 45 15 44 45 
1 47 33 32 47 42 2 16 12 8 27 11 26 24 1 21 31 20 15 15 5 1 39 26 21 5 48 37 17 27 29 38 45 12 7 16 3 30 18 20 40 1 45 48 0 34 21 45 25 44 
29 9 28 34 16 3 23 5 46 41 27 34 21 42 40 11 41 5 29 20 44 22 45 32 21 2 10 30 14 41 8 39 27 27 31 17 11 20 36 7 44 6 9 42 34 0 38 41 24 39 
5 17 34 14 45 13 2 22 7 49 30 39 26 48 32 40 17 15 35 16 11 7 29 9 20 35 22 41 45 7 38 1 13 10 26 29 14 16 44 26 20 16 10 45 21 38 0 11 30 1 
40 32 31 27 36 35 9 21 16 36 5 5 14 3 42 8 27 20 16 2 13 12 21 20 21 12 26 9 40 26 7 27 24 3 11 32 11 44 15 26 6 23 9 15 45 41 11 0 47 24 
11 13 48 41 24 30 49 47 36 22 17 10 26 46 12 30 24 3 45 15 30 34 37 8 36 34 46 46 15 13 10 38 21 8 28 27 24 18 26 43 4 37 43 44 25 24 30 47 0 48 
48 40 25 16 46 22 19 23 4 8 13 29 6 18 41 10 40 28 7 19 13 35 41 48 7 21 35 29 3 37 25 49 35 44 25 31 40 22 25 13 23 16 7 45 44 39 1 24 48 0 
