0 42 16 47 15 12 1 8 43 37 32 4 18 20 14 40 5 14 27 49 36 6 40 3 40 42 39 10 32 7 38 10 43 14 29 20 27 38 2 39 12 36 37 8 5 16 7 23 49 40 
42 0 3 34 5 49 49 44 17 36 42 19 41 42 13 26 20 4 38 45 3 11 5 23 21 42 23 15 22 41 17 26 7 43 28 3 38 13 15 44 39 12 23 3 26 1 49 9 40 13 
16 3 0 17 18 22 33 2 36 19 41 3 41 9 19 4 31 20 42 42 28 13 41 3 5 30 32 16 32 30 41 4 48 33 7 43 31 43 1 9 47 47 14 26 39 20 36 10 19 10 
47 34 17 0 13 23 40 2 42 31 36 32 26 9 43 17 36 31 26 28 32 26 40 3 9 42 32 43 17 13 25 29 42 34 33 36 8 5 19 46 36 44 37 49 5 10 39 46 48 8 
15 5 18 13 0 35 33 39 3 24 5 35 34 44 48 30 43 40 11 10 2 14 36 32 21 24 23 20 35 25 2 34 39 48 5 40 15 7 38 39 8 31 34 47 37 42 1 7 10 12 
12 49 22 23 35 0 32 37 48 23 3 38 18 17 25 48 12 37 16 10 11 20 38 33 41 27 20 41 28 2 15 8 42 5 41 40 12 21 44 45 43 12 25 16 42 18 39 38 15 15 
1 49 33 40 33 32 0 40 30 4 30 46 13 42 14 37 4 7 35 5 49 12 47 13 19 36 41 18 18 16 33 46 48 26 6 22 7 43 37 10 8 43 29 45 31 14 8 43 9 11 
8 44 2 2 39 37 40 0 4 41 36 36 10 42 31 29 37 35 15 42 18 22 37 17 41 29 19 17 29 27 1 28 6 49 6 18 22 28 28 3 8 23 49 23 2 34 28 22 14 27 
43 17 36 42 3 48 30 4 0 26 28 14 48 41 12 25 9 35 27 18 16 3 46 38 14 12 15 28 26 18 13 11 45 6 20 3 26 7 34 1 35 15 23 36 12 9 6 9 17 16 
37 36 19 31 24 23 4 41 26 0 2 31 46 37 18 28 38 16 39 6 47 15 13 34 29 10 26 11 8 11 33 30 41 16 23 15 11 17 31 13 11 27 31 7 16 13 25 15 40 27 
32 42 41 36 5 3 30 36 28 2 0 35 29 44 42 21 44 46 9 44 27 47 24 18 26 18 42 13 23 34 26 7 10 47 25 40 44 15 26 44 28 27 45 24 21 7 42 40 13 6 
4 19 3 32 35 38 46 36 14 31 35 0 20 22 9 15 30 46 48 10 13 25 14 43 15 18 4 38 10 24 39 6 22 36 17 4 5 31 21 31 20 23 38 49 14 42 16 2 9 32 
18 41 41 26 34 18 13 10 48 46 29 20 0 32 15 35 19 11 1 44 5 31 16 20 7 18 24 40 16 5 38 21 48 35 35 3 2 16 3 3 9 45 32 6 39 3 48 18 2 14 
20 42 9 9 44 17 42 42 41 37 44 22 32 0 4 47 12 8 9 25 6 9 35 35 5 40 19 18 7 27 46 19 43 8 36 29 18 16 3 20 2 24 24 17 4 15 7 48 42 5 
14 13 19 43 48 25 14 31 12 18 42 9 15 4 0 16 2 28 28 33 27 36 22 20 6 47 4 44 36 19 3 2 3 44 8 31 31 42 11 26 6 8 49 3 36 32 4 39 2 45 
40 26 4 17 30 48 37 29 25 28 21 15 35 47 16 0 33 9 28 31 20 42 26 14 21 25 17 23 31 49 49 21 26 6 16 12 3 41 43 16 46 31 24 42 6 40 35 36 48 5 
5 20 31 36 43 12 4 37 9 38 44 30 19 12 2 33 0 34 30 21 6 48 23 13 41 10 35 25 43 5 40 20 31 30 24 45 46 34 24 30 34 6 30 11 15 9 12 29 43 45 
14 4 20 31 40 37 7 35 35 16 46 46 11 8 28 9 34 0 33 3 3 49 44 43 6 6 23 28 21 20 37 11 14 12 3 48 6 16 35 40 25 14 10 32 4 20 36 20 14 13 
27 38 42 26 11 16 35 15 27 39 9 48 1 9 28 28 30 33 0 30 4 22 43 1 42 7 5 16 26 27 12 45 28 27 38 34 18 22 48 28 33 15 34 49 8 33 16 28 47 1 
49 45 42 28 10 10 5 42 18 6 44 10 44 25 33 31 21 3 30 0 13 39 38 3 23 43 6 28 8 37 49 2 15 44 12 7 2 19 14 23 34 12 11 9 5 49 32 30 19 18 
36 3 28 32 2 11 49 18 16 47 27 13 5 6 27 20 6 3 4 13 0 28 18 12 20 33 39 22 22 33 35 33 13 28 29 30 26 3 18 5 45 11 10 22 38 7 31 27 2 5 
6 11 13 26 14 20 12 22 3 15 47 25 31 9 36 42 48 49 22 39 28 0 15 12 7 25 19 49 13 25 11 46 4 28 15 33 38 33 43 5 16 47 11 28 15 10 14 23 44 27 
40 5 41 40 36 38 47 37 46 13 24 14 16 35 22 26 23 44 43 38 18 15 0 24 16 15 12 45 11 33 42 5 13 14 2 42 44 25 7 26 46 49 49 5 43 36 47 8 23 45 
3 23 3 3 32 33 13 17 38 34 18 43 20 35 20 14 13 43 1 3 12 12 24 0 41 43 15 9 1 23 15 31 45 19 40 48 46 27 19 13 19 30 39 44 47 18 29 38 5 5 
40 21 5 9 21 41 19 41 14 29 26 15 7 5 6 21 41 6 42 23 20 7 16 41 0 38 14 26 46 19 1 32 27 15 20 43 12 47 31 9 4 19 10 48 10 35 3 1 40 30 
42 42 30 42 24 27 36 29 12 10 18 18 18 40 47 25 10 6 7 43 33 25 15 43 38 0 46 37 13 1 46 7 43 39 24 29 41 42 23 18 46 17 44 7 22 38 18 16 14 5 
39 23 32 32 23 20 41 19 15 26 42 4 24 19 4 17 35 23 5 6 39 19 12 15 14 46 0 45 22 31 28 10 40 43 10 28 42 33 41 39 21 30 31 36 4 5 6 49 47 46 
10 15 16 43 20 41 18 17 28 11 13 38 40 18 44 23 25 28 16 28 22 49 45 9 26 37 45 0 46 6 2 5 49 35 22 14 45 30 1 44 19 30 24 10 47 27 20 36 15 24 
32 22 32 17 35 28 18 29 26 8 23 10 16 7 36 31 43 21 26 8 22 13 11 1 46 13 22 46 0 2 8 7 26 6 7 16 25 40 35 47 16 11 38 25 3 17 32 16 38 33 
7 41 30 13 25 2 16 27 18 11 34 24 5 27 19 49 5 20 27 37 33 25 33 23 19 1 31 6 2 0 46 26 34 7 46 42 4 32 16 47 3 12 13 6 45 12 12 33 13 33 
38 17 41 25 2 15 33 1 13 33 26 39 38 46 3 49 40 37 12 49 35 11 42 15 1 46 28 2 8 46 0 44 19 14 24 31 6 2 5 2 39 23 13 41 28 6 7 9 21 15 
10 26 4 29 34 8 46 28 11 30 7 6 21 19 2 21 20 11 45 2 33 46 5 31 32 7 10 5 7 26 44 0 38 45 9 25 21 48 10 3 12 17 33 25 30 39 28 34 15 3 
43 7 48 42 39 42 48 6 45 41 10 22 48 43 3 26 31 14 28 15 13 4 13 45 27 43 40 49 26 34 19 38 0 18 41 22 44 38 40 14 25 1 18 13 34 47 11 3 20 30 
14 43 33 34 48 5 26 49 6 16 47 36 35 8 44 6 30 12 27 44 28 28 14 19 15 39 43 35 6 7 14 45 18 0 3 25 8 45 30 29 7 49 14 40 40 8 10 12 9 35 
29 28 7 33 5 41 6 6 20 23 25 17 35 36 8 16 24 3 38 12 29 15 2 40 20 24 10 22 7 46 24 9 41 3 0 20 41 31 35 44 47 32 46 5 3 47 11 34 10 18 
20 3 43 36 40 40 22 18 3 15 40 4 3 29 31 12 45 48 34 7 30 33 42 48 43 29 28 14 16 42 31 25 22 25 20 0 19 24 3 39 15 11 46 42 22 46 14 21 14 45 
27 38 31 8 15 12 7 22 26 11 44 5 2 18 31 3 46 6 18 2 26 38 44 46 12 41 42 45 25 4 6 21 44 8 41 19 0 3 35 19 24 6 23 25 49 31 16 14 17 12 
38 13 43 5 7 21 43 28 7 17 15 31 16 16 42 41 34 16 22 19 3 33 25 27 47 42 33 30 40 32 2 48 38 45 31 24 3 0 7 25 37 33 40 42 47 8 34 28 14 21 
2 15 1 19 38 44 37 28 34 31 26 21 3 3 11 43 24 35 48 14 18 43 7 19 31 23 41 1 35 16 5 10 40 30 35 3 35 7 0 25 12 34 12 25 16 18 42 37 3 25 
39 44 9 46 39 45 10 3 1 13 44 31 3 20 26 16 30 40 28 23 5 5 26 13 9 18 39 44 47 47 2 3 14 29 44 39 19 25 25 0 32 29 34 13 45 42 24 10 22 42 
12 39 47 36 8 43 8 8 35 11 28 20 9 2 6 46 34 25 33 34 45 16 46 19 4 46 21 19 16 3 39 12 25 7 47 15 24 37 12 32 0 28 33 13 49 27 26 42 20 4 
36 12 47 44 31 12 43 23 15 27 27 23 45 24 8 31 6 14 15 12 11 47 49 30 19 17 30 30 11 12 23 17 1 49 32 11 6 33 34 29 28 0 44 6 26 17 12 14 6 11 
37 23 14 37 34 25 29 49 23 31 45 38 32 24 49 24 30 10 34 11 10 11 49 39 10 44 31 24 38 13 13 33 18 14 46 46 23 40 12 34 33 44 0 40 5 23 35 41 8 26 
8 3 26 49 47 16 45 23 36 7 24 49 6 17 3 42 11 32 49 9 22 28 5 44 48 7 36 10 25 6 41 25 13 40 5 42 25 42 25 13 13 6 40 0 9 48 14 6 40 10 
5 26 39 5 37 42 31 2 12 16 21 14 39 4 36 6 15 4 8 5 38 15 43 47 10 22 4 47 3 45 28 30 34 40 3 22 49 47 16 45 49 26 5 9 0 47 21 34 1 47 
16 1 20 10 42 18 14 34 9 13 7 42 3 15 32 40 9 20 33 49 7 10 36 18 35 38 5 27 17 12 6 39 47 8 47 46 31 8 18 42 27 17 23 48 47 0 18 10 45 13 
7 49 36 39 1 39 8 28 6 25 42 16 48 7 4 35 12 36 16 32 31 14 47 29 3 18 6 20 32 12 7 28 11 10 11 14 16 34 42 24 26 12 35 14 21 18 0 31 11 43 
23 9 10 46 7 38 43 22 9 15 40 2 18 48 39 36 29 20 28 30 27 23 8 38 1 16 49 36 16 33 9 34 3 12 34 21 14 28 37 10 42 14 41 6 34 10 31 0 4 18 
49 40 19 48 10 15 9 14 17 40 13 9 2 42 2 48 43 14 47 19 2 44 23 5 40 14 47 15 38 13 21 15 20 9 10 14 17 14 3 22 20 6 8 40 1 45 11 4 0 5 
40 13 10 8 12 15 11 27 16 27 6 32 14 5 45 5 45 13 1 18 5 27 45 5 30 5 46 24 33 33 15 3 30 35 18 45 12 21 25 42 4 11 26 10 47 13 43 18 5 0 
