0 42 41 31 30 12 30 11 37 10 48 6 7 28 42 37 18 1 21 25 12 20 19 28 28 45 21 43 37 40 22 14 40 44 40 31 46 3 43 44 7 26 41 18 37 14 17 36 33 16 
42 0 31 5 40 36 37 41 28 38 9 43 25 10 21 17 8 17 27 25 26 2 13 44 2 35 36 29 6 4 3 5 40 41 20 35 8 42 24 44 29 30 48 14 25 14 29 35 2 7 
41 31 0 40 17 38 41 20 10 14 46 35 49 22 3 49 11 17 21 23 37 10 16 37 6 42 40 22 3 36 19 8 18 49 23 13 11 38 19 22 15 41 43 24 15 5 16 6 28 31 
31 5 40 0 43 16 41 37 27 39 27 40 2 37 6 25 33 46 34 21 6 11 22 25 15 31 39 39 1 48 5 3 15 33 22 11 23 47 6 7 30 13 19 31 36 40 30 11 22 13 
30 40 17 43 0 6 25 5 2 36 38 9 26 28 47 44 1 17 11 34 40 48 18 41 3 2 20 2 19 36 44 11 4 44 46 10 30 7 19 1 15 24 33 45 11 31 9 48 40 26 
12 36 38 16 6 0 15 49 1 25 23 26 5 3 10 1 2 37 33 21 19 41 41 28 27 44 1 26 26 42 2 5 31 32 45 1 16 5 29 49 10 5 23 49 25 11 17 11 35 25 
30 37 41 41 25 15 0 42 30 28 35 1 14 34 34 22 17 41 41 27 49 3 40 16 31 10 14 16 38 11 35 15 34 44 47 23 42 18 2 15 28 24 6 13 45 1 46 21 16 45 
11 41 20 37 5 49 42 0 44 20 41 1 3 44 49 43 33 43 12 8 27 9 21 23 4 35 1 28 25 44 4 38 41 14 20 27 39 29 20 49 5 48 14 8 33 15 33 1 32 17 
37 28 10 27 2 1 30 44 0 33 12 23 12 15 48 23 22 47 14 48 13 16 38 36 40 43 25 40 49 26 6 24 17 22 3 40 28 20 30 2 42 46 13 20 19 6 34 13 16 1 
10 38 14 39 36 25 28 20 33 0 2 30 14 43 31 47 40 35 37 12 14 6 13 3 36 16 9 44 2 30 44 27 39 4 41 25 3 25 6 24 2 37 27 15 33 42 6 47 12 12 
48 9 46 27 38 23 35 41 12 2 0 11 41 5 40 34 1 22 46 4 39 3 3 3 12 18 5 20 49 6 9 28 35 27 25 25 39 18 36 20 37 31 16 14 12 14 3 26 36 3 
6 43 35 40 9 26 1 1 23 30 11 0 26 3 8 29 22 22 20 19 29 33 49 36 7 21 24 31 31 47 6 25 24 49 35 24 3 9 41 41 11 18 37 39 10 45 32 23 28 23 
7 25 49 2 26 5 14 3 12 14 41 26 0 21 47 7 40 49 18 19 10 5 39 8 12 1 10 24 28 10 39 36 19 5 19 21 38 27 5 49 49 33 49 49 2 45 10 25 14 44 
28 10 22 37 28 3 34 44 15 43 5 3 21 0 9 48 41 12 24 5 17 24 10 33 44 43 23 41 22 15 45 36 45 3 10 10 20 10 16 4 32 35 19 13 15 38 12 39 34 33 
42 21 3 6 47 10 34 49 48 31 40 8 47 9 0 23 22 23 4 23 37 30 41 49 24 20 47 6 44 45 15 38 45 35 48 13 44 44 3 46 3 11 23 2 16 42 2 4 21 44 
37 17 49 25 44 1 22 43 23 47 34 29 7 48 23 0 49 30 9 42 23 11 21 3 32 1 35 9 46 43 4 38 10 20 27 48 9 25 11 21 5 35 36 7 26 4 26 44 4 28 
18 8 11 33 1 2 17 33 22 40 1 22 40 41 22 49 0 3 3 38 43 47 36 22 9 41 32 43 40 5 39 13 10 14 2 44 44 21 31 48 18 1 3 7 15 23 2 11 21 39 
1 17 17 46 17 37 41 43 47 35 22 22 49 12 23 30 3 0 38 24 11 1 10 24 44 7 9 33 41 24 32 37 26 8 41 33 16 43 43 18 43 30 28 26 12 36 2 38 17 42 
21 27 21 34 11 33 41 12 14 37 46 20 18 24 4 9 3 38 0 15 28 42 22 25 22 21 14 3 4 35 39 25 40 27 29 23 9 46 16 45 19 46 34 20 19 25 2 1 12 37 
25 25 23 21 34 21 27 8 48 12 4 19 19 5 23 42 38 24 15 0 47 14 46 37 49 4 19 43 26 27 42 26 21 46 27 12 25 18 14 17 46 1 38 10 36 40 19 27 46 15 
12 26 37 6 40 19 49 27 13 14 39 29 10 17 37 23 43 11 28 47 0 45 25 18 42 2 35 35 12 47 28 29 38 10 5 3 37 9 35 28 45 4 45 4 12 5 5 20 25 1 
20 2 10 11 48 41 3 9 16 6 3 33 5 24 30 11 47 1 42 14 45 0 3 24 19 3 41 41 13 20 19 19 15 21 15 37 22 37 36 27 34 8 45 47 16 47 36 1 20 29 
19 13 16 22 18 41 40 21 38 13 3 49 39 10 41 21 36 10 22 46 25 3 0 29 16 39 23 13 39 7 30 41 34 48 31 39 24 21 7 31 38 18 20 33 14 14 41 39 35 26 
28 44 37 25 41 28 16 23 36 3 3 36 8 33 49 3 22 24 25 37 18 24 29 0 19 18 19 25 39 29 37 13 6 18 10 25 28 33 28 17 17 10 30 9 2 6 48 7 43 20 
28 2 6 15 3 27 31 4 40 36 12 7 12 44 24 32 9 44 22 49 42 19 16 19 0 12 13 17 8 1 47 23 37 18 10 31 37 12 28 19 3 3 9 7 33 19 42 47 42 46 
45 35 42 31 2 44 10 35 43 16 18 21 1 43 20 1 41 7 21 4 2 3 39 18 12 0 36 23 5 18 39 12 42 10 27 3 30 18 6 38 26 26 8 44 4 34 14 46 32 2 
21 36 40 39 20 1 14 1 25 9 5 24 10 23 47 35 32 9 14 19 35 41 23 19 13 36 0 17 40 7 4 27 5 34 48 1 22 49 49 3 4 23 27 17 43 48 3 34 1 13 
43 29 22 39 2 26 16 28 40 44 20 31 24 41 6 9 43 33 3 43 35 41 13 25 17 23 17 0 44 39 49 30 12 31 37 47 23 46 32 42 9 13 33 40 1 27 9 8 12 24 
37 6 3 1 19 26 38 25 49 2 49 31 28 22 44 46 40 41 4 26 12 13 39 39 8 5 40 44 0 15 23 31 5 26 15 1 28 18 48 10 22 34 35 24 28 45 15 7 3 43 
40 4 36 48 36 42 11 44 26 30 6 47 10 15 45 43 5 24 35 27 47 20 7 29 1 18 7 39 15 0 42 40 6 18 38 41 6 6 12 1 47 11 46 9 5 31 7 13 37 40 
22 3 19 5 44 2 35 4 6 44 9 6 39 45 15 4 39 32 39 42 28 19 30 37 47 39 4 49 23 42 0 34 21 1 4 41 24 37 22 11 26 19 21 11 11 16 10 47 22 21 
14 5 8 3 11 5 15 38 24 27 28 25 36 36 38 38 13 37 25 26 29 19 41 13 23 12 27 30 31 40 34 0 13 48 31 10 2 40 30 48 42 49 9 1 7 25 33 10 34 22 
40 40 18 15 4 31 34 41 17 39 35 24 19 45 45 10 10 26 40 21 38 15 34 6 37 42 5 12 5 6 21 13 0 12 22 33 22 28 27 1 27 33 41 17 45 8 48 40 9 25 
44 41 49 33 44 32 44 14 22 4 27 49 5 3 35 20 14 8 27 46 10 21 48 18 18 10 34 31 26 18 1 48 12 0 40 46 32 47 2 2 28 43 38 41 27 48 3 45 7 46 
40 20 23 22 46 45 47 20 3 41 25 35 19 10 48 27 2 41 29 27 5 15 31 10 10 27 48 37 15 38 4 31 22 40 0 1 17 9 30 49 35 25 14 21 30 33 34 33 25 4 
31 35 13 11 10 1 23 27 40 25 25 24 21 10 13 48 44 33 23 12 3 37 39 25 31 3 1 47 1 41 41 10 33 46 1 0 43 3 36 27 29 22 1 45 4 18 42 43 18 36 
46 8 11 23 30 16 42 39 28 3 39 3 38 20 44 9 44 16 9 25 37 22 24 28 37 30 22 23 28 6 24 2 22 32 17 43 0 36 47 5 14 26 17 37 27 28 8 11 29 10 
3 42 38 47 7 5 18 29 20 25 18 9 27 10 44 25 21 43 46 18 9 37 21 33 12 18 49 46 18 6 37 40 28 47 9 3 36 0 19 40 25 12 40 43 29 3 20 2 3 18 
43 24 19 6 19 29 2 20 30 6 36 41 5 16 3 11 31 43 16 14 35 36 7 28 28 6 49 32 48 12 22 30 27 2 30 36 47 19 0 24 9 41 30 48 4 31 44 11 12 1 
44 44 22 7 1 49 15 49 2 24 20 41 49 4 46 21 48 18 45 17 28 27 31 17 19 38 3 42 10 1 11 48 1 2 49 27 5 40 24 0 22 29 38 24 6 21 8 34 45 20 
7 29 15 30 15 10 28 5 42 2 37 11 49 32 3 5 18 43 19 46 45 34 38 17 3 26 4 9 22 47 26 42 27 28 35 29 14 25 9 22 0 18 7 1 38 21 37 11 1 14 
26 30 41 13 24 5 24 48 46 37 31 18 33 35 11 35 1 30 46 1 4 8 18 10 3 26 23 13 34 11 19 49 33 43 25 22 26 12 41 29 18 0 33 39 18 30 41 23 32 33 
41 48 43 19 33 23 6 14 13 27 16 37 49 19 23 36 3 28 34 38 45 45 20 30 9 8 27 33 35 46 21 9 41 38 14 1 17 40 30 38 7 33 0 29 11 30 19 36 43 43 
18 14 24 31 45 49 13 8 20 15 14 39 49 13 2 7 7 26 20 10 4 47 33 9 7 44 17 40 24 9 11 1 17 41 21 45 37 43 48 24 1 39 29 0 22 20 11 10 32 29 
37 25 15 36 11 25 45 33 19 33 12 10 2 15 16 26 15 12 19 36 12 16 14 2 33 4 43 1 28 5 11 7 45 27 30 4 27 29 4 6 38 18 11 22 0 37 32 34 2 37 
14 14 5 40 31 11 1 15 6 42 14 45 45 38 42 4 23 36 25 40 5 47 14 6 19 34 48 27 45 31 16 25 8 48 33 18 28 3 31 21 21 30 30 20 37 0 7 24 46 48 
17 29 16 30 9 17 46 33 34 6 3 32 10 12 2 26 2 2 2 19 5 36 41 48 42 14 3 9 15 7 10 33 48 3 34 42 8 20 44 8 37 41 19 11 32 7 0 25 2 8 
36 35 6 11 48 11 21 1 13 47 26 23 25 39 4 44 11 38 1 27 20 1 39 7 47 46 34 8 7 13 47 10 40 45 33 43 11 2 11 34 11 23 36 10 34 24 25 0 16 1 
33 2 28 22 40 35 16 32 16 12 36 28 14 34 21 4 21 17 12 46 25 20 35 43 42 32 1 12 3 37 22 34 9 7 25 18 29 3 12 45 1 32 43 32 2 46 2 16 0 10 
16 7 31 13 26 25 45 17 1 12 3 23 44 33 44 28 39 42 37 15 1 29 26 20 46 2 13 24 43 40 21 22 25 46 4 36 10 18 1 20 14 33 43 29 37 48 8 1 10 0 
