0 18 11 37 34 42 45 44 20 40 22 27 29 24 28 29 38 16 33 14 13 14 44 24 49 2 14 22 25 30 19 42 36 29 10 14 18 29 45 35 10 7 10 23 40 13 35 18 1 42 
18 0 3 8 37 49 16 8 2 24 26 26 29 7 31 15 22 22 27 31 17 17 21 29 42 26 30 13 43 2 24 6 25 32 16 34 14 36 45 20 34 21 28 42 41 49 13 49 34 1 
11 3 0 32 18 39 4 37 38 35 5 41 42 32 12 31 27 16 38 36 47 12 12 45 39 26 21 38 7 6 30 40 2 49 6 24 34 13 33 4 27 4 9 39 25 19 38 36 21 31 
37 8 32 0 11 45 40 31 22 36 3 41 23 3 40 42 44 1 7 34 31 48 18 4 4 39 42 37 20 26 27 13 30 49 38 2 28 36 2 37 38 49 25 17 18 13 14 19 41 44 
34 37 18 11 0 17 4 38 9 47 25 14 45 13 27 25 22 14 38 13 5 2 38 28 22 9 43 18 13 24 21 22 2 45 6 24 19 8 38 29 46 35 22 14 43 46 36 40 22 21 
42 49 39 45 17 0 2 15 25 33 7 3 13 45 25 5 15 12 12 48 25 36 2 48 19 43 8 19 10 4 26 7 29 42 23 34 33 13 8 3 28 41 6 49 35 27 8 4 26 9 
45 16 4 40 4 2 0 38 6 18 6 47 44 22 28 19 30 27 30 29 2 2 19 21 39 34 48 46 32 19 20 15 9 16 9 47 20 21 6 11 40 20 28 22 18 36 29 46 34 40 
44 8 37 31 38 15 38 0 4 40 12 22 19 32 24 33 9 18 20 35 47 47 5 20 22 40 31 27 35 37 40 28 36 41 17 3 23 39 7 16 3 15 29 32 25 36 35 43 48 16 
20 2 38 22 9 25 6 4 0 30 15 46 10 48 13 5 38 30 11 48 35 19 27 43 48 21 22 48 24 43 10 14 6 14 39 7 28 16 20 22 6 28 48 19 7 44 6 38 15 39 
40 24 35 36 47 33 18 40 30 0 13 35 20 42 14 39 15 46 35 37 29 41 38 45 28 44 6 16 38 21 9 5 10 38 33 42 18 20 41 43 38 27 3 37 43 45 2 4 28 19 
22 26 5 3 25 7 6 12 15 13 0 32 11 27 15 28 4 49 4 43 38 43 49 29 20 20 49 44 41 16 35 31 39 28 18 24 36 45 41 37 14 45 11 41 8 40 30 4 10 38 
27 26 41 41 14 3 47 22 46 35 32 0 47 30 31 29 44 32 13 25 5 32 14 45 38 16 28 13 34 28 45 25 18 49 43 49 1 6 16 26 7 6 3 3 25 33 24 4 10 23 
29 29 42 23 45 13 44 19 10 20 11 47 0 48 35 35 48 28 19 1 48 4 5 36 8 15 35 24 43 13 23 8 27 32 23 21 8 2 22 15 30 20 2 16 13 7 41 21 21 43 
24 7 32 3 13 45 22 32 48 42 27 30 48 0 40 5 6 40 26 33 8 25 14 4 40 24 46 1 47 16 47 30 1 33 49 26 16 37 26 19 47 44 46 18 22 13 41 26 17 43 
28 31 12 40 27 25 28 24 13 14 15 31 35 40 0 29 36 41 9 27 17 35 49 31 3 5 9 49 23 39 21 43 40 26 6 46 47 15 10 48 20 26 2 34 48 29 32 37 12 32 
29 15 31 42 25 5 19 33 5 39 28 29 35 5 29 0 34 45 49 1 27 33 22 49 18 20 47 46 12 30 47 2 10 7 13 33 26 1 20 23 27 2 17 25 16 29 16 7 41 24 
38 22 27 44 22 15 30 9 38 15 4 44 48 6 36 34 0 2 45 28 10 28 39 6 30 38 6 11 36 45 26 42 40 14 13 39 26 37 1 24 27 43 3 11 35 18 49 13 10 2 
16 22 16 1 14 12 27 18 30 46 49 32 28 40 41 45 2 0 41 25 48 17 36 8 5 2 49 39 40 4 5 9 44 17 29 16 31 33 30 28 47 4 8 15 26 25 29 40 32 46 
33 27 38 7 38 12 30 20 11 35 4 13 19 26 9 49 45 41 0 46 42 19 28 14 40 2 24 22 12 16 3 6 23 48 44 48 22 27 16 16 38 21 43 27 3 8 47 29 40 2 
14 31 36 34 13 48 29 35 48 37 43 25 1 33 27 1 28 25 46 0 2 2 39 7 46 21 20 47 1 29 33 40 5 11 19 41 45 24 16 45 28 49 42 23 10 3 41 18 29 34 
13 17 47 31 5 25 2 47 35 29 38 5 48 8 17 27 10 48 42 2 0 10 28 28 36 15 6 32 31 2 28 30 23 37 7 16 16 34 17 38 1 40 25 34 13 8 30 1 2 15 
14 17 12 48 2 36 2 47 19 41 43 32 4 25 35 33 28 17 19 2 10 0 24 23 24 37 33 6 30 49 11 39 22 12 38 23 33 30 45 44 21 16 21 31 38 17 37 36 24 37 
44 21 12 18 38 2 19 5 27 38 49 14 5 14 49 22 39 36 28 39 28 24 0 25 47 34 1 18 40 2 29 20 6 31 47 15 44 32 31 26 40 24 32 33 6 5 45 43 7 32 
24 29 45 4 28 48 21 20 43 45 29 45 36 4 31 49 6 8 14 7 28 23 25 0 49 23 19 18 1 38 49 6 31 17 32 44 21 32 22 13 42 2 17 39 37 11 11 17 14 38 
49 42 39 4 22 19 39 22 48 28 20 38 8 40 3 18 30 5 40 46 36 24 47 49 0 14 7 31 2 32 41 11 2 7 18 39 14 19 23 19 15 29 44 44 7 47 2 21 31 18 
2 26 26 39 9 43 34 40 21 44 20 16 15 24 5 20 38 2 2 21 15 37 34 23 14 0 5 46 44 49 30 44 12 5 27 6 34 33 2 3 15 19 30 15 14 14 40 31 37 9 
14 30 21 42 43 8 48 31 22 6 49 28 35 46 9 47 6 49 24 20 6 33 1 19 7 5 0 28 8 35 32 24 10 11 2 10 18 32 4 29 47 11 17 23 26 48 13 33 6 23 
22 13 38 37 18 19 46 27 48 16 44 13 24 1 49 46 11 39 22 47 32 6 18 18 31 46 28 0 12 37 42 7 49 37 17 9 47 6 32 3 6 13 14 37 11 43 5 45 31 18 
25 43 7 20 13 10 32 35 24 38 41 34 43 47 23 12 36 40 12 1 31 30 40 1 2 44 8 12 0 21 37 12 11 35 13 35 42 21 7 4 27 5 17 27 13 8 10 6 26 24 
30 2 6 26 24 4 19 37 43 21 16 28 13 16 39 30 45 4 16 29 2 49 2 38 32 49 35 37 21 0 23 1 34 42 48 43 45 20 40 36 33 23 47 39 21 5 16 32 31 15 
19 24 30 27 21 26 20 40 10 9 35 45 23 47 21 47 26 5 3 33 28 11 29 49 41 30 32 42 37 23 0 39 43 49 21 41 23 33 11 1 6 46 36 40 28 21 6 45 13 21 
42 6 40 13 22 7 15 28 14 5 31 25 8 30 43 2 42 9 6 40 30 39 20 6 11 44 24 7 12 1 39 0 9 5 1 16 36 10 38 36 8 45 14 36 6 42 17 29 29 40 
36 25 2 30 2 29 9 36 6 10 39 18 27 1 40 10 40 44 23 5 23 22 6 31 2 12 10 49 11 34 43 9 0 12 13 24 49 31 12 8 4 33 8 49 34 48 37 5 2 9 
29 32 49 49 45 42 16 41 14 38 28 49 32 33 26 7 14 17 48 11 37 12 31 17 7 5 11 37 35 42 49 5 12 0 33 29 48 25 35 26 32 14 15 37 31 4 32 8 2 34 
10 16 6 38 6 23 9 17 39 33 18 43 23 49 6 13 13 29 44 19 7 38 47 32 18 27 2 17 13 48 21 1 13 33 0 7 31 36 34 14 10 49 49 9 11 30 21 23 21 47 
14 34 24 2 24 34 47 3 7 42 24 49 21 26 46 33 39 16 48 41 16 23 15 44 39 6 10 9 35 43 41 16 24 29 7 0 32 30 40 27 21 13 46 35 39 40 22 15 25 29 
18 14 34 28 19 33 20 23 28 18 36 1 8 16 47 26 26 31 22 45 16 33 44 21 14 34 18 47 42 45 23 36 49 48 31 32 0 27 47 10 41 5 47 11 20 25 26 36 13 27 
29 36 13 36 8 13 21 39 16 20 45 6 2 37 15 1 37 33 27 24 34 30 32 32 19 33 32 6 21 20 33 10 31 25 36 30 27 0 28 38 28 2 20 5 28 30 45 39 44 45 
45 45 33 2 38 8 6 7 20 41 41 16 22 26 10 20 1 30 16 16 17 45 31 22 23 2 4 32 7 40 11 38 12 35 34 40 47 28 0 3 39 38 12 6 4 3 28 18 15 8 
35 20 4 37 29 3 11 16 22 43 37 26 15 19 48 23 24 28 16 45 38 44 26 13 19 3 29 3 4 36 1 36 8 26 14 27 10 38 3 0 26 9 43 40 26 8 21 9 22 41 
10 34 27 38 46 28 40 3 6 38 14 7 30 47 20 27 27 47 38 28 1 21 40 42 15 15 47 6 27 33 6 8 4 32 10 21 41 28 39 26 0 9 6 32 17 26 9 6 45 2 
7 21 4 49 35 41 20 15 28 27 45 6 20 44 26 2 43 4 21 49 40 16 24 2 29 19 11 13 5 23 46 45 33 14 49 13 5 2 38 9 9 0 39 12 6 43 38 24 48 38 
10 28 9 25 22 6 28 29 48 3 11 3 2 46 2 17 3 8 43 42 25 21 32 17 44 30 17 14 17 47 36 14 8 15 49 46 47 20 12 43 6 39 0 15 23 33 44 18 8 45 
23 42 39 17 14 49 22 32 19 37 41 3 16 18 34 25 11 15 27 23 34 31 33 39 44 15 23 37 27 39 40 36 49 37 9 35 11 5 6 40 32 12 15 0 6 47 45 27 33 38 
40 41 25 18 43 35 18 25 7 43 8 25 13 22 48 16 35 26 3 10 13 38 6 37 7 14 26 11 13 21 28 6 34 31 11 39 20 28 4 26 17 6 23 6 0 20 7 38 7 37 
13 49 19 13 46 27 36 36 44 45 40 33 7 13 29 29 18 25 8 3 8 17 5 11 47 14 48 43 8 5 21 42 48 4 30 40 25 30 3 8 26 43 33 47 20 0 17 31 1 27 
35 13 38 14 36 8 29 35 6 2 30 24 41 41 32 16 49 29 47 41 30 37 45 11 2 40 13 5 10 16 6 17 37 32 21 22 26 45 28 21 9 38 44 45 7 17 0 40 5 17 
18 49 36 19 40 4 46 43 38 4 4 4 21 26 37 7 13 40 29 18 1 36 43 17 21 31 33 45 6 32 45 29 5 8 23 15 36 39 18 9 6 24 18 27 38 31 40 0 19 23 
1 34 21 41 22 26 34 48 15 28 10 10 21 17 12 41 10 32 40 29 2 24 7 14 31 37 6 31 26 31 13 29 2 2 21 25 13 44 15 22 45 48 8 33 7 1 5 19 0 46 
42 1 31 44 21 9 40 16 39 19 38 23 43 43 32 24 2 46 2 34 15 37 32 38 18 9 23 18 24 15 21 40 9 34 47 29 27 45 8 41 2 38 45 38 37 27 17 23 46 0 
