0 12 3 25 27 16 8 24 41 15 37 7 42 18 27 8 32 45 9 36 24 2 22 3 48 39 45 1 24 7 31 24 13 5 19 48 9 18 19 37 20 7 28 41 32 4 48 44 8 26 
12 0 11 40 36 41 35 6 2 41 49 39 42 1 18 27 45 27 32 15 14 17 30 1 27 13 5 23 12 14 10 17 2 28 13 28 35 3 17 8 36 10 47 33 19 25 34 10 28 37 
3 11 0 32 20 47 7 8 22 8 35 36 26 34 33 43 11 34 16 32 46 48 16 5 6 43 45 29 10 41 9 4 25 37 41 39 19 35 28 20 3 20 25 24 39 25 4 25 49 34 
25 40 32 0 16 12 13 25 30 8 33 1 45 34 15 47 2 3 44 35 36 3 17 6 6 13 30 25 6 23 24 8 18 35 27 24 7 19 15 1 20 29 17 3 23 31 34 32 18 42 
27 36 20 16 0 25 34 8 14 9 24 25 2 18 42 19 45 31 22 28 31 14 1 45 20 20 47 32 25 43 31 41 43 8 47 9 7 36 20 3 4 43 6 7 4 41 43 28 20 26 
16 41 47 12 25 0 36 41 17 32 26 41 10 27 37 46 42 34 40 11 24 45 8 20 9 13 38 29 9 16 16 36 23 28 32 44 29 3 2 38 49 36 2 40 20 10 41 31 2 29 
8 35 7 13 34 36 0 37 13 46 38 32 49 21 4 5 17 16 5 16 33 8 19 31 35 35 19 2 10 2 5 29 21 47 44 39 13 36 16 36 29 40 4 1 42 44 12 33 8 23 
24 6 8 25 8 41 37 0 14 32 21 33 30 43 23 48 6 44 37 28 15 16 20 14 21 38 49 39 48 38 36 26 26 1 16 9 23 31 5 27 48 38 42 34 47 44 47 8 31 18 
41 2 22 30 14 17 13 14 0 8 36 26 36 18 10 38 43 21 22 37 23 25 17 33 28 9 18 48 13 47 15 11 47 26 4 16 7 33 1 30 24 13 10 20 39 15 15 21 37 35 
15 41 8 8 9 32 46 32 8 0 33 38 40 26 49 36 36 10 25 28 5 37 44 23 9 46 17 37 25 33 5 25 49 28 38 24 25 16 41 49 34 13 6 43 15 17 35 25 14 5 
37 49 35 33 24 26 38 21 36 33 0 16 36 13 27 47 49 10 11 39 31 15 48 45 13 19 2 32 18 1 7 15 14 18 32 19 16 36 36 41 17 43 21 43 42 38 36 26 28 27 
7 39 36 1 25 41 32 33 26 38 16 0 12 11 9 43 46 7 24 39 49 24 48 29 13 15 43 28 14 18 36 6 37 23 29 7 5 8 46 46 12 21 34 9 30 41 24 38 46 2 
42 42 26 45 2 10 49 30 36 40 36 12 0 36 44 44 2 37 21 15 10 2 14 48 31 28 2 13 7 22 40 3 38 34 38 36 33 42 19 7 38 11 38 45 5 45 32 49 3 2 
18 1 34 34 18 27 21 43 18 26 13 11 36 0 37 48 34 42 41 11 40 1 6 32 1 29 28 37 10 3 5 28 43 22 1 36 28 34 34 13 6 18 36 33 2 48 16 34 3 17 
27 18 33 15 42 37 4 23 10 49 27 9 44 37 0 5 26 19 32 16 25 31 49 42 5 11 34 28 33 32 4 32 2 24 19 17 31 23 12 29 22 19 21 45 45 41 5 20 11 36 
8 27 43 47 19 46 5 48 38 36 47 43 44 48 5 0 18 48 21 13 20 47 26 37 24 23 31 28 29 14 48 26 11 10 46 46 6 18 48 11 13 11 42 15 13 46 47 35 46 12 
32 45 11 2 45 42 17 6 43 36 49 46 2 34 26 18 0 47 12 35 26 7 47 35 9 8 44 43 48 45 5 11 17 12 39 14 10 7 24 8 25 3 38 34 46 25 31 43 47 25 
45 27 34 3 31 34 16 44 21 10 10 7 37 42 19 48 47 0 5 5 16 22 31 7 26 11 30 25 14 26 25 14 39 41 28 37 22 1 14 17 14 20 42 21 12 47 43 9 17 12 
9 32 16 44 22 40 5 37 22 25 11 24 21 41 32 21 12 5 0 46 29 37 17 48 45 25 22 2 21 20 26 36 31 33 30 19 44 45 4 37 44 49 26 48 10 6 32 48 19 36 
36 15 32 35 28 11 16 28 37 28 39 39 15 11 16 13 35 5 46 0 42 6 46 47 48 6 11 39 46 23 22 7 4 37 41 3 10 49 39 17 24 46 4 33 2 37 25 5 45 17 
24 14 46 36 31 24 33 15 23 5 31 49 10 40 25 20 26 16 29 42 0 40 39 1 5 5 11 29 13 6 27 26 45 26 11 18 35 17 46 34 37 22 33 11 19 44 33 1 16 19 
2 17 48 3 14 45 8 16 25 37 15 24 2 1 31 47 7 22 37 6 40 0 2 45 34 19 9 40 32 38 43 41 2 15 47 32 37 23 44 35 38 41 37 26 45 8 42 11 7 32 
22 30 16 17 1 8 19 20 17 44 48 48 14 6 49 26 47 31 17 46 39 2 0 49 42 49 24 9 8 38 24 13 39 33 40 1 15 5 33 37 20 12 6 34 4 14 16 28 38 31 
3 1 5 6 45 20 31 14 33 23 45 29 48 32 42 37 35 7 48 47 1 45 49 0 24 34 34 5 12 11 7 11 31 32 10 1 47 16 14 2 34 7 39 34 22 23 25 36 11 10 
48 27 6 6 20 9 35 21 28 9 13 13 31 1 5 24 9 26 45 48 5 34 42 24 0 17 29 36 36 20 27 16 34 24 49 40 17 10 35 35 34 16 40 45 6 8 33 35 1 1 
39 13 43 13 20 13 35 38 9 46 19 15 28 29 11 23 8 11 25 6 5 19 49 34 17 0 14 14 6 44 22 42 34 28 4 29 41 32 10 21 39 5 1 28 24 30 39 4 44 19 
45 5 45 30 47 38 19 49 18 17 2 43 2 28 34 31 44 30 22 11 11 9 24 34 29 14 0 5 6 29 30 9 31 45 26 6 22 23 10 41 7 17 26 11 14 34 48 18 9 7 
1 23 29 25 32 29 2 39 48 37 32 28 13 37 28 28 43 25 2 39 29 40 9 5 36 14 5 0 4 36 11 16 20 2 6 23 18 5 43 28 5 13 48 2 15 42 46 45 27 35 
24 12 10 6 25 9 10 48 13 25 18 14 7 10 33 29 48 14 21 46 13 32 8 12 36 6 6 4 0 18 29 39 45 7 16 19 28 40 41 33 33 12 35 5 40 33 48 3 27 49 
7 14 41 23 43 16 2 38 47 33 1 18 22 3 32 14 45 26 20 23 6 38 38 11 20 44 29 36 18 0 4 15 21 15 17 11 12 1 17 14 23 45 5 30 10 12 8 10 24 22 
31 10 9 24 31 16 5 36 15 5 7 36 40 5 4 48 5 25 26 22 27 43 24 7 27 22 30 11 29 4 0 14 40 34 35 19 44 28 20 47 40 47 27 42 20 18 32 41 30 10 
24 17 4 8 41 36 29 26 11 25 15 6 3 28 32 26 11 14 36 7 26 41 13 11 16 42 9 16 39 15 14 0 3 45 45 41 40 28 43 15 39 47 13 21 21 38 16 16 4 12 
13 2 25 18 43 23 21 26 47 49 14 37 38 43 2 11 17 39 31 4 45 2 39 31 34 34 31 20 45 21 40 3 0 35 13 4 32 35 38 29 1 16 47 45 25 25 37 46 28 25 
5 28 37 35 8 28 47 1 26 28 18 23 34 22 24 10 12 41 33 37 26 15 33 32 24 28 45 2 7 15 34 45 35 0 21 16 45 23 19 42 44 27 1 49 12 46 3 25 41 3 
19 13 41 27 47 32 44 16 4 38 32 29 38 1 19 46 39 28 30 41 11 47 40 10 49 4 26 6 16 17 35 45 13 21 0 27 3 34 1 36 24 6 17 37 4 38 39 5 6 48 
48 28 39 24 9 44 39 9 16 24 19 7 36 36 17 46 14 37 19 3 18 32 1 1 40 29 6 23 19 11 19 41 4 16 27 0 35 12 43 26 6 10 42 37 3 25 30 18 30 44 
9 35 19 7 7 29 13 23 7 25 16 5 33 28 31 6 10 22 44 10 35 37 15 47 17 41 22 18 28 12 44 40 32 45 3 35 0 27 4 27 46 3 35 39 29 2 20 10 7 1 
18 3 35 19 36 3 36 31 33 16 36 8 42 34 23 18 7 1 45 49 17 23 5 16 10 32 23 5 40 1 28 28 35 23 34 12 27 0 26 39 19 5 44 12 45 14 44 29 9 30 
19 17 28 15 20 2 16 5 1 41 36 46 19 34 12 48 24 14 4 39 46 44 33 14 35 10 10 43 41 17 20 43 38 19 1 43 4 26 0 43 4 10 3 39 13 48 2 10 3 38 
37 8 20 1 3 38 36 27 30 49 41 46 7 13 29 11 8 17 37 17 34 35 37 2 35 21 41 28 33 14 47 15 29 42 36 26 27 39 43 0 35 30 36 27 47 41 9 22 3 29 
20 36 3 20 4 49 29 48 24 34 17 12 38 6 22 13 25 14 44 24 37 38 20 34 34 39 7 5 33 23 40 39 1 44 24 6 46 19 4 35 0 7 27 44 39 9 41 44 28 9 
7 10 20 29 43 36 40 38 13 13 43 21 11 18 19 11 3 20 49 46 22 41 12 7 16 5 17 13 12 45 47 47 16 27 6 10 3 5 10 30 7 0 18 21 43 6 41 15 40 32 
28 47 25 17 6 2 4 42 10 6 21 34 38 36 21 42 38 42 26 4 33 37 6 39 40 1 26 48 35 5 27 13 47 1 17 42 35 44 3 36 27 18 0 8 21 28 38 30 28 40 
41 33 24 3 7 40 1 34 20 43 43 9 45 33 45 15 34 21 48 33 11 26 34 34 45 28 11 2 5 30 42 21 45 49 37 37 39 12 39 27 44 21 8 0 13 26 2 15 28 2 
32 19 39 23 4 20 42 47 39 15 42 30 5 2 45 13 46 12 10 2 19 45 4 22 6 24 14 15 40 10 20 21 25 12 4 3 29 45 13 47 39 43 21 13 0 19 47 41 9 7 
4 25 25 31 41 10 44 44 15 17 38 41 45 48 41 46 25 47 6 37 44 8 14 23 8 30 34 42 33 12 18 38 25 46 38 25 2 14 48 41 9 6 28 26 19 0 11 25 46 19 
48 34 4 34 43 41 12 47 15 35 36 24 32 16 5 47 31 43 32 25 33 42 16 25 33 39 48 46 48 8 32 16 37 3 39 30 20 44 2 9 41 41 38 2 47 11 0 33 9 23 
44 10 25 32 28 31 33 8 21 25 26 38 49 34 20 35 43 9 48 5 1 11 28 36 35 4 18 45 3 10 41 16 46 25 5 18 10 29 10 22 44 15 30 15 41 25 33 0 15 16 
8 28 49 18 20 2 8 31 37 14 28 46 3 3 11 46 47 17 19 45 16 7 38 11 1 44 9 27 27 24 30 4 28 41 6 30 7 9 3 3 28 40 28 28 9 46 9 15 0 8 
26 37 34 42 26 29 23 18 35 5 27 2 2 17 36 12 25 12 36 17 19 32 31 10 1 19 7 35 49 22 10 12 25 3 48 44 1 30 38 29 9 32 40 2 7 19 23 16 8 0 
