0 38 41 39 41 25 7 42 42 25 16 30 46 39 41 26 9 39 38 18 33 17 29 9 6 29 4 10 16 3 26 37 47 24 8 31 16 44 27 21 5 32 18 16 25 15 11 9 40 37 
38 0 40 18 20 42 21 26 5 49 38 44 35 19 24 26 9 4 12 3 10 14 43 40 26 3 29 2 32 29 3 34 34 3 37 24 11 3 37 33 32 47 38 47 5 1 41 5 37 25 
41 40 0 19 34 44 11 8 6 18 5 31 4 26 30 49 13 38 32 49 31 13 33 31 19 42 10 4 2 19 46 13 34 3 11 25 40 11 30 23 23 32 23 8 40 18 36 7 25 5 
39 18 19 0 49 32 24 46 36 3 35 15 25 37 5 8 37 42 10 14 2 9 15 45 15 21 33 43 9 6 6 8 47 41 29 18 39 14 27 13 44 7 45 29 4 45 10 30 46 1 
41 20 34 49 0 7 16 42 21 46 3 48 40 13 48 28 44 23 21 4 13 39 13 38 29 47 4 18 18 23 3 18 5 36 46 22 40 23 5 15 29 22 25 27 32 27 17 37 33 15 
25 42 44 32 7 0 43 20 26 47 20 47 6 35 13 16 41 13 36 20 26 47 31 49 49 7 37 31 49 29 11 33 9 34 37 31 21 42 29 43 37 11 27 26 32 40 23 3 37 13 
7 21 11 24 16 43 0 31 39 45 21 14 3 39 28 42 16 42 35 22 9 18 42 14 2 23 39 10 10 10 2 13 4 24 40 32 45 34 44 25 45 9 31 29 25 30 5 38 45 26 
42 26 8 46 42 20 31 0 36 7 41 23 9 33 23 23 18 4 24 23 36 3 40 34 26 41 25 30 22 47 39 37 31 49 3 45 18 9 14 3 14 43 27 34 1 14 11 22 48 22 
42 5 6 36 21 26 39 36 0 38 25 27 22 6 15 10 3 25 7 43 37 12 27 37 22 24 44 39 16 15 30 45 47 5 15 46 42 16 45 49 19 11 3 22 41 15 17 6 31 18 
25 49 18 3 46 47 45 7 38 0 22 35 9 46 5 36 28 30 41 10 12 17 8 37 2 6 20 45 18 30 25 26 2 32 42 47 9 14 23 43 3 47 39 3 26 42 47 22 6 35 
16 38 5 35 3 20 21 41 25 22 0 40 30 26 15 10 34 41 1 26 31 5 49 37 15 34 25 31 11 26 20 14 22 43 44 15 41 14 17 16 8 42 43 23 19 49 48 30 48 42 
30 44 31 15 48 47 14 23 27 35 40 0 12 48 8 11 1 2 32 30 33 43 36 47 22 46 18 47 20 31 45 36 10 10 35 3 30 22 46 1 38 18 47 28 18 26 42 46 22 23 
46 35 4 25 40 6 3 9 22 9 30 12 0 29 22 3 17 46 5 31 4 31 26 22 35 3 49 37 15 20 29 21 32 28 48 36 21 44 47 18 45 11 23 12 28 8 45 10 18 3 
39 19 26 37 13 35 39 33 6 46 26 48 29 0 37 40 6 24 27 6 36 27 34 8 13 11 6 43 32 8 1 18 29 8 35 13 4 23 28 12 35 20 12 45 33 41 19 33 40 14 
41 24 30 5 48 13 28 23 15 5 15 8 22 37 0 11 43 14 49 24 24 38 13 33 45 46 34 30 33 32 24 26 12 27 24 31 8 48 38 33 3 17 18 41 18 46 15 14 24 37 
26 26 49 8 28 16 42 23 10 36 10 11 3 40 11 0 19 43 12 15 25 7 27 23 13 40 39 16 34 2 4 1 13 10 17 4 34 3 4 41 38 31 13 23 8 7 47 46 38 5 
9 9 13 37 44 41 16 18 3 28 34 1 17 6 43 19 0 23 1 18 40 27 34 45 10 19 22 8 37 38 33 29 17 6 16 28 33 33 2 35 11 33 21 2 30 19 25 5 6 38 
39 4 38 42 23 13 42 4 25 30 41 2 46 24 14 43 23 0 29 38 20 21 9 28 22 48 18 23 25 30 21 46 27 41 23 12 33 5 33 22 20 2 38 20 31 7 44 48 34 30 
38 12 32 10 21 36 35 24 7 41 1 32 5 27 49 12 1 29 0 37 9 10 46 22 9 47 21 30 37 32 20 16 29 20 16 29 9 22 8 30 45 32 34 8 5 4 7 4 27 44 
18 3 49 14 4 20 22 23 43 10 26 30 31 6 24 15 18 38 37 0 5 13 18 25 31 30 5 44 9 31 46 22 20 17 31 42 30 32 4 4 10 2 20 10 9 15 25 16 44 38 
33 10 31 2 13 26 9 36 37 12 31 33 4 36 24 25 40 20 9 5 0 45 11 10 34 22 16 32 24 8 22 2 48 10 48 14 17 20 39 42 25 32 40 41 35 22 14 26 16 32 
17 14 13 9 39 47 18 3 12 17 5 43 31 27 38 7 27 21 10 13 45 0 21 30 45 4 21 37 22 6 7 8 42 9 22 17 36 25 36 26 12 43 3 38 46 16 26 43 5 9 
29 43 33 15 13 31 42 40 27 8 49 36 26 34 13 27 34 9 46 18 11 21 0 31 30 9 31 34 44 9 10 33 33 28 17 21 13 14 39 26 28 21 9 1 32 6 46 9 6 40 
9 40 31 45 38 49 14 34 37 37 37 47 22 8 33 23 45 28 22 25 10 30 31 0 11 5 31 5 16 19 37 30 24 24 13 8 4 8 26 33 19 37 44 3 19 20 26 13 47 15 
6 26 19 15 29 49 2 26 22 2 15 22 35 13 45 13 10 22 9 31 34 45 30 11 0 15 4 25 28 23 11 43 11 5 49 45 41 17 27 25 25 33 26 13 42 31 13 19 33 24 
29 3 42 21 47 7 23 41 24 6 34 46 3 11 46 40 19 48 47 30 22 4 9 5 15 0 43 16 22 3 42 26 8 40 13 30 11 22 15 43 44 42 12 26 38 12 49 17 13 14 
4 29 10 33 4 37 39 25 44 20 25 18 49 6 34 39 22 18 21 5 16 21 31 31 4 43 0 47 25 23 15 32 28 49 18 41 3 9 6 16 14 27 17 28 5 20 4 21 29 30 
10 2 4 43 18 31 10 30 39 45 31 47 37 43 30 16 8 23 30 44 32 37 34 5 25 16 47 0 25 44 43 33 45 11 4 17 12 25 36 25 8 15 34 15 9 32 17 16 41 8 
16 32 2 9 18 49 10 22 16 18 11 20 15 32 33 34 37 25 37 9 24 22 44 16 28 22 25 25 0 28 5 36 16 49 15 19 2 44 37 24 3 28 29 1 49 29 20 34 10 13 
3 29 19 6 23 29 10 47 15 30 26 31 20 8 32 2 38 30 32 31 8 6 9 19 23 3 23 44 28 0 1 45 6 25 36 46 21 37 3 34 9 17 17 5 18 39 36 6 25 11 
26 3 46 6 3 11 2 39 30 25 20 45 29 1 24 4 33 21 20 46 22 7 10 37 11 42 15 43 5 1 0 47 11 33 43 13 24 43 19 23 26 42 22 33 35 21 10 18 44 2 
37 34 13 8 18 33 13 37 45 26 14 36 21 18 26 1 29 46 16 22 2 8 33 30 43 26 32 33 36 45 47 0 44 36 26 47 44 5 38 41 37 26 44 41 21 11 31 12 15 20 
47 34 34 47 5 9 4 31 47 2 22 10 32 29 12 13 17 27 29 20 48 42 33 24 11 8 28 45 16 6 11 44 0 17 9 42 30 48 17 15 48 16 15 36 13 21 21 44 6 26 
24 3 3 41 36 34 24 49 5 32 43 10 28 8 27 10 6 41 20 17 10 9 28 24 5 40 49 11 49 25 33 36 17 0 22 37 17 37 47 29 22 21 27 47 3 30 43 27 37 2 
8 37 11 29 46 37 40 3 15 42 44 35 48 35 24 17 16 23 16 31 48 22 17 13 49 13 18 4 15 36 43 26 9 22 0 21 36 4 17 24 39 39 39 46 31 3 49 34 46 45 
31 24 25 18 22 31 32 45 46 47 15 3 36 13 31 4 28 12 29 42 14 17 21 8 45 30 41 17 19 46 13 47 42 37 21 0 36 20 8 8 9 31 4 20 7 25 19 41 15 34 
16 11 40 39 40 21 45 18 42 9 41 30 21 4 8 34 33 33 9 30 17 36 13 4 41 11 3 12 2 21 24 44 30 17 36 36 0 9 25 16 18 46 3 4 30 47 8 30 45 30 
44 3 11 14 23 42 34 9 16 14 14 22 44 23 48 3 33 5 22 32 20 25 14 8 17 22 9 25 44 37 43 5 48 37 4 20 9 0 13 44 44 31 25 48 6 16 3 21 33 11 
27 37 30 27 5 29 44 14 45 23 17 46 47 28 38 4 2 33 8 4 39 36 39 26 27 15 6 36 37 3 19 38 17 47 17 8 25 13 0 21 23 4 25 37 29 33 23 32 43 27 
21 33 23 13 15 43 25 3 49 43 16 1 18 12 33 41 35 22 30 4 42 26 26 33 25 43 16 25 24 34 23 41 15 29 24 8 16 44 21 0 22 29 47 30 43 22 48 39 7 49 
5 32 23 44 29 37 45 14 19 3 8 38 45 35 3 38 11 20 45 10 25 12 28 19 25 44 14 8 3 9 26 37 48 22 39 9 18 44 23 22 0 26 15 27 41 15 14 27 14 37 
32 47 32 7 22 11 9 43 11 47 42 18 11 20 17 31 33 2 32 2 32 43 21 37 33 42 27 15 28 17 42 26 16 21 39 31 46 31 4 29 26 0 39 36 9 18 6 44 42 25 
18 38 23 45 25 27 31 27 3 39 43 47 23 12 18 13 21 38 34 20 40 3 9 44 26 12 17 34 29 17 22 44 15 27 39 4 3 25 25 47 15 39 0 7 4 25 20 32 20 9 
16 47 8 29 27 26 29 34 22 3 23 28 12 45 41 23 2 20 8 10 41 38 1 3 13 26 28 15 1 5 33 41 36 47 46 20 4 48 37 30 27 36 7 0 37 33 29 2 35 3 
25 5 40 4 32 32 25 1 41 26 19 18 28 33 18 8 30 31 5 9 35 46 32 19 42 38 5 9 49 18 35 21 13 3 31 7 30 6 29 43 41 9 4 37 0 5 25 43 1 42 
15 1 18 45 27 40 30 14 15 42 49 26 8 41 46 7 19 7 4 15 22 16 6 20 31 12 20 32 29 39 21 11 21 30 3 25 47 16 33 22 15 18 25 33 5 0 4 37 31 31 
11 41 36 10 17 23 5 11 17 47 48 42 45 19 15 47 25 44 7 25 14 26 46 26 13 49 4 17 20 36 10 31 21 43 49 19 8 3 23 48 14 6 20 29 25 4 0 42 32 32 
9 5 7 30 37 3 38 22 6 22 30 46 10 33 14 46 5 48 4 16 26 43 9 13 19 17 21 16 34 6 18 12 44 27 34 41 30 21 32 39 27 44 32 2 43 37 42 0 15 47 
40 37 25 46 33 37 45 48 31 6 48 22 18 40 24 38 6 34 27 44 16 5 6 47 33 13 29 41 10 25 44 15 6 37 46 15 45 33 43 7 14 42 20 35 1 31 32 15 0 10 
37 25 5 1 15 13 26 22 18 35 42 23 3 14 37 5 38 30 44 38 32 9 40 15 24 14 30 8 13 11 2 20 26 2 45 34 30 11 27 49 37 25 9 3 42 31 32 47 10 0 
