0 10 42 35 18 43 8 41 18 6 31 20 20 34 9 34 48 12 4 39 33 22 49 44 22 47 45 30 30 3 8 32 33 15 5 3 35 36 1 18 24 1 9 7 47 26 39 30 43 10 
10 0 42 9 9 6 48 32 24 3 18 19 31 10 17 37 44 10 23 3 37 3 30 24 15 14 48 45 18 29 18 14 17 6 26 12 20 1 45 12 38 27 49 31 22 26 15 35 34 12 
42 42 0 35 38 32 1 12 41 47 28 23 25 49 37 8 12 6 34 23 21 12 34 45 29 15 6 20 16 4 29 48 17 12 49 30 43 31 41 29 48 48 24 43 4 25 11 40 45 9 
35 9 35 0 4 9 34 10 6 30 47 19 7 28 37 3 5 30 45 36 6 45 37 25 19 44 20 47 20 16 25 7 4 38 24 7 9 46 20 10 15 15 26 15 34 44 45 43 8 34 
18 9 38 4 0 37 11 10 1 21 22 11 20 30 28 14 42 40 46 18 37 45 33 46 36 17 46 10 26 12 12 28 39 49 17 3 11 37 4 2 3 41 37 41 44 39 8 15 37 13 
43 6 32 9 37 0 6 14 4 24 47 30 21 19 30 2 43 1 13 8 38 25 9 18 46 12 42 2 28 12 27 15 11 4 27 11 44 30 49 42 1 17 34 37 25 48 23 1 46 16 
8 48 1 34 11 6 0 15 40 46 46 21 41 48 41 32 46 17 41 11 33 47 13 23 27 18 26 32 19 32 47 5 23 11 5 33 49 41 45 21 14 2 11 37 24 7 43 5 3 12 
41 32 12 10 10 14 15 0 21 20 26 3 9 21 41 18 37 6 40 37 15 19 33 48 14 25 14 19 5 12 9 5 26 5 20 2 24 40 29 41 34 13 32 26 13 9 3 48 29 9 
18 24 41 6 1 4 40 21 0 7 33 23 29 11 10 32 21 48 39 27 9 47 39 11 7 34 11 29 19 28 1 32 40 31 34 4 17 39 33 47 1 29 12 15 31 1 35 42 6 48 
6 3 47 30 21 24 46 20 7 0 27 31 44 19 34 1 41 35 17 47 27 36 43 11 3 9 2 36 40 47 23 46 21 26 11 26 15 28 36 44 34 31 37 12 28 33 39 40 48 28 
31 18 28 47 22 47 46 26 33 27 0 19 38 1 20 41 35 4 37 4 1 34 27 38 21 8 20 22 33 31 33 28 36 39 1 20 24 44 15 7 10 22 40 46 45 11 48 22 23 47 
20 19 23 19 11 30 21 3 23 31 19 0 29 41 24 47 17 22 49 32 9 9 38 2 24 40 39 27 15 48 47 37 37 21 49 3 6 37 37 21 42 32 31 5 28 14 2 9 33 19 
20 31 25 7 20 21 41 9 29 44 38 29 0 34 44 49 35 33 23 19 20 6 7 36 27 31 16 22 30 48 42 32 1 13 45 39 8 33 26 38 21 2 37 33 37 22 7 5 17 48 
34 10 49 28 30 19 48 21 11 19 1 41 34 0 15 16 12 15 35 17 5 45 33 9 6 19 47 7 26 49 6 46 18 13 44 27 3 14 34 11 19 35 10 7 21 48 37 9 38 26 
9 17 37 37 28 30 41 41 10 34 20 24 44 15 0 2 49 35 22 32 18 15 29 8 47 23 17 32 18 3 2 48 26 44 38 15 44 23 34 25 4 22 19 5 31 13 46 29 1 44 
34 37 8 3 14 2 32 18 32 1 41 47 49 16 2 0 24 47 9 22 15 47 32 43 25 19 5 11 42 9 18 17 29 12 18 16 14 44 41 19 30 16 27 21 4 38 43 48 4 12 
48 44 12 5 42 43 46 37 21 41 35 17 35 12 49 24 0 9 37 3 42 40 38 42 3 26 21 14 9 2 31 5 40 29 40 49 34 29 28 7 5 41 7 14 43 31 26 29 22 36 
12 10 6 30 40 1 17 6 48 35 4 22 33 15 35 47 9 0 15 36 19 32 24 7 22 23 49 20 1 34 40 28 11 2 5 38 39 5 13 4 40 29 10 28 44 4 40 17 31 5 
4 23 34 45 46 13 41 40 39 17 37 49 23 35 22 9 37 15 0 20 41 39 31 30 26 30 21 32 31 36 44 9 41 17 34 15 21 17 44 17 34 49 28 5 30 13 44 39 38 4 
39 3 23 36 18 8 11 37 27 47 4 32 19 17 32 22 3 36 20 0 29 46 32 35 6 29 25 31 41 36 16 8 35 29 10 20 21 4 18 45 8 20 30 37 20 4 39 23 47 10 
33 37 21 6 37 38 33 15 9 27 1 9 20 5 18 15 42 19 41 29 0 27 31 32 38 43 24 19 29 43 27 40 42 4 23 20 36 37 33 2 4 3 2 30 2 38 15 15 2 22 
22 3 12 45 45 25 47 19 47 36 34 9 6 45 15 47 40 32 39 46 27 0 8 49 13 45 14 26 39 35 14 38 40 5 28 12 3 39 8 43 36 23 11 24 16 3 25 4 13 4 
49 30 34 37 33 9 13 33 39 43 27 38 7 33 29 32 38 24 31 32 31 8 0 16 25 48 7 47 28 3 22 9 4 15 33 28 29 34 19 10 16 15 24 16 42 15 10 9 29 41 
44 24 45 25 46 18 23 48 11 11 38 2 36 9 8 43 42 7 30 35 32 49 16 0 24 29 22 9 19 33 2 24 48 46 38 15 3 27 33 37 14 45 43 8 30 46 12 48 41 37 
22 15 29 19 36 46 27 14 7 3 21 24 27 6 47 25 3 22 26 6 38 13 25 24 0 45 6 15 26 30 46 31 5 26 1 26 26 5 18 32 28 45 16 22 4 12 5 15 24 46 
47 14 15 44 17 12 18 25 34 9 8 40 31 19 23 19 26 23 30 29 43 45 48 29 45 0 42 11 8 42 20 49 45 40 5 42 37 38 9 7 37 21 43 27 25 7 40 8 49 33 
45 48 6 20 46 42 26 14 11 2 20 39 16 47 17 5 21 49 21 25 24 14 7 22 6 42 0 9 44 29 40 22 3 48 39 10 28 11 30 28 2 2 34 18 31 4 14 38 31 37 
30 45 20 47 10 2 32 19 29 36 22 27 22 7 32 11 14 20 32 31 19 26 47 9 15 11 9 0 3 37 4 5 28 23 26 8 41 22 12 36 30 27 22 30 7 28 26 1 12 4 
30 18 16 20 26 28 19 5 19 40 33 15 30 26 18 42 9 1 31 41 29 39 28 19 26 8 44 3 0 22 4 15 4 28 14 8 11 29 46 17 14 41 12 29 27 48 40 4 32 31 
3 29 4 16 12 12 32 12 28 47 31 48 48 49 3 9 2 34 36 36 43 35 3 33 30 42 29 37 22 0 15 42 9 45 25 33 23 47 42 38 29 16 7 47 4 24 48 7 27 15 
8 18 29 25 12 27 47 9 1 23 33 47 42 6 2 18 31 40 44 16 27 14 22 2 46 20 40 4 4 15 0 19 18 11 38 36 20 9 12 35 21 26 9 28 8 15 49 30 2 42 
32 14 48 7 28 15 5 5 32 46 28 37 32 46 48 17 5 28 9 8 40 38 9 24 31 49 22 5 15 42 19 0 46 29 43 45 48 9 14 37 32 11 45 16 26 2 31 30 27 39 
33 17 17 4 39 11 23 26 40 21 36 37 1 18 26 29 40 11 41 35 42 40 4 48 5 45 3 28 4 9 18 46 0 2 14 5 15 40 47 30 7 6 23 18 10 38 28 18 27 25 
15 6 12 38 49 4 11 5 31 26 39 21 13 13 44 12 29 2 17 29 4 5 15 46 26 40 48 23 28 45 11 29 2 0 35 15 20 4 24 22 34 14 39 10 45 41 43 31 47 44 
5 26 49 24 17 27 5 20 34 11 1 49 45 44 38 18 40 5 34 10 23 28 33 38 1 5 39 26 14 25 38 43 14 35 0 4 43 10 18 14 1 44 12 1 37 17 28 40 9 38 
3 12 30 7 3 11 33 2 4 26 20 3 39 27 15 16 49 38 15 20 20 12 28 15 26 42 10 8 8 33 36 45 5 15 4 0 11 35 42 38 20 28 48 46 8 34 4 5 33 23 
35 20 43 9 11 44 49 24 17 15 24 6 8 3 44 14 34 39 21 21 36 3 29 3 26 37 28 41 11 23 20 48 15 20 43 11 0 26 21 34 11 21 3 27 44 30 4 16 43 45 
36 1 31 46 37 30 41 40 39 28 44 37 33 14 23 44 29 5 17 4 37 39 34 27 5 38 11 22 29 47 9 9 40 4 10 35 26 0 18 45 32 11 5 41 21 8 27 39 17 47 
1 45 41 20 4 49 45 29 33 36 15 37 26 34 34 41 28 13 44 18 33 8 19 33 18 9 30 12 46 42 12 14 47 24 18 42 21 18 0 47 5 14 49 46 15 31 35 23 22 37 
18 12 29 10 2 42 21 41 47 44 7 21 38 11 25 19 7 4 17 45 2 43 10 37 32 7 28 36 17 38 35 37 30 22 14 38 34 45 47 0 33 19 26 43 43 23 42 38 41 21 
24 38 48 15 3 1 14 34 1 34 10 42 21 19 4 30 5 40 34 8 4 36 16 14 28 37 2 30 14 29 21 32 7 34 1 20 11 32 5 33 0 13 18 39 24 31 5 5 36 25 
1 27 48 15 41 17 2 13 29 31 22 32 2 35 22 16 41 29 49 20 3 23 15 45 45 21 2 27 41 16 26 11 6 14 44 28 21 11 14 19 13 0 12 19 43 37 41 19 39 6 
9 49 24 26 37 34 11 32 12 37 40 31 37 10 19 27 7 10 28 30 2 11 24 43 16 43 34 22 12 7 9 45 23 39 12 48 3 5 49 26 18 12 0 14 10 35 27 15 9 18 
7 31 43 15 41 37 37 26 15 12 46 5 33 7 5 21 14 28 5 37 30 24 16 8 22 27 18 30 29 47 28 16 18 10 1 46 27 41 46 43 39 19 14 0 7 32 19 23 23 46 
47 22 4 34 44 25 24 13 31 28 45 28 37 21 31 4 43 44 30 20 2 16 42 30 4 25 31 7 27 4 8 26 10 45 37 8 44 21 15 43 24 43 10 7 0 25 36 33 14 49 
26 26 25 44 39 48 7 9 1 33 11 14 22 48 13 38 31 4 13 4 38 3 15 46 12 7 4 28 48 24 15 2 38 41 17 34 30 8 31 23 31 37 35 32 25 0 37 34 20 27 
39 15 11 45 8 23 43 3 35 39 48 2 7 37 46 43 26 40 44 39 15 25 10 12 5 40 14 26 40 48 49 31 28 43 28 4 4 27 35 42 5 41 27 19 36 37 0 43 40 42 
30 35 40 43 15 1 5 48 42 40 22 9 5 9 29 48 29 17 39 23 15 4 9 48 15 8 38 1 4 7 30 30 18 31 40 5 16 39 23 38 5 19 15 23 33 34 43 0 21 42 
43 34 45 8 37 46 3 29 6 48 23 33 17 38 1 4 22 31 38 47 2 13 29 41 24 49 31 12 32 27 2 27 27 47 9 33 43 17 22 41 36 39 9 23 14 20 40 21 0 15 
10 12 9 34 13 16 12 9 48 28 47 19 48 26 44 12 36 5 4 10 22 4 41 37 46 33 37 4 31 15 42 39 25 44 38 23 45 47 37 21 25 6 18 46 49 27 42 42 15 0 
