0 7 44 48 45 33 29 26 2 39 4 27 36 47 42 16 37 32 45 37 18 3 36 28 37 16 8 32 4 33 42 25 41 23 24 47 12 11 36 5 46 43 18 36 5 2 37 42 23 45 
7 0 38 11 34 49 12 36 2 8 37 47 14 37 44 8 33 2 46 2 8 15 32 27 22 23 37 45 28 16 48 14 16 32 27 29 14 35 37 17 32 43 27 13 22 13 27 4 29 29 
44 38 0 38 4 19 47 1 35 25 14 3 3 15 26 34 11 21 29 17 47 36 42 15 11 22 13 43 49 44 19 26 17 8 40 28 45 3 14 17 23 12 18 11 37 33 18 47 24 3 
48 11 38 0 4 43 1 39 30 20 37 43 35 30 13 49 17 38 16 23 31 5 23 9 44 8 47 1 37 41 41 1 13 48 9 9 8 35 28 33 17 16 27 47 43 39 24 5 36 41 
45 34 4 4 0 11 36 25 11 40 28 24 34 44 40 12 35 8 33 37 39 33 28 47 22 26 18 43 38 20 1 16 10 12 4 25 40 34 31 3 20 44 11 9 41 24 41 48 47 12 
33 49 19 43 11 0 18 3 17 42 2 28 49 36 15 30 29 29 2 36 12 45 28 35 7 20 8 49 21 25 32 18 49 36 20 17 36 19 1 33 25 30 9 19 34 15 6 47 26 28 
29 12 47 1 36 18 0 17 19 38 37 2 36 38 7 37 36 14 44 26 39 11 7 18 29 39 35 25 25 29 42 19 4 10 44 49 35 37 11 43 42 16 38 5 13 12 3 44 41 13 
26 36 1 39 25 3 17 0 42 12 30 26 36 32 29 4 7 10 9 27 38 32 11 43 43 14 21 44 3 36 33 8 29 20 33 26 10 26 32 18 38 24 36 19 33 12 39 11 33 2 
2 2 35 30 11 17 19 42 0 6 30 35 28 37 17 22 18 12 40 1 34 7 2 8 31 6 28 16 48 46 22 18 3 17 46 9 3 13 47 26 47 35 17 10 37 47 19 23 33 27 
39 8 25 20 40 42 38 12 6 0 24 42 38 38 14 32 1 31 12 9 49 39 37 4 23 45 18 47 14 37 11 29 28 46 47 39 9 10 20 21 49 28 10 44 1 24 7 27 7 42 
4 37 14 37 28 2 37 30 30 24 0 29 23 38 9 43 33 3 12 15 16 1 15 9 13 45 6 37 45 48 35 40 15 45 46 25 47 20 10 22 34 16 36 49 22 33 29 40 6 26 
27 47 3 43 24 28 2 26 35 42 29 0 5 9 33 25 24 21 25 41 34 9 15 35 41 14 16 12 2 2 29 24 14 3 3 38 44 32 28 22 21 11 8 12 17 24 15 48 6 37 
36 14 3 35 34 49 36 36 28 38 23 5 0 30 40 37 6 38 27 40 12 18 25 36 45 35 5 49 37 24 43 26 48 10 44 10 12 12 13 35 32 48 39 10 40 26 9 13 31 17 
47 37 15 30 44 36 38 32 37 38 38 9 30 0 12 12 11 26 6 3 5 27 21 44 43 2 29 27 38 36 30 27 40 47 15 1 7 31 25 12 20 5 6 25 23 49 20 11 16 31 
42 44 26 13 40 15 7 29 17 14 9 33 40 12 0 32 32 37 44 10 36 10 10 24 9 37 3 5 45 45 49 46 22 20 49 11 21 22 41 3 49 28 7 43 42 27 6 48 41 36 
16 8 34 49 12 30 37 4 22 32 43 25 37 12 32 0 24 15 36 32 23 43 8 49 20 16 40 30 39 11 18 45 1 38 44 45 35 9 17 21 28 24 41 48 37 38 11 37 42 45 
37 33 11 17 35 29 36 7 18 1 33 24 6 11 32 24 0 1 32 14 28 1 28 23 29 31 6 31 9 35 45 28 3 25 41 35 2 16 8 12 14 28 18 41 24 36 5 24 28 26 
32 2 21 38 8 29 14 10 12 31 3 21 38 26 37 15 1 0 29 22 12 24 12 6 48 32 4 25 9 46 35 34 19 27 17 20 7 38 32 24 33 4 42 15 15 15 31 10 49 43 
45 46 29 16 33 2 44 9 40 12 12 25 27 6 44 36 32 29 0 38 43 36 28 37 40 11 1 44 13 21 4 24 27 14 41 10 5 8 36 29 37 41 39 30 48 3 43 46 49 7 
37 2 17 23 37 36 26 27 1 9 15 41 40 3 10 32 14 22 38 0 45 32 45 34 18 35 17 37 39 12 37 5 5 27 4 28 18 49 3 33 49 33 25 1 48 46 32 6 44 38 
18 8 47 31 39 12 39 38 34 49 16 34 12 5 36 23 28 12 43 45 0 39 6 8 35 31 21 41 47 37 48 44 3 10 49 42 3 27 25 45 28 41 12 18 28 17 39 5 3 39 
3 15 36 5 33 45 11 32 7 39 1 9 18 27 10 43 1 24 36 32 39 0 2 17 41 16 12 33 24 43 5 19 24 35 46 34 9 7 8 23 6 27 28 9 1 44 48 34 3 1 
36 32 42 23 28 28 7 11 2 37 15 15 25 21 10 8 28 12 28 45 6 2 0 13 17 16 42 24 28 43 33 28 46 1 44 46 49 46 40 48 11 20 9 44 33 48 35 26 29 12 
28 27 15 9 47 35 18 43 8 4 9 35 36 44 24 49 23 6 37 34 8 17 13 0 41 30 14 49 6 37 38 41 1 42 13 22 32 47 29 42 46 22 30 49 1 35 17 38 32 4 
37 22 11 44 22 7 29 43 31 23 13 41 45 43 9 20 29 48 40 18 35 41 17 41 0 15 45 27 48 35 13 48 18 11 10 5 11 38 48 37 15 46 41 22 9 44 22 26 38 40 
16 23 22 8 26 20 39 14 6 45 45 14 35 2 37 16 31 32 11 35 31 16 16 30 15 0 36 32 25 9 33 26 23 33 21 49 5 33 6 30 9 24 17 44 38 30 34 39 37 11 
8 37 13 47 18 8 35 21 28 18 6 16 5 29 3 40 6 4 1 17 21 12 42 14 45 36 0 48 47 30 30 21 36 37 44 29 37 40 31 48 4 14 22 3 48 12 3 7 47 5 
32 45 43 1 43 49 25 44 16 47 37 12 49 27 5 30 31 25 44 37 41 33 24 49 27 32 48 0 42 25 7 10 30 29 28 10 19 48 17 15 14 20 8 38 42 13 38 30 8 38 
4 28 49 37 38 21 25 3 48 14 45 2 37 38 45 39 9 9 13 39 47 24 28 6 48 25 47 42 0 22 2 25 44 13 40 25 11 4 11 39 32 36 43 34 35 23 13 32 45 13 
33 16 44 41 20 25 29 36 46 37 48 2 24 36 45 11 35 46 21 12 37 43 43 37 35 9 30 25 22 0 31 37 1 19 29 49 34 10 46 30 49 22 26 2 25 5 13 21 7 32 
42 48 19 41 1 32 42 33 22 11 35 29 43 30 49 18 45 35 4 37 48 5 33 38 13 33 30 7 2 31 0 5 22 5 34 3 16 46 47 31 32 28 7 20 11 36 10 47 33 13 
25 14 26 1 16 18 19 8 18 29 40 24 26 27 46 45 28 34 24 5 44 19 28 41 48 26 21 10 25 37 5 0 39 12 25 31 6 45 9 38 49 20 49 35 15 45 47 40 42 9 
41 16 17 13 10 49 4 29 3 28 15 14 48 40 22 1 3 19 27 5 3 24 46 1 18 23 36 30 44 1 22 39 0 2 21 31 30 41 7 16 14 9 30 29 35 37 18 30 10 11 
23 32 8 48 12 36 10 20 17 46 45 3 10 47 20 38 25 27 14 27 10 35 1 42 11 33 37 29 13 19 5 12 2 0 34 32 22 2 48 20 29 34 44 38 25 34 49 47 47 27 
24 27 40 9 4 20 44 33 46 47 46 3 44 15 49 44 41 17 41 4 49 46 44 13 10 21 44 28 40 29 34 25 21 34 0 1 6 17 14 14 36 37 11 27 27 1 44 42 35 49 
47 29 28 9 25 17 49 26 9 39 25 38 10 1 11 45 35 20 10 28 42 34 46 22 5 49 29 10 25 49 3 31 31 32 1 0 21 46 42 37 23 43 47 39 27 9 15 40 38 25 
12 14 45 8 40 36 35 10 3 9 47 44 12 7 21 35 2 7 5 18 3 9 49 32 11 5 37 19 11 34 16 6 30 22 6 21 0 19 7 14 31 1 39 5 17 27 13 48 5 47 
11 35 3 35 34 19 37 26 13 10 20 32 12 31 22 9 16 38 8 49 27 7 46 47 38 33 40 48 4 10 46 45 41 2 17 46 19 0 26 19 47 6 45 43 3 15 16 36 19 48 
36 37 14 28 31 1 11 32 47 20 10 28 13 25 41 17 8 32 36 3 25 8 40 29 48 6 31 17 11 46 47 9 7 48 14 42 7 26 0 31 2 1 44 25 1 35 40 43 18 21 
5 17 17 33 3 33 43 18 26 21 22 22 35 12 3 21 12 24 29 33 45 23 48 42 37 30 48 15 39 30 31 38 16 20 14 37 14 19 31 0 30 41 19 18 8 1 9 35 28 21 
46 32 23 17 20 25 42 38 47 49 34 21 32 20 49 28 14 33 37 49 28 6 11 46 15 9 4 14 32 49 32 49 14 29 36 23 31 47 2 30 0 5 7 15 35 13 39 23 47 49 
43 43 12 16 44 30 16 24 35 28 16 11 48 5 28 24 28 4 41 33 41 27 20 22 46 24 14 20 36 22 28 20 9 34 37 43 1 6 1 41 5 0 33 49 27 31 12 38 27 30 
18 27 18 27 11 9 38 36 17 10 36 8 39 6 7 41 18 42 39 25 12 28 9 30 41 17 22 8 43 26 7 49 30 44 11 47 39 45 44 19 7 33 0 1 24 49 48 3 49 28 
36 13 11 47 9 19 5 19 10 44 49 12 10 25 43 48 41 15 30 1 18 9 44 49 22 44 3 38 34 2 20 35 29 38 27 39 5 43 25 18 15 49 1 0 43 46 22 40 3 22 
5 22 37 43 41 34 13 33 37 1 22 17 40 23 42 37 24 15 48 48 28 1 33 1 9 38 48 42 35 25 11 15 35 25 27 27 17 3 1 8 35 27 24 43 0 13 49 46 27 17 
2 13 33 39 24 15 12 12 47 24 33 24 26 49 27 38 36 15 3 46 17 44 48 35 44 30 12 13 23 5 36 45 37 34 1 9 27 15 35 1 13 31 49 46 13 0 12 13 38 32 
37 27 18 24 41 6 3 39 19 7 29 15 9 20 6 11 5 31 43 32 39 48 35 17 22 34 3 38 13 13 10 47 18 49 44 15 13 16 40 9 39 12 48 22 49 12 0 37 16 37 
42 4 47 5 48 47 44 11 23 27 40 48 13 11 48 37 24 10 46 6 5 34 26 38 26 39 7 30 32 21 47 40 30 47 42 40 48 36 43 35 23 38 3 40 46 13 37 0 23 5 
23 29 24 36 47 26 41 33 33 7 6 6 31 16 41 42 28 49 49 44 3 3 29 32 38 37 47 8 45 7 33 42 10 47 35 38 5 19 18 28 47 27 49 3 27 38 16 23 0 2 
45 29 3 41 12 28 13 2 27 42 26 37 17 31 36 45 26 43 7 38 39 1 12 4 40 11 5 38 13 32 13 9 11 27 49 25 47 48 21 21 49 30 28 22 17 32 37 5 2 0 
