0 1 16 17 8 16 14 23 21 15 27 36 19 6 42 28 10 18 5 5 11 23 11 27 35 45 21 48 34 7 43 7 10 22 19 42 49 11 28 14 5 49 1 43 37 12 40 39 45 15 
1 0 12 31 30 12 21 39 43 34 31 29 36 19 4 39 49 2 22 34 42 41 35 34 12 33 18 49 10 5 49 13 30 29 39 30 6 11 36 28 39 34 19 44 7 11 18 34 8 48 
16 12 0 36 21 36 46 46 42 36 36 32 32 41 28 35 9 2 11 15 38 13 23 8 11 13 7 47 10 16 12 29 11 22 30 18 19 16 47 23 45 25 27 18 23 39 16 38 39 16 
17 31 36 0 44 43 13 6 16 30 2 14 29 30 13 43 3 37 46 6 12 40 27 16 10 36 25 48 45 27 49 42 14 5 1 44 21 17 38 5 39 15 5 32 47 16 48 30 35 29 
8 30 21 44 0 3 38 9 36 9 5 49 5 21 21 8 33 13 38 3 46 15 48 45 41 31 25 3 4 15 4 46 42 36 29 22 37 15 45 34 48 16 18 32 42 40 40 6 47 42 
16 12 36 43 3 0 34 7 48 19 22 20 34 23 28 19 12 14 8 5 24 32 25 7 1 16 24 18 23 10 37 15 35 7 7 28 29 24 47 2 18 45 19 43 41 24 17 49 10 25 
14 21 46 13 38 34 0 21 15 27 29 29 47 48 4 21 29 32 11 19 1 30 43 48 21 47 24 15 24 19 1 46 6 7 9 35 22 29 4 46 42 8 35 38 19 37 11 12 27 7 
23 39 46 6 9 7 21 0 29 24 30 6 31 37 13 37 14 29 32 10 25 28 8 33 17 25 5 29 32 47 15 36 16 46 24 10 47 27 43 7 28 8 41 45 48 10 7 38 8 16 
21 43 42 16 36 48 15 29 0 28 15 37 38 25 6 8 17 27 23 38 36 39 46 5 28 1 40 22 48 2 28 17 31 38 48 35 8 32 18 38 38 13 4 44 27 25 43 10 31 10 
15 34 36 30 9 19 27 24 28 0 3 29 34 7 2 36 49 15 13 14 35 20 42 8 32 42 37 27 12 44 48 3 16 29 35 33 24 32 4 43 38 11 8 11 14 25 9 18 10 47 
27 31 36 2 5 22 29 30 15 3 0 6 44 47 1 29 39 15 6 28 23 37 37 39 27 31 15 6 32 28 22 26 42 5 10 49 19 40 14 26 16 33 36 14 47 41 20 35 35 35 
36 29 32 14 49 20 29 6 37 29 6 0 20 47 42 27 21 32 2 9 11 34 5 47 37 49 33 14 28 7 36 10 11 30 43 47 35 8 4 19 14 13 41 16 14 36 13 13 19 43 
19 36 32 29 5 34 47 31 38 34 44 20 0 7 14 10 41 29 44 17 33 34 42 35 43 16 40 19 18 14 33 8 8 22 33 17 24 32 1 10 10 46 4 10 42 13 41 21 41 31 
6 19 41 30 21 23 48 37 25 7 47 47 7 0 48 21 34 24 28 30 27 17 24 39 21 44 2 2 23 12 2 26 20 14 26 18 30 45 37 28 15 34 5 1 33 21 49 32 15 35 
42 4 28 13 21 28 4 13 6 2 1 42 14 48 0 13 49 9 23 31 18 20 2 37 43 18 36 17 41 10 43 6 44 22 3 5 29 13 13 37 19 20 18 31 39 16 47 27 7 5 
28 39 35 43 8 19 21 37 8 36 29 27 10 21 13 0 15 40 8 33 24 33 29 1 15 25 48 12 44 18 18 33 46 19 20 24 48 4 32 43 13 27 13 22 8 32 18 45 12 31 
10 49 9 3 33 12 29 14 17 49 39 21 41 34 49 15 0 30 26 8 44 8 25 4 22 4 13 44 4 45 48 5 29 39 13 14 29 43 37 44 31 48 5 2 17 34 45 23 43 26 
18 2 2 37 13 14 32 29 27 15 15 32 29 24 9 40 30 0 42 48 13 33 16 28 46 43 32 43 31 9 6 31 6 36 27 26 30 33 27 14 28 36 40 22 36 5 25 34 10 24 
5 22 11 46 38 8 11 32 23 13 6 2 44 28 23 8 26 42 0 15 41 37 10 15 39 7 29 34 47 26 30 41 44 4 34 14 40 15 44 21 41 31 26 43 33 9 9 49 47 27 
5 34 15 6 3 5 19 10 38 14 28 9 17 30 31 33 8 48 15 0 23 21 26 45 24 14 9 21 1 43 35 5 45 17 8 22 23 15 19 6 41 27 22 34 45 7 4 7 16 23 
11 42 38 12 46 24 1 25 36 35 23 11 33 27 18 24 44 13 41 23 0 9 20 12 30 3 30 21 5 32 49 31 26 44 9 26 13 22 29 7 33 7 29 35 5 25 36 40 21 10 
23 41 13 40 15 32 30 28 39 20 37 34 34 17 20 33 8 33 37 21 9 0 2 9 9 20 2 35 43 7 20 12 6 16 2 6 37 45 4 25 7 49 18 48 19 44 6 15 8 47 
11 35 23 27 48 25 43 8 46 42 37 5 42 24 2 29 25 16 10 26 20 2 0 6 7 3 13 5 11 24 24 42 34 36 16 17 16 6 26 46 7 43 44 48 4 31 48 17 13 35 
27 34 8 16 45 7 48 33 5 8 39 47 35 39 37 1 4 28 15 45 12 9 6 0 17 41 8 28 20 23 42 9 20 5 48 12 23 27 30 13 2 7 1 3 18 33 13 2 39 20 
35 12 11 10 41 1 21 17 28 32 27 37 43 21 43 15 22 46 39 24 30 9 7 17 0 49 18 35 40 10 3 15 23 8 10 32 30 36 36 28 37 22 35 17 3 7 39 15 44 17 
45 33 13 36 31 16 47 25 1 42 31 49 16 44 18 25 4 43 7 14 3 20 3 41 49 0 48 14 45 20 41 25 12 16 48 33 43 28 35 30 26 13 23 14 7 43 2 3 39 11 
21 18 7 25 25 24 24 5 40 37 15 33 40 2 36 48 13 32 29 9 30 2 13 8 18 48 0 37 7 17 23 28 7 14 24 14 37 17 49 9 47 9 21 27 3 10 24 29 28 31 
48 49 47 48 3 18 15 29 22 27 6 14 19 2 17 12 44 43 34 21 21 35 5 28 35 14 37 0 18 18 6 48 37 18 35 6 9 32 9 24 7 30 4 9 38 43 35 45 19 12 
34 10 10 45 4 23 24 32 48 12 32 28 18 23 41 44 4 31 47 1 5 43 11 20 40 45 7 18 0 20 11 11 44 42 38 2 3 31 2 1 6 5 41 34 35 15 23 35 47 16 
7 5 16 27 15 10 19 47 2 44 28 7 14 12 10 18 45 9 26 43 32 7 24 23 10 20 17 18 20 0 21 15 29 2 40 42 34 25 18 26 1 12 45 47 27 4 27 10 43 6 
43 49 12 49 4 37 1 15 28 48 22 36 33 2 43 18 48 6 30 35 49 20 24 42 3 41 23 6 11 21 0 20 12 13 44 31 23 21 41 9 34 7 43 43 37 42 14 22 3 24 
7 13 29 42 46 15 46 36 17 3 26 10 8 26 6 33 5 31 41 5 31 12 42 9 15 25 28 48 11 15 20 0 40 27 36 4 46 8 19 39 28 48 18 6 32 2 24 24 25 19 
10 30 11 14 42 35 6 16 31 16 42 11 8 20 44 46 29 6 44 45 26 6 34 20 23 12 7 37 44 29 12 40 0 33 7 13 38 24 9 29 47 15 14 40 25 34 47 29 4 22 
22 29 22 5 36 7 7 46 38 29 5 30 22 14 22 19 39 36 4 17 44 16 36 5 8 16 14 18 42 2 13 27 33 0 18 26 48 28 48 27 2 6 5 1 8 26 20 36 16 34 
19 39 30 1 29 7 9 24 48 35 10 43 33 26 3 20 13 27 34 8 9 2 16 48 10 48 24 35 38 40 44 36 7 18 0 12 28 2 32 44 6 22 1 45 49 1 36 11 24 30 
42 30 18 44 22 28 35 10 35 33 49 47 17 18 5 24 14 26 14 22 26 6 17 12 32 33 14 6 2 42 31 4 13 26 12 0 17 28 38 30 48 36 30 3 29 23 1 14 41 9 
49 6 19 21 37 29 22 47 8 24 19 35 24 30 29 48 29 30 40 23 13 37 16 23 30 43 37 9 3 34 23 46 38 48 28 17 0 40 48 2 25 31 42 28 5 24 43 6 3 9 
11 11 16 17 15 24 29 27 32 32 40 8 32 45 13 4 43 33 15 15 22 45 6 27 36 28 17 32 31 25 21 8 24 28 2 28 40 0 46 3 16 24 48 26 42 40 40 49 1 41 
28 36 47 38 45 47 4 43 18 4 14 4 1 37 13 32 37 27 44 19 29 4 26 30 36 35 49 9 2 18 41 19 9 48 32 38 48 46 0 29 27 40 42 22 30 45 27 20 48 23 
14 28 23 5 34 2 46 7 38 43 26 19 10 28 37 43 44 14 21 6 7 25 46 13 28 30 9 24 1 26 9 39 29 27 44 30 2 3 29 0 31 45 7 17 41 44 15 22 16 22 
5 39 45 39 48 18 42 28 38 38 16 14 10 15 19 13 31 28 41 41 33 7 7 2 37 26 47 7 6 1 34 28 47 2 6 48 25 16 27 31 0 41 22 8 11 24 9 37 13 40 
49 34 25 15 16 45 8 8 13 11 33 13 46 34 20 27 48 36 31 27 7 49 43 7 22 13 9 30 5 12 7 48 15 6 22 36 31 24 40 45 41 0 37 49 45 24 32 19 30 7 
1 19 27 5 18 19 35 41 4 8 36 41 4 5 18 13 5 40 26 22 29 18 44 1 35 23 21 4 41 45 43 18 14 5 1 30 42 48 42 7 22 37 0 36 38 36 8 46 3 9 
43 44 18 32 32 43 38 45 44 11 14 16 10 1 31 22 2 22 43 34 35 48 48 3 17 14 27 9 34 47 43 6 40 1 45 3 28 26 22 17 8 49 36 0 6 2 42 47 10 31 
37 7 23 47 42 41 19 48 27 14 47 14 42 33 39 8 17 36 33 45 5 19 4 18 3 7 3 38 35 27 37 32 25 8 49 29 5 42 30 41 11 45 38 6 0 47 48 38 24 25 
12 11 39 16 40 24 37 10 25 25 41 36 13 21 16 32 34 5 9 7 25 44 31 33 7 43 10 43 15 4 42 2 34 26 1 23 24 40 45 44 24 24 36 2 47 0 36 26 31 24 
40 18 16 48 40 17 11 7 43 9 20 13 41 49 47 18 45 25 9 4 36 6 48 13 39 2 24 35 23 27 14 24 47 20 36 1 43 40 27 15 9 32 8 42 48 36 0 13 41 4 
39 34 38 30 6 49 12 38 10 18 35 13 21 32 27 45 23 34 49 7 40 15 17 2 15 3 29 45 35 10 22 24 29 36 11 14 6 49 20 22 37 19 46 47 38 26 13 0 8 25 
45 8 39 35 47 10 27 8 31 10 35 19 41 15 7 12 43 10 47 16 21 8 13 39 44 39 28 19 47 43 3 25 4 16 24 41 3 1 48 16 13 30 3 10 24 31 41 8 0 38 
15 48 16 29 42 25 7 16 10 47 35 43 31 35 5 31 26 24 27 23 10 47 35 20 17 11 31 12 16 6 24 19 22 34 30 9 9 41 23 22 40 7 9 31 25 24 4 25 38 0 
