0 3 32 33 39 9 24 7 41 42 27 15 28 35 11 48 20 19 26 13 21 13 5 17 6 36 28 14 14 39 10 29 22 37 3 6 5 5 14 33 14 27 6 3 36 35 43 42 11 26 
3 0 41 36 28 39 43 49 13 27 14 45 18 4 20 31 16 3 15 28 20 48 4 37 3 48 34 5 11 7 6 27 9 30 40 1 44 25 22 6 14 35 16 4 18 1 39 19 33 47 
32 41 0 31 19 48 4 43 45 36 33 45 32 11 35 1 29 36 6 4 45 34 40 23 36 2 44 2 22 42 9 19 19 38 43 21 10 14 44 6 1 39 43 24 3 39 23 1 18 25 
33 36 31 0 16 5 6 5 47 31 46 37 42 4 49 6 4 46 45 9 17 18 19 42 21 6 31 34 32 24 42 4 4 17 12 27 36 22 40 35 29 47 37 15 11 20 39 48 14 47 
39 28 19 16 0 15 20 17 33 47 35 1 36 7 26 22 39 7 26 16 29 35 12 44 43 37 20 45 34 8 15 23 39 39 48 27 30 35 9 48 28 20 22 7 38 42 37 17 15 29 
9 39 48 5 15 0 11 38 19 37 35 46 16 17 11 28 33 47 7 4 27 28 44 29 39 6 12 38 45 36 39 19 27 48 7 18 13 15 22 43 43 39 32 19 9 36 35 2 15 48 
24 43 4 6 20 11 0 33 36 33 26 24 10 25 4 23 4 45 7 41 13 48 12 47 15 24 20 33 17 1 23 20 35 18 43 24 16 39 45 40 48 48 14 5 24 23 18 31 37 20 
7 49 43 5 17 38 33 0 15 3 25 33 39 31 12 47 6 48 28 3 8 47 1 35 47 5 49 23 47 26 1 19 12 15 23 49 20 12 3 29 16 21 7 46 5 10 27 21 32 12 
41 13 45 47 33 19 36 15 0 41 22 9 38 25 46 41 16 17 2 14 3 23 33 4 28 39 28 32 15 27 6 36 20 37 26 31 2 12 8 26 22 33 38 17 29 34 37 12 32 28 
42 27 36 31 47 37 33 3 41 0 21 2 20 27 4 4 19 46 35 34 2 44 46 28 25 12 10 16 22 42 25 47 21 49 12 21 26 29 27 22 46 49 49 38 22 28 10 49 5 33 
27 14 33 46 35 35 26 25 22 21 0 1 7 3 3 11 9 12 20 8 30 12 26 42 24 45 21 7 37 19 49 20 23 22 20 6 44 31 23 6 6 18 36 14 24 34 30 9 23 28 
15 45 45 37 1 46 24 33 9 2 1 0 13 23 2 34 9 10 29 48 14 12 49 9 22 25 35 23 2 33 12 40 13 29 7 41 3 46 42 18 17 1 6 43 5 27 19 22 45 24 
28 18 32 42 36 16 10 39 38 20 7 13 0 17 22 6 9 15 18 2 24 15 34 35 19 2 31 28 25 20 27 40 15 8 32 14 28 7 20 9 31 20 10 39 47 20 48 14 38 36 
35 4 11 4 7 17 25 31 25 27 3 23 17 0 22 18 21 23 7 1 5 27 12 28 28 36 17 9 18 13 10 17 18 5 4 20 28 30 36 1 41 17 34 17 45 32 34 2 22 28 
11 20 35 49 26 11 4 12 46 4 3 2 22 22 0 14 20 48 10 28 37 24 43 4 21 48 36 16 28 45 43 28 22 13 5 23 29 31 49 2 16 23 30 47 39 46 30 1 28 31 
48 31 1 6 22 28 23 47 41 4 11 34 6 18 14 0 31 47 15 34 43 16 42 13 7 41 32 45 28 23 4 14 33 8 3 32 12 32 27 23 30 22 46 5 39 40 42 24 2 17 
20 16 29 4 39 33 4 6 16 19 9 9 9 21 20 31 0 10 10 29 31 8 36 46 11 45 8 25 5 32 19 20 28 33 15 46 40 49 23 16 17 22 45 5 14 7 46 26 17 33 
19 3 36 46 7 47 45 48 17 46 12 10 15 23 48 47 10 0 28 45 2 16 18 26 13 8 32 40 25 30 3 48 37 20 31 42 47 38 22 15 13 40 3 22 31 46 38 13 25 4 
26 15 6 45 26 7 7 28 2 35 20 29 18 7 10 15 10 28 0 28 5 13 20 27 12 13 22 22 25 43 42 33 44 19 37 23 11 39 31 8 39 2 10 15 48 46 9 27 34 27 
13 28 4 9 16 4 41 3 14 34 8 48 2 1 28 34 29 45 28 0 41 35 39 25 36 5 9 26 38 10 21 15 36 24 40 36 29 31 23 21 21 4 47 48 14 36 16 17 20 47 
21 20 45 17 29 27 13 8 3 2 30 14 24 5 37 43 31 2 5 41 0 19 39 22 37 2 25 14 14 27 41 4 49 48 18 40 17 41 12 15 47 5 49 21 22 18 18 9 47 4 
13 48 34 18 35 28 48 47 23 44 12 12 15 27 24 16 8 16 13 35 19 0 43 34 31 12 38 42 45 40 3 33 17 22 38 16 40 45 39 23 8 26 12 8 46 36 46 15 2 3 
5 4 40 19 12 44 12 1 33 46 26 49 34 12 43 42 36 18 20 39 39 43 0 4 22 39 21 18 39 28 20 23 35 16 5 33 48 2 44 33 26 14 10 2 47 14 16 27 20 34 
17 37 23 42 44 29 47 35 4 28 42 9 35 28 4 13 46 26 27 25 22 34 4 0 37 37 44 15 25 31 38 14 7 20 3 2 35 34 17 16 38 5 2 36 15 5 9 25 25 39 
6 3 36 21 43 39 15 47 28 25 24 22 19 28 21 7 11 13 12 36 37 31 22 37 0 40 35 2 32 45 2 15 23 27 19 43 36 18 16 31 2 33 47 36 36 45 49 33 44 31 
36 48 2 6 37 6 24 5 39 12 45 25 2 36 48 41 45 8 13 5 2 12 39 37 40 0 46 1 26 35 11 48 18 37 5 48 49 3 22 46 8 3 1 32 4 21 41 37 12 15 
28 34 44 31 20 12 20 49 28 10 21 35 31 17 36 32 8 32 22 9 25 38 21 44 35 46 0 7 31 47 24 10 45 16 28 46 2 12 47 6 1 12 33 17 45 29 46 14 38 11 
14 5 2 34 45 38 33 23 32 16 7 23 28 9 16 45 25 40 22 26 14 42 18 15 2 1 7 0 49 20 44 26 13 6 47 16 47 13 22 23 15 8 19 44 29 49 10 33 4 22 
14 11 22 32 34 45 17 47 15 22 37 2 25 18 28 28 5 25 25 38 14 45 39 25 32 26 31 49 0 3 30 21 9 47 26 3 48 21 4 32 4 40 35 47 20 27 49 6 26 29 
39 7 42 24 8 36 1 26 27 42 19 33 20 13 45 23 32 30 43 10 27 40 28 31 45 35 47 20 3 0 11 36 1 39 47 32 14 39 30 26 46 8 43 3 15 36 33 15 6 19 
10 6 9 42 15 39 23 1 6 25 49 12 27 10 43 4 19 3 42 21 41 3 20 38 2 11 24 44 30 11 0 29 36 10 23 36 33 16 49 11 28 34 20 22 6 43 39 30 46 7 
29 27 19 4 23 19 20 19 36 47 20 40 40 17 28 14 20 48 33 15 4 33 23 14 15 48 10 26 21 36 29 0 29 29 43 45 42 24 32 22 41 40 12 35 11 48 16 29 17 49 
22 9 19 4 39 27 35 12 20 21 23 13 15 18 22 33 28 37 44 36 49 17 35 7 23 18 45 13 9 1 36 29 0 25 7 36 42 25 10 34 5 28 19 21 16 17 10 32 20 36 
37 30 38 17 39 48 18 15 37 49 22 29 8 5 13 8 33 20 19 24 48 22 16 20 27 37 16 6 47 39 10 29 25 0 29 6 20 13 32 33 18 13 41 42 49 48 6 26 20 25 
3 40 43 12 48 7 43 23 26 12 20 7 32 4 5 3 15 31 37 40 18 38 5 3 19 5 28 47 26 47 23 43 7 29 0 40 3 40 11 28 45 41 46 16 2 40 12 39 41 33 
6 1 21 27 27 18 24 49 31 21 6 41 14 20 23 32 46 42 23 36 40 16 33 2 43 48 46 16 3 32 36 45 36 6 40 0 32 5 19 33 30 21 2 42 45 29 31 42 20 1 
5 44 10 36 30 13 16 20 2 26 44 3 28 28 29 12 40 47 11 29 17 40 48 35 36 49 2 47 48 14 33 42 42 20 3 32 0 44 19 36 3 28 9 44 35 13 3 7 2 5 
5 25 14 22 35 15 39 12 12 29 31 46 7 30 31 32 49 38 39 31 41 45 2 34 18 3 12 13 21 39 16 24 25 13 40 5 44 0 35 38 17 5 29 3 20 15 48 35 27 35 
14 22 44 40 9 22 45 3 8 27 23 42 20 36 49 27 23 22 31 23 12 39 44 17 16 22 47 22 4 30 49 32 10 32 11 19 19 35 0 31 7 24 38 21 31 38 37 49 25 12 
33 6 6 35 48 43 40 29 26 22 6 18 9 1 2 23 16 15 8 21 15 23 33 16 31 46 6 23 32 26 11 22 34 33 28 33 36 38 31 0 42 20 9 7 12 17 26 22 7 7 
14 14 1 29 28 43 48 16 22 46 6 17 31 41 16 30 17 13 39 21 47 8 26 38 2 8 1 15 4 46 28 41 5 18 45 30 3 17 7 42 0 6 31 34 41 10 12 17 26 38 
27 35 39 47 20 39 48 21 33 49 18 1 20 17 23 22 22 40 2 4 5 26 14 5 33 3 12 8 40 8 34 40 28 13 41 21 28 5 24 20 6 0 28 44 13 28 5 23 45 7 
6 16 43 37 22 32 14 7 38 49 36 6 10 34 30 46 45 3 10 47 49 12 10 2 47 1 33 19 35 43 20 12 19 41 46 2 9 29 38 9 31 28 0 43 48 4 34 43 41 37 
3 4 24 15 7 19 5 46 17 38 14 43 39 17 47 5 5 22 15 48 21 8 2 36 36 32 17 44 47 3 22 35 21 42 16 42 44 3 21 7 34 44 43 0 13 5 33 8 30 2 
36 18 3 11 38 9 24 5 29 22 24 5 47 45 39 39 14 31 48 14 22 46 47 15 36 4 45 29 20 15 6 11 16 49 2 45 35 20 31 12 41 13 48 13 0 29 21 12 23 44 
35 1 39 20 42 36 23 10 34 28 34 27 20 32 46 40 7 46 46 36 18 36 14 5 45 21 29 49 27 36 43 48 17 48 40 29 13 15 38 17 10 28 4 5 29 0 48 39 7 12 
43 39 23 39 37 35 18 27 37 10 30 19 48 34 30 42 46 38 9 16 18 46 16 9 49 41 46 10 49 33 39 16 10 6 12 31 3 48 37 26 12 5 34 33 21 48 0 1 13 3 
42 19 1 48 17 2 31 21 12 49 9 22 14 2 1 24 26 13 27 17 9 15 27 25 33 37 14 33 6 15 30 29 32 26 39 42 7 35 49 22 17 23 43 8 12 39 1 0 20 6 
11 33 18 14 15 15 37 32 32 5 23 45 38 22 28 2 17 25 34 20 47 2 20 25 44 12 38 4 26 6 46 17 20 20 41 20 2 27 25 7 26 45 41 30 23 7 13 20 0 47 
26 47 25 47 29 48 20 12 28 33 28 24 36 28 31 17 33 4 27 47 4 3 34 39 31 15 11 22 29 19 7 49 36 25 33 1 5 35 12 7 38 7 37 2 44 12 3 6 47 0 
