0 28 46 38 9 24 32 25 33 42 20 22 16 45 30 41 5 31 38 1 19 11 39 13 4 14 41 14 31 10 14 33 31 41 16 14 37 21 28 31 23 49 14 11 3 36 49 14 28 46 
28 0 44 16 37 11 21 11 41 41 26 19 42 14 36 14 34 24 44 6 27 3 12 35 34 27 22 45 7 42 39 25 38 35 48 18 27 45 33 46 38 19 39 11 25 31 20 23 19 45 
46 44 0 35 48 15 1 35 5 32 34 26 1 22 14 21 17 30 5 30 39 40 9 36 26 29 21 11 5 1 13 10 9 30 43 47 25 3 21 24 31 43 42 39 20 40 7 32 25 20 
38 16 35 0 32 23 20 19 11 11 8 10 40 41 33 31 12 12 12 9 49 15 2 12 27 34 33 46 32 14 8 40 45 13 28 45 6 21 14 30 12 13 29 43 29 5 44 2 24 42 
9 37 48 32 0 7 12 19 6 12 38 5 20 9 29 25 13 4 26 28 32 32 19 5 6 25 36 23 9 22 37 21 31 10 3 44 46 8 16 34 45 4 22 32 26 44 8 25 28 27 
24 11 15 23 7 0 22 30 35 36 31 23 37 14 37 42 5 38 39 41 27 2 29 10 3 30 38 17 21 49 7 8 30 27 34 8 27 12 15 49 15 20 39 27 19 14 34 40 10 44 
32 21 1 20 12 22 0 11 35 26 5 11 5 7 4 34 26 2 21 5 12 27 41 27 25 41 18 7 18 29 22 17 42 15 30 38 17 30 10 25 34 13 44 9 46 8 49 15 9 17 
25 11 35 19 19 30 11 0 9 45 39 12 18 26 8 22 26 16 3 20 9 7 6 9 27 4 48 16 27 48 39 37 25 49 47 46 17 44 30 34 18 29 33 49 25 47 47 8 13 45 
33 41 5 11 6 35 35 9 0 24 37 16 42 49 43 6 15 28 3 15 42 19 10 43 4 24 27 46 5 27 20 4 27 18 48 29 49 1 28 27 44 22 42 1 5 41 29 20 33 29 
42 41 32 11 12 36 26 45 24 0 1 26 17 35 2 8 37 7 21 38 13 9 8 4 44 17 11 20 29 24 45 20 34 11 38 33 30 35 31 9 20 28 16 15 23 43 3 21 20 43 
20 26 34 8 38 31 5 39 37 1 0 33 6 22 19 27 49 11 14 26 27 45 4 21 20 18 48 31 28 11 27 11 38 26 38 8 38 5 31 32 31 17 21 41 39 30 45 5 22 9 
22 19 26 10 5 23 11 12 16 26 33 0 4 46 44 10 32 22 36 10 5 26 24 46 30 26 33 11 16 12 2 24 17 47 12 41 46 18 40 17 10 13 39 11 27 40 11 1 21 42 
16 42 1 40 20 37 5 18 42 17 6 4 0 22 22 21 13 8 14 42 26 20 5 27 19 20 15 43 30 29 16 15 21 13 40 27 48 19 1 34 23 3 25 8 37 11 7 2 7 25 
45 14 22 41 9 14 7 26 49 35 22 46 22 0 46 38 4 26 34 22 13 26 30 15 30 12 46 22 43 5 23 41 32 2 26 24 44 39 36 6 31 4 32 48 22 3 48 21 35 9 
30 36 14 33 29 37 4 8 43 2 19 44 22 46 0 46 48 48 29 9 9 6 46 33 39 39 27 42 7 40 6 17 40 32 14 1 33 23 19 37 8 33 38 24 16 42 49 48 28 45 
41 14 21 31 25 42 34 22 6 8 27 10 21 38 46 0 36 20 25 43 15 23 39 28 2 8 13 47 34 1 43 16 38 9 23 31 22 21 37 8 1 14 46 31 19 26 17 13 40 30 
5 34 17 12 13 5 26 26 15 37 49 32 13 4 48 36 0 15 48 32 30 27 32 29 43 25 6 26 19 42 45 41 25 12 10 46 26 28 16 28 17 8 47 32 28 5 16 45 23 16 
31 24 30 12 4 38 2 16 28 7 11 22 8 26 48 20 15 0 8 11 13 37 2 24 39 19 18 30 6 38 30 13 14 7 22 21 27 4 7 26 22 36 2 35 43 43 8 16 30 27 
38 44 5 12 26 39 21 3 3 21 14 36 14 34 29 25 48 8 0 28 14 30 15 2 32 6 1 31 2 30 32 4 42 11 22 27 30 28 34 4 49 20 22 23 32 23 6 7 43 22 
1 6 30 9 28 41 5 20 15 38 26 10 42 22 9 43 32 11 28 0 29 47 13 21 19 34 2 33 20 14 3 48 10 29 43 46 9 7 31 47 27 23 4 6 36 31 4 40 44 12 
19 27 39 49 32 27 12 9 42 13 27 5 26 13 9 15 30 13 14 29 0 21 5 11 47 37 38 26 6 19 27 45 24 25 44 35 13 19 35 41 15 13 41 12 35 12 32 5 28 25 
11 3 40 15 32 2 27 7 19 9 45 26 20 26 6 23 27 37 30 47 21 0 46 15 48 4 19 5 25 29 22 48 44 2 48 7 12 35 2 48 33 11 37 2 31 26 49 28 15 28 
39 12 9 2 19 29 41 6 10 8 4 24 5 30 46 39 32 2 15 13 5 46 0 12 49 49 29 21 4 40 1 48 15 8 33 37 39 14 23 45 46 33 5 18 8 17 3 31 9 37 
13 35 36 12 5 10 27 9 43 4 21 46 27 15 33 28 29 24 2 21 11 15 12 0 32 44 8 40 37 35 14 36 28 47 4 3 23 26 12 3 13 16 40 33 1 36 1 39 29 24 
4 34 26 27 6 3 25 27 4 44 20 30 19 30 39 2 43 39 32 19 47 48 49 32 0 45 29 23 20 3 31 48 6 19 40 13 2 23 20 42 45 14 41 8 26 6 17 24 13 18 
14 27 29 34 25 30 41 4 24 17 18 26 20 12 39 8 25 19 6 34 37 4 49 44 45 0 35 18 33 29 39 38 39 26 25 21 20 33 42 33 6 32 39 16 36 37 27 4 9 7 
41 22 21 33 36 38 18 48 27 11 48 33 15 46 27 13 6 18 1 2 38 19 29 8 29 35 0 12 36 13 4 35 1 14 15 11 12 13 10 32 13 10 19 25 42 45 17 25 34 47 
14 45 11 46 23 17 7 16 46 20 31 11 43 22 42 47 26 30 31 33 26 5 21 40 23 18 12 0 6 46 8 33 15 13 47 42 7 39 48 38 42 32 44 37 10 47 46 15 36 33 
31 7 5 32 9 21 18 27 5 29 28 16 30 43 7 34 19 6 2 20 6 25 4 37 20 33 36 6 0 23 17 7 32 25 22 7 39 14 7 9 18 49 2 25 8 31 18 9 45 46 
10 42 1 14 22 49 29 48 27 24 11 12 29 5 40 1 42 38 30 14 19 29 40 35 3 29 13 46 23 0 2 15 43 27 31 44 16 46 44 22 10 24 16 38 32 27 35 16 19 37 
14 39 13 8 37 7 22 39 20 45 27 2 16 23 6 43 45 30 32 3 27 22 1 14 31 39 4 8 17 2 0 49 5 23 13 10 2 28 23 36 17 15 39 18 47 22 29 29 30 41 
33 25 10 40 21 8 17 37 4 20 11 24 15 41 17 16 41 13 4 48 45 48 48 36 48 38 35 33 7 15 49 0 20 16 38 2 32 40 19 7 40 26 4 14 36 44 26 40 32 49 
31 38 9 45 31 30 42 25 27 34 38 17 21 32 40 38 25 14 42 10 24 44 15 28 6 39 1 15 32 43 5 20 0 15 1 17 23 13 11 1 35 45 47 40 26 23 31 22 11 8 
41 35 30 13 10 27 15 49 18 11 26 47 13 2 32 9 12 7 11 29 25 2 8 47 19 26 14 13 25 27 23 16 15 0 40 40 17 19 47 41 46 23 15 45 15 30 9 11 37 18 
16 48 43 28 3 34 30 47 48 38 38 12 40 26 14 23 10 22 22 43 44 48 33 4 40 25 15 47 22 31 13 38 1 40 0 10 31 4 2 37 29 9 12 1 12 5 13 49 36 26 
14 18 47 45 44 8 38 46 29 33 8 41 27 24 1 31 46 21 27 46 35 7 37 3 13 21 11 42 7 44 10 2 17 40 10 0 25 31 44 11 42 6 1 49 14 30 29 26 28 34 
37 27 25 6 46 27 17 17 49 30 38 46 48 44 33 22 26 27 30 9 13 12 39 23 2 20 12 7 39 16 2 32 23 17 31 25 0 16 41 32 29 37 30 4 28 16 22 23 22 5 
21 45 3 21 8 12 30 44 1 35 5 18 19 39 23 21 28 4 28 7 19 35 14 26 23 33 13 39 14 46 28 40 13 19 4 31 16 0 35 31 42 39 8 34 1 49 36 39 44 31 
28 33 21 14 16 15 10 30 28 31 31 40 1 36 19 37 16 7 34 31 35 2 23 12 20 42 10 48 7 44 23 19 11 47 2 44 41 35 0 41 19 28 42 17 35 11 3 35 16 44 
31 46 24 30 34 49 25 34 27 9 32 17 34 6 37 8 28 26 4 47 41 48 45 3 42 33 32 38 9 22 36 7 1 41 37 11 32 31 41 0 27 11 47 21 49 16 32 17 19 15 
23 38 31 12 45 15 34 18 44 20 31 10 23 31 8 1 17 22 49 27 15 33 46 13 45 6 13 42 18 10 17 40 35 46 29 42 29 42 19 27 0 2 37 4 24 44 6 19 9 38 
49 19 43 13 4 20 13 29 22 28 17 13 3 4 33 14 8 36 20 23 13 11 33 16 14 32 10 32 49 24 15 26 45 23 9 6 37 39 28 11 2 0 24 48 22 45 11 2 5 1 
14 39 42 29 22 39 44 33 42 16 21 39 25 32 38 46 47 2 22 4 41 37 5 40 41 39 19 44 2 16 39 4 47 15 12 1 30 8 42 47 37 24 0 1 30 27 43 47 25 42 
11 11 39 43 32 27 9 49 1 15 41 11 8 48 24 31 32 35 23 6 12 2 18 33 8 16 25 37 25 38 18 14 40 45 1 49 4 34 17 21 4 48 1 0 48 46 36 35 49 40 
3 25 20 29 26 19 46 25 5 23 39 27 37 22 16 19 28 43 32 36 35 31 8 1 26 36 42 10 8 32 47 36 26 15 12 14 28 1 35 49 24 22 30 48 0 10 39 24 21 31 
36 31 40 5 44 14 8 47 41 43 30 40 11 3 42 26 5 43 23 31 12 26 17 36 6 37 45 47 31 27 22 44 23 30 5 30 16 49 11 16 44 45 27 46 10 0 26 13 8 48 
49 20 7 44 8 34 49 47 29 3 45 11 7 48 49 17 16 8 6 4 32 49 3 1 17 27 17 46 18 35 29 26 31 9 13 29 22 36 3 32 6 11 43 36 39 26 0 46 20 21 
14 23 32 2 25 40 15 8 20 21 5 1 2 21 48 13 45 16 7 40 5 28 31 39 24 4 25 15 9 16 29 40 22 11 49 26 23 39 35 17 19 2 47 35 24 13 46 0 47 7 
28 19 25 24 28 10 9 13 33 20 22 21 7 35 28 40 23 30 43 44 28 15 9 29 13 9 34 36 45 19 30 32 11 37 36 28 22 44 16 19 9 5 25 49 21 8 20 47 0 31 
46 45 20 42 27 44 17 45 29 43 9 42 25 9 45 30 16 27 22 12 25 28 37 24 18 7 47 33 46 37 41 49 8 18 26 34 5 31 44 15 38 1 42 40 31 48 21 7 31 0 
