0 44 12 5 25 14 33 15 1 13 42 39 23 33 11 3 22 18 9 6 30 42 30 26 19 5 37 12 33 27 9 42 4 4 40 39 34 13 4 36 1 49 48 22 30 41 42 49 34 48 
44 0 1 38 8 33 39 16 3 39 39 13 14 35 36 20 40 5 38 22 47 21 17 48 35 16 36 7 12 33 12 30 27 3 1 3 27 28 15 46 37 14 36 3 30 8 20 36 15 23 
12 1 0 29 27 36 40 33 29 25 17 43 36 1 11 43 36 29 45 6 27 2 40 38 46 47 43 28 34 14 43 20 12 49 5 30 40 5 10 26 38 13 14 43 27 49 13 39 10 40 
5 38 29 0 1 48 23 8 48 1 11 5 3 4 32 45 19 14 36 10 3 27 49 18 3 40 45 49 11 29 5 1 21 18 30 29 5 14 30 21 34 5 9 34 22 2 42 37 6 15 
25 8 27 1 0 18 49 42 23 41 39 49 39 4 38 40 29 37 12 31 10 1 47 43 6 2 47 47 4 23 15 5 8 22 4 10 44 35 31 46 44 38 48 25 34 34 23 42 41 34 
14 33 36 48 18 0 10 13 17 8 24 26 26 16 23 33 38 6 4 47 23 1 31 38 19 42 16 42 29 16 22 36 39 14 3 30 44 3 32 41 3 28 37 6 22 48 10 14 41 3 
33 39 40 23 49 10 0 21 48 11 10 29 10 17 32 30 20 30 46 13 8 23 21 41 32 21 29 43 32 47 27 7 4 45 38 26 13 15 23 11 27 19 24 23 27 10 17 46 16 14 
15 16 33 8 42 13 21 0 30 11 6 31 20 26 8 36 43 5 9 9 20 14 8 29 27 43 29 32 12 14 11 1 13 14 49 7 39 34 26 26 26 29 12 30 36 4 41 40 7 14 
1 3 29 48 23 17 48 30 0 49 31 11 3 41 15 14 26 40 21 36 7 45 13 17 16 40 21 27 32 39 4 21 42 48 42 7 45 3 14 2 36 17 37 1 41 41 47 40 42 18 
13 39 25 1 41 8 11 11 49 0 41 13 1 49 29 43 2 8 4 28 4 22 21 43 17 34 25 40 12 11 1 40 10 43 19 23 5 43 6 8 41 35 11 16 34 49 30 11 3 11 
42 39 17 11 39 24 10 6 31 41 0 20 3 22 38 7 39 30 40 25 16 21 44 25 30 11 39 40 23 6 41 10 10 26 26 29 1 19 39 19 35 29 8 42 22 26 31 39 34 33 
39 13 43 5 49 26 29 31 11 13 20 0 43 48 1 29 13 18 10 30 22 11 17 25 39 24 33 12 34 43 9 30 14 18 12 45 41 28 19 5 26 5 22 1 3 21 24 43 3 37 
23 14 36 3 39 26 10 20 3 1 3 43 0 14 41 4 46 21 36 27 28 36 41 12 35 7 19 26 29 44 12 49 7 27 36 43 31 35 4 9 25 21 46 2 48 8 8 23 7 17 
33 35 1 4 4 16 17 26 41 49 22 48 14 0 3 26 35 18 48 47 40 12 39 17 31 42 19 26 16 12 3 49 27 4 28 18 21 14 14 40 47 46 43 15 31 15 33 29 29 21 
11 36 11 32 38 23 32 8 15 29 38 1 41 3 0 4 35 17 28 6 9 37 43 18 33 28 3 16 23 17 21 34 44 15 25 36 10 42 38 13 44 21 10 41 4 46 22 42 14 30 
3 20 43 45 40 33 30 36 14 43 7 29 4 26 4 0 37 22 38 17 32 31 34 3 28 32 47 11 1 4 44 31 22 3 28 32 21 13 41 27 27 19 16 12 23 39 4 24 9 24 
22 40 36 19 29 38 20 43 26 2 39 13 46 35 35 37 0 16 45 48 32 10 5 41 25 28 19 2 14 17 36 19 8 27 25 1 34 18 38 46 34 35 42 41 13 37 3 35 38 47 
18 5 29 14 37 6 30 5 40 8 30 18 21 18 17 22 16 0 45 7 2 6 18 9 44 42 21 35 27 13 28 22 46 47 47 39 28 5 38 38 39 13 46 37 21 17 10 6 19 27 
9 38 45 36 12 4 46 9 21 4 40 10 36 48 28 38 45 45 0 5 36 33 18 46 25 4 12 39 37 28 29 4 32 16 8 28 44 35 46 44 43 6 47 6 46 33 39 2 35 42 
6 22 6 10 31 47 13 9 36 28 25 30 27 47 6 17 48 7 5 0 9 8 10 6 3 46 47 4 43 9 1 22 46 47 21 23 27 25 5 7 48 15 11 36 26 36 21 47 16 29 
30 47 27 3 10 23 8 20 7 4 16 22 28 40 9 32 32 2 36 9 0 45 3 42 33 36 27 13 30 13 39 19 34 32 38 20 26 7 26 25 24 38 6 8 48 47 49 9 26 16 
42 21 2 27 1 1 23 14 45 22 21 11 36 12 37 31 10 6 33 8 45 0 20 37 40 9 25 21 7 18 47 42 2 4 11 20 22 22 24 16 30 45 15 24 31 12 3 43 13 29 
30 17 40 49 47 31 21 8 13 21 44 17 41 39 43 34 5 18 18 10 3 20 0 16 17 39 6 8 33 47 38 9 42 44 39 8 29 14 14 23 22 18 29 6 37 14 12 1 45 37 
26 48 38 18 43 38 41 29 17 43 25 25 12 17 18 3 41 9 46 6 42 37 16 0 44 37 38 41 18 25 4 44 46 22 19 29 27 18 19 17 6 34 32 38 18 12 6 12 3 46 
19 35 46 3 6 19 32 27 16 17 30 39 35 31 33 28 25 44 25 3 33 40 17 44 0 27 47 31 37 27 44 24 4 6 28 23 25 48 7 14 35 10 6 25 36 29 39 45 23 17 
5 16 47 40 2 42 21 43 40 34 11 24 7 42 28 32 28 42 4 46 36 9 39 37 27 0 13 10 29 20 1 13 5 43 39 9 31 45 40 30 20 9 35 41 26 20 41 33 29 19 
37 36 43 45 47 16 29 29 21 25 39 33 19 19 3 47 19 21 12 47 27 25 6 38 47 13 0 22 12 1 15 27 30 2 30 26 48 42 28 14 38 45 36 8 41 7 30 15 16 38 
12 7 28 49 47 42 43 32 27 40 40 12 26 26 16 11 2 35 39 4 13 21 8 41 31 10 22 0 46 40 16 49 31 24 38 22 4 40 26 37 33 21 22 41 29 41 25 26 10 49 
33 12 34 11 4 29 32 12 32 12 23 34 29 16 23 1 14 27 37 43 30 7 33 18 37 29 12 46 0 22 47 49 3 39 36 40 21 33 11 36 32 40 38 12 41 31 14 19 9 47 
27 33 14 29 23 16 47 14 39 11 6 43 44 12 17 4 17 13 28 9 13 18 47 25 27 20 1 40 22 0 23 24 16 18 33 48 24 42 45 36 34 27 7 49 22 13 31 19 9 18 
9 12 43 5 15 22 27 11 4 1 41 9 12 3 21 44 36 28 29 1 39 47 38 4 44 1 15 16 47 23 0 8 45 2 31 33 1 22 12 15 40 22 17 30 44 14 33 25 4 25 
42 30 20 1 5 36 7 1 21 40 10 30 49 49 34 31 19 22 4 22 19 42 9 44 24 13 27 49 49 24 8 0 29 9 32 30 34 21 43 46 17 4 16 11 29 5 1 44 35 4 
4 27 12 21 8 39 4 13 42 10 10 14 7 27 44 22 8 46 32 46 34 2 42 46 4 5 30 31 3 16 45 29 0 32 4 4 13 23 39 16 28 10 37 32 48 49 35 19 1 45 
4 3 49 18 22 14 45 14 48 43 26 18 27 4 15 3 27 47 16 47 32 4 44 22 6 43 2 24 39 18 2 9 32 0 44 34 17 7 47 1 6 12 10 1 23 9 30 35 47 3 
40 1 5 30 4 3 38 49 42 19 26 12 36 28 25 28 25 47 8 21 38 11 39 19 28 39 30 38 36 33 31 32 4 44 0 1 44 38 8 32 5 17 37 16 32 33 9 13 26 32 
39 3 30 29 10 30 26 7 7 23 29 45 43 18 36 32 1 39 28 23 20 20 8 29 23 9 26 22 40 48 33 30 4 34 1 0 19 48 8 15 32 14 26 18 44 6 2 3 34 21 
34 27 40 5 44 44 13 39 45 5 1 41 31 21 10 21 34 28 44 27 26 22 29 27 25 31 48 4 21 24 1 34 13 17 44 19 0 34 2 34 38 36 38 36 15 34 4 29 5 3 
13 28 5 14 35 3 15 34 3 43 19 28 35 14 42 13 18 5 35 25 7 22 14 18 48 45 42 40 33 42 22 21 23 7 38 48 34 0 36 46 32 42 30 17 49 38 46 13 13 39 
4 15 10 30 31 32 23 26 14 6 39 19 4 14 38 41 38 38 46 5 26 24 14 19 7 40 28 26 11 45 12 43 39 47 8 8 2 36 0 25 29 45 47 10 40 49 3 19 9 40 
36 46 26 21 46 41 11 26 2 8 19 5 9 40 13 27 46 38 44 7 25 16 23 17 14 30 14 37 36 36 15 46 16 1 32 15 34 46 25 0 38 1 31 18 49 2 28 12 25 18 
1 37 38 34 44 3 27 26 36 41 35 26 25 47 44 27 34 39 43 48 24 30 22 6 35 20 38 33 32 34 40 17 28 6 5 32 38 32 29 38 0 12 36 20 39 37 48 29 43 17 
49 14 13 5 38 28 19 29 17 35 29 5 21 46 21 19 35 13 6 15 38 45 18 34 10 9 45 21 40 27 22 4 10 12 17 14 36 42 45 1 12 0 13 8 30 32 41 26 18 48 
48 36 14 9 48 37 24 12 37 11 8 22 46 43 10 16 42 46 47 11 6 15 29 32 6 35 36 22 38 7 17 16 37 10 37 26 38 30 47 31 36 13 0 46 37 23 1 10 17 3 
22 3 43 34 25 6 23 30 1 16 42 1 2 15 41 12 41 37 6 36 8 24 6 38 25 41 8 41 12 49 30 11 32 1 16 18 36 17 10 18 20 8 46 0 21 46 22 13 37 38 
30 30 27 22 34 22 27 36 41 34 22 3 48 31 4 23 13 21 46 26 48 31 37 18 36 26 41 29 41 22 44 29 48 23 32 44 15 49 40 49 39 30 37 21 0 28 4 47 20 3 
41 8 49 2 34 48 10 4 41 49 26 21 8 15 46 39 37 17 33 36 47 12 14 12 29 20 7 41 31 13 14 5 49 9 33 6 34 38 49 2 37 32 23 46 28 0 49 5 26 36 
42 20 13 42 23 10 17 41 47 30 31 24 8 33 22 4 3 10 39 21 49 3 12 6 39 41 30 25 14 31 33 1 35 30 9 2 4 46 3 28 48 41 1 22 4 49 0 44 45 43 
49 36 39 37 42 14 46 40 40 11 39 43 23 29 42 24 35 6 2 47 9 43 1 12 45 33 15 26 19 19 25 44 19 35 13 3 29 13 19 12 29 26 10 13 47 5 44 0 47 26 
34 15 10 6 41 41 16 7 42 3 34 3 7 29 14 9 38 19 35 16 26 13 45 3 23 29 16 10 9 9 4 35 1 47 26 34 5 13 9 25 43 18 17 37 20 26 45 47 0 32 
48 23 40 15 34 3 14 14 18 11 33 37 17 21 30 24 47 27 42 29 16 29 37 46 17 19 38 49 47 18 25 4 45 3 32 21 3 39 40 18 17 48 3 38 3 36 43 26 32 0 
