0 32 5 45 49 32 36 10 30 26 26 10 6 7 39 36 36 42 21 20 33 13 1 28 19 45 20 8 21 38 27 28 22 49 15 31 4 2 6 35 12 21 43 4 18 49 10 29 35 4 
32 0 23 4 27 36 31 30 46 3 1 8 31 3 19 48 5 44 32 46 1 12 6 37 37 23 42 35 36 16 29 48 41 31 34 9 12 16 35 7 20 32 31 19 4 40 45 13 26 46 
5 23 0 36 44 39 7 39 33 44 41 32 48 13 43 48 41 14 42 24 18 38 49 15 46 37 39 8 23 40 17 7 15 39 16 34 24 9 31 45 27 38 10 33 38 9 1 20 36 22 
45 4 36 0 6 30 48 24 46 5 22 38 14 8 12 1 44 20 40 5 37 44 6 36 3 28 5 34 5 47 9 43 13 11 35 25 13 25 4 14 43 19 34 26 9 16 25 9 39 17 
49 27 44 6 0 14 36 34 48 3 14 28 40 18 29 3 26 33 47 28 12 31 49 33 47 13 32 30 18 46 38 43 29 26 8 1 45 27 41 35 2 20 26 18 1 9 33 18 36 43 
32 36 39 30 14 0 6 3 19 49 8 1 39 38 40 11 40 9 8 7 35 20 29 5 24 19 17 24 45 12 48 12 24 43 27 36 11 43 28 48 22 22 41 14 48 6 26 40 31 42 
36 31 7 48 36 6 0 10 14 23 2 42 42 30 32 21 40 5 42 39 35 40 39 2 11 21 11 26 19 3 47 11 22 13 20 26 14 15 24 15 17 41 7 36 28 22 27 12 22 34 
10 30 39 24 34 3 10 0 24 31 16 20 42 44 25 20 3 48 42 3 22 25 30 22 27 8 7 17 34 6 47 17 28 49 1 32 24 37 5 2 35 32 35 42 40 31 21 38 25 32 
30 46 33 46 48 19 14 24 0 16 2 15 17 40 4 12 18 17 34 20 37 16 23 31 32 33 35 25 36 3 3 32 20 14 31 34 9 33 38 19 19 31 45 26 11 14 12 18 29 24 
26 3 44 5 3 49 23 31 16 0 23 45 10 1 45 42 45 12 31 7 7 49 11 49 18 37 45 16 9 34 48 24 48 49 19 31 4 1 41 26 40 23 7 45 1 26 40 22 22 38 
26 1 41 22 14 8 2 16 2 23 0 27 18 28 41 36 29 48 12 15 46 48 21 7 21 40 13 41 14 20 23 36 43 6 23 48 27 45 31 46 22 21 5 23 20 26 38 21 34 33 
10 8 32 38 28 1 42 20 15 45 27 0 16 4 46 33 5 19 40 37 5 34 47 43 25 36 14 3 35 46 30 9 47 45 36 42 42 5 41 43 46 10 19 25 9 23 27 25 37 21 
6 31 48 14 40 39 42 42 17 10 18 16 0 8 20 13 5 5 37 11 1 24 46 1 42 9 13 3 10 29 39 4 40 48 44 14 4 6 25 44 13 33 14 12 40 44 49 16 41 47 
7 3 13 8 18 38 30 44 40 1 28 4 8 0 44 16 37 17 28 17 30 22 42 20 46 4 27 16 11 11 16 3 39 21 36 2 26 35 29 14 12 33 4 9 42 8 46 4 29 40 
39 19 43 12 29 40 32 25 4 45 41 46 20 44 0 7 30 15 44 37 15 47 3 5 45 22 48 29 18 15 25 17 6 7 31 4 6 27 34 49 40 48 10 34 47 17 6 46 25 3 
36 48 48 1 3 11 21 20 12 42 36 33 13 16 7 0 23 43 43 8 36 36 47 20 9 30 29 34 47 18 1 44 10 34 34 44 19 9 31 39 24 29 28 45 34 3 28 24 48 22 
36 5 41 44 26 40 40 3 18 45 29 5 5 37 30 23 0 7 1 39 13 16 24 7 3 42 29 32 37 48 11 41 14 16 16 14 5 13 17 9 38 32 45 23 40 33 6 10 49 15 
42 44 14 20 33 9 5 48 17 12 48 19 5 17 15 43 7 0 26 44 49 27 22 5 3 8 27 14 38 6 22 24 41 40 31 47 21 23 18 16 28 21 35 21 23 31 20 7 7 36 
21 32 42 40 47 8 42 42 34 31 12 40 37 28 44 43 1 26 0 14 42 23 21 38 24 5 3 44 25 10 22 43 35 37 21 15 47 48 34 34 23 15 24 25 25 18 39 30 3 42 
20 46 24 5 28 7 39 3 20 7 15 37 11 17 37 8 39 44 14 0 34 47 31 13 16 18 30 13 47 26 41 39 25 41 28 26 5 34 27 25 4 36 43 40 3 4 29 11 13 46 
33 1 18 37 12 35 35 22 37 7 46 5 1 30 15 36 13 49 42 34 0 40 17 38 22 40 39 6 5 2 41 22 48 37 39 40 11 11 33 3 42 12 7 3 11 30 20 48 36 1 
13 12 38 44 31 20 40 25 16 49 48 34 24 22 47 36 16 27 23 47 40 0 5 24 33 32 20 10 27 39 40 14 24 45 40 44 41 20 3 37 15 26 29 20 19 38 5 32 35 37 
1 6 49 6 49 29 39 30 23 11 21 47 46 42 3 47 24 22 21 31 17 5 0 35 6 27 3 49 25 26 31 31 10 27 44 19 13 12 4 44 13 31 14 28 17 27 20 38 34 34 
28 37 15 36 33 5 2 22 31 49 7 43 1 20 5 20 7 5 38 13 38 24 35 0 29 33 34 10 31 10 13 3 27 45 44 2 16 4 48 5 10 49 31 29 19 25 29 41 3 39 
19 37 46 3 47 24 11 27 32 18 21 25 42 46 45 9 3 3 24 16 22 33 6 29 0 46 13 7 5 25 35 4 48 9 3 32 47 3 19 28 37 21 38 32 49 20 23 14 24 1 
45 23 37 28 13 19 21 8 33 37 40 36 9 4 22 30 42 8 5 18 40 32 27 33 46 0 38 48 35 5 39 42 24 5 43 42 49 33 12 35 13 32 1 15 47 38 14 35 27 27 
20 42 39 5 32 17 11 7 35 45 13 14 13 27 48 29 29 27 3 30 39 20 3 34 13 38 0 48 43 24 14 20 33 37 47 13 12 21 47 45 27 12 36 44 47 29 25 25 49 46 
8 35 8 34 30 24 26 17 25 16 41 3 3 16 29 34 32 14 44 13 6 10 49 10 7 48 48 0 29 46 44 31 49 42 29 41 20 5 14 13 22 5 4 34 16 13 10 12 39 11 
21 36 23 5 18 45 19 34 36 9 14 35 10 11 18 47 37 38 25 47 5 27 25 31 5 35 43 29 0 8 4 14 6 7 17 11 41 10 21 1 2 8 1 16 16 36 41 30 19 7 
38 16 40 47 46 12 3 6 3 34 20 46 29 11 15 18 48 6 10 26 2 39 26 10 25 5 24 46 8 0 45 11 11 49 33 44 31 3 39 1 3 38 12 19 5 30 46 46 35 46 
27 29 17 9 38 48 47 47 3 48 23 30 39 16 25 1 11 22 22 41 41 40 31 13 35 39 14 44 4 45 0 45 28 17 31 45 30 3 39 27 9 45 7 48 27 25 9 23 21 9 
28 48 7 43 43 12 11 17 32 24 36 9 4 3 17 44 41 24 43 39 22 14 31 3 4 42 20 31 14 11 45 0 46 1 8 15 38 48 4 40 34 32 8 19 45 6 47 41 39 36 
22 41 15 13 29 24 22 28 20 48 43 47 40 39 6 10 14 41 35 25 48 24 10 27 48 24 33 49 6 11 28 46 0 25 34 40 21 4 26 8 45 26 49 32 28 14 8 28 17 11 
49 31 39 11 26 43 13 49 14 49 6 45 48 21 7 34 16 40 37 41 37 45 27 45 9 5 37 42 7 49 17 1 25 0 29 30 7 34 27 24 18 25 49 7 21 24 10 12 35 8 
15 34 16 35 8 27 20 1 31 19 23 36 44 36 31 34 16 31 21 28 39 40 44 44 3 43 47 29 17 33 31 8 34 29 0 48 23 35 35 30 41 37 18 19 1 12 30 39 39 19 
31 9 34 25 1 36 26 32 34 31 48 42 14 2 4 44 14 47 15 26 40 44 19 2 32 42 13 41 11 44 45 15 40 30 48 0 44 8 2 43 22 4 49 7 28 27 46 10 16 43 
4 12 24 13 45 11 14 24 9 4 27 42 4 26 6 19 5 21 47 5 11 41 13 16 47 49 12 20 41 31 30 38 21 7 23 44 0 45 22 40 36 42 19 32 29 18 43 30 10 35 
2 16 9 25 27 43 15 37 33 1 45 5 6 35 27 9 13 23 48 34 11 20 12 4 3 33 21 5 10 3 3 48 4 34 35 8 45 0 16 29 28 45 29 4 26 23 44 20 28 30 
6 35 31 4 41 28 24 5 38 41 31 41 25 29 34 31 17 18 34 27 33 3 4 48 19 12 47 14 21 39 39 4 26 27 35 2 22 16 0 41 39 3 22 36 4 19 35 14 4 42 
35 7 45 14 35 48 15 2 19 26 46 43 44 14 49 39 9 16 34 25 3 37 44 5 28 35 45 13 1 1 27 40 8 24 30 43 40 29 41 0 44 14 49 8 22 21 27 47 26 47 
12 20 27 43 2 22 17 35 19 40 22 46 13 12 40 24 38 28 23 4 42 15 13 10 37 13 27 22 2 3 9 34 45 18 41 22 36 28 39 44 0 33 19 15 21 49 24 40 22 14 
21 32 38 19 20 22 41 32 31 23 21 10 33 33 48 29 32 21 15 36 12 26 31 49 21 32 12 5 8 38 45 32 26 25 37 4 42 45 3 14 33 0 24 11 3 11 8 38 45 46 
43 31 10 34 26 41 7 35 45 7 5 19 14 4 10 28 45 35 24 43 7 29 14 31 38 1 36 4 1 12 7 8 49 49 18 49 19 29 22 49 19 24 0 14 39 7 11 10 46 2 
4 19 33 26 18 14 36 42 26 45 23 25 12 9 34 45 23 21 25 40 3 20 28 29 32 15 44 34 16 19 48 19 32 7 19 7 32 4 36 8 15 11 14 0 26 36 31 8 2 5 
18 4 38 9 1 48 28 40 11 1 20 9 40 42 47 34 40 23 25 3 11 19 17 19 49 47 47 16 16 5 27 45 28 21 1 28 29 26 4 22 21 3 39 26 0 31 48 33 40 35 
49 40 9 16 9 6 22 31 14 26 26 23 44 8 17 3 33 31 18 4 30 38 27 25 20 38 29 13 36 30 25 6 14 24 12 27 18 23 19 21 49 11 7 36 31 0 20 14 10 17 
10 45 1 25 33 26 27 21 12 40 38 27 49 46 6 28 6 20 39 29 20 5 20 29 23 14 25 10 41 46 9 47 8 10 30 46 43 44 35 27 24 8 11 31 48 20 0 25 42 23 
29 13 20 9 18 40 12 38 18 22 21 25 16 4 46 24 10 7 30 11 48 32 38 41 14 35 25 12 30 46 23 41 28 12 39 10 30 20 14 47 40 38 10 8 33 14 25 0 30 18 
35 26 36 39 36 31 22 25 29 22 34 37 41 29 25 48 49 7 3 13 36 35 34 3 24 27 49 39 19 35 21 39 17 35 39 16 10 28 4 26 22 45 46 2 40 10 42 30 0 13 
4 46 22 17 43 42 34 32 24 38 33 21 47 40 3 22 15 36 42 46 1 37 34 39 1 27 46 11 7 46 9 36 11 8 19 43 35 30 42 47 14 46 2 5 35 17 23 18 13 0 
