0 14 30 45 26 5 47 2 32 30 8 17 36 21 10 21 15 25 37 10 41 39 24 45 36 41 25 12 33 39 34 40 46 34 5 48 20 22 3 49 36 45 25 17 44 40 26 18 41 18 
14 0 47 6 3 24 17 26 19 28 33 31 47 1 20 12 26 35 12 12 44 43 14 35 2 23 20 39 20 5 41 20 8 18 24 4 9 9 10 35 6 45 7 42 41 14 23 15 6 12 
30 47 0 36 19 45 38 43 38 36 41 32 48 24 13 4 41 5 49 22 33 30 48 7 2 11 35 14 28 43 49 8 12 47 29 33 5 22 36 4 47 35 8 3 32 14 15 33 34 2 
45 6 36 0 25 43 12 29 8 23 37 19 48 7 34 1 10 30 27 18 13 5 16 1 33 17 39 39 32 3 2 3 25 48 32 34 14 21 7 34 15 41 14 41 35 21 19 34 13 46 
26 3 19 25 0 48 41 19 17 30 29 44 12 3 2 8 14 23 36 38 19 42 24 35 40 28 21 26 9 25 4 48 14 28 48 15 2 29 2 30 19 23 38 49 32 45 27 22 30 20 
5 24 45 43 48 0 47 8 46 24 32 33 25 3 5 48 48 25 34 23 35 6 1 23 35 22 41 12 19 14 2 22 39 4 36 3 31 4 49 7 15 43 32 26 5 41 24 10 21 9 
47 17 38 12 41 47 0 26 24 34 38 5 38 44 30 20 31 37 20 14 33 30 25 2 5 15 27 13 8 32 46 3 44 8 6 8 48 46 6 32 47 29 44 14 18 40 38 43 49 10 
2 26 43 29 19 8 26 0 11 25 36 41 11 26 26 12 18 17 23 28 37 41 17 23 11 26 43 30 11 18 13 16 26 26 37 15 49 11 43 5 34 36 34 29 4 38 22 5 39 38 
32 19 38 8 17 46 24 11 0 15 8 8 39 3 24 29 26 26 21 22 2 8 17 28 34 38 42 15 22 45 6 7 36 37 27 16 28 10 9 17 21 3 44 45 42 34 48 19 10 4 
30 28 36 23 30 24 34 25 15 0 14 26 45 19 28 6 21 8 15 45 41 7 28 21 26 17 12 12 14 12 17 24 22 34 39 12 44 10 47 40 13 22 3 43 22 32 29 39 42 25 
8 33 41 37 29 32 38 36 8 14 0 6 45 20 11 46 8 2 6 41 44 3 35 45 13 21 44 2 41 36 12 28 3 44 22 41 25 3 3 49 21 8 48 18 3 41 40 34 10 38 
17 31 32 19 44 33 5 41 8 26 6 0 40 14 13 17 29 12 38 49 14 32 47 49 44 25 13 17 37 49 18 33 30 35 33 2 10 6 39 45 28 4 43 39 10 2 32 25 1 11 
36 47 48 48 12 25 38 11 39 45 45 40 0 3 11 27 4 10 41 16 38 46 12 22 41 23 10 43 16 20 32 13 42 34 11 1 2 30 1 25 16 5 32 21 7 47 31 19 12 11 
21 1 24 7 3 3 44 26 3 19 20 14 3 0 25 41 31 1 42 31 11 40 36 25 37 33 36 16 17 42 2 35 4 36 43 5 47 46 30 14 31 25 32 8 35 8 17 25 20 20 
10 20 13 34 2 5 30 26 24 28 11 13 11 25 0 13 33 22 39 1 30 49 20 26 47 6 6 28 38 2 22 29 3 46 33 46 13 20 43 2 3 30 48 8 37 32 1 44 8 26 
21 12 4 1 8 48 20 12 29 6 46 17 27 41 13 0 49 13 24 3 47 7 44 36 3 44 30 38 35 10 1 7 37 18 15 40 25 34 32 4 33 13 26 45 2 18 23 2 32 13 
15 26 41 10 14 48 31 18 26 21 8 29 4 31 33 49 0 24 31 49 6 21 15 1 29 6 39 3 11 31 45 13 14 33 47 23 1 30 44 49 31 36 31 5 49 6 2 23 19 1 
25 35 5 30 23 25 37 17 26 8 2 12 10 1 22 13 24 0 46 10 35 8 22 34 19 21 1 19 46 27 28 11 31 39 11 13 22 24 4 14 1 47 24 32 21 14 27 13 12 5 
37 12 49 27 36 34 20 23 21 15 6 38 41 42 39 24 31 46 0 24 3 30 26 48 32 30 5 2 3 24 22 12 25 17 20 49 46 41 11 18 5 19 34 42 25 45 11 25 42 5 
10 12 22 18 38 23 14 28 22 45 41 49 16 31 1 3 49 10 24 0 44 10 36 19 42 28 37 17 46 23 26 9 46 43 27 16 1 33 9 8 30 42 27 6 40 21 44 48 48 23 
41 44 33 13 19 35 33 37 2 41 44 14 38 11 30 47 6 35 3 44 0 8 28 48 40 10 4 34 5 2 25 13 6 15 20 36 16 14 10 11 23 30 41 20 44 2 15 21 10 49 
39 43 30 5 42 6 30 41 8 7 3 32 46 40 49 7 21 8 30 10 8 0 1 25 1 7 9 17 1 49 42 46 20 26 22 35 20 8 16 2 18 34 44 18 8 33 7 20 48 18 
24 14 48 16 24 1 25 17 17 28 35 47 12 36 20 44 15 22 26 36 28 1 0 31 3 44 42 1 3 3 32 47 15 40 28 40 1 6 10 48 38 35 30 21 8 39 16 45 26 36 
45 35 7 1 35 23 2 23 28 21 45 49 22 25 26 36 1 34 48 19 48 25 31 0 31 23 9 28 20 21 1 35 35 32 6 44 20 13 7 36 25 16 4 42 32 20 29 45 29 10 
36 2 2 33 40 35 5 11 34 26 13 44 41 37 47 3 29 19 32 42 40 1 3 31 0 23 19 38 34 49 4 41 49 29 27 34 37 23 43 37 47 8 15 27 24 49 34 9 7 32 
41 23 11 17 28 22 15 26 38 17 21 25 23 33 6 44 6 21 30 28 10 7 44 23 23 0 7 30 30 26 46 43 24 19 9 17 41 17 32 35 48 1 2 37 36 21 26 10 48 48 
25 20 35 39 21 41 27 43 42 12 44 13 10 36 6 30 39 1 5 37 4 9 42 9 19 7 0 10 37 34 2 28 39 38 8 14 41 4 4 49 49 32 17 3 11 18 13 15 11 29 
12 39 14 39 26 12 13 30 15 12 2 17 43 16 28 38 3 19 2 17 34 17 1 28 38 30 10 0 15 4 8 10 15 33 2 29 2 49 31 47 31 40 37 24 11 31 20 49 17 26 
33 20 28 32 9 19 8 11 22 14 41 37 16 17 38 35 11 46 3 46 5 1 3 20 34 30 37 15 0 23 43 24 29 11 49 18 19 46 27 44 2 47 44 49 9 12 13 39 17 5 
39 5 43 3 25 14 32 18 45 12 36 49 20 42 2 10 31 27 24 23 2 49 3 21 49 26 34 4 23 0 18 14 12 11 43 11 23 43 48 24 33 42 2 3 23 22 22 35 13 33 
34 41 49 2 4 2 46 13 6 17 12 18 32 2 22 1 45 28 22 26 25 42 32 1 4 46 2 8 43 18 0 30 16 19 26 20 45 33 23 29 8 39 5 12 5 44 39 28 31 37 
40 20 8 3 48 22 3 16 7 24 28 33 13 35 29 7 13 11 12 9 13 46 47 35 41 43 28 10 24 14 30 0 1 29 13 25 9 24 21 30 9 28 7 40 26 40 31 4 38 19 
46 8 12 25 14 39 44 26 36 22 3 30 42 4 3 37 14 31 25 46 6 20 15 35 49 24 39 15 29 12 16 1 0 29 32 39 13 6 48 1 5 11 23 33 29 13 7 45 16 40 
34 18 47 48 28 4 8 26 37 34 44 35 34 36 46 18 33 39 17 43 15 26 40 32 29 19 38 33 11 11 19 29 29 0 3 1 10 41 47 14 48 43 41 43 7 47 4 40 25 47 
5 24 29 32 48 36 6 37 27 39 22 33 11 43 33 15 47 11 20 27 20 22 28 6 27 9 8 2 49 43 26 13 32 3 0 32 45 43 3 24 24 47 8 36 1 11 17 26 26 13 
48 4 33 34 15 3 8 15 16 12 41 2 1 5 46 40 23 13 49 16 36 35 40 44 34 17 14 29 18 11 20 25 39 1 32 0 17 17 34 48 33 23 2 32 43 31 39 46 33 45 
20 9 5 14 2 31 48 49 28 44 25 10 2 47 13 25 1 22 46 1 16 20 1 20 37 41 41 2 19 23 45 9 13 10 45 17 0 2 15 5 5 41 26 26 48 15 9 41 43 49 
22 9 22 21 29 4 46 11 10 10 3 6 30 46 20 34 30 24 41 33 14 8 6 13 23 17 4 49 46 43 33 24 6 41 43 17 2 0 14 37 3 4 34 42 1 15 17 18 44 44 
3 10 36 7 2 49 6 43 9 47 3 39 1 30 43 32 44 4 11 9 10 16 10 7 43 32 4 31 27 48 23 21 48 47 3 34 15 14 0 34 34 11 45 42 30 43 47 32 14 42 
49 35 4 34 30 7 32 5 17 40 49 45 25 14 2 4 49 14 18 8 11 2 48 36 37 35 49 47 44 24 29 30 1 14 24 48 5 37 34 0 47 37 36 25 37 45 11 4 29 44 
36 6 47 15 19 15 47 34 21 13 21 28 16 31 3 33 31 1 5 30 23 18 38 25 47 48 49 31 2 33 8 9 5 48 24 33 5 3 34 47 0 5 26 45 32 22 33 49 40 20 
45 45 35 41 23 43 29 36 3 22 8 4 5 25 30 13 36 47 19 42 30 34 35 16 8 1 32 40 47 42 39 28 11 43 47 23 41 4 11 37 5 0 36 41 22 48 39 17 39 3 
25 7 8 14 38 32 44 34 44 3 48 43 32 32 48 26 31 24 34 27 41 44 30 4 15 2 17 37 44 2 5 7 23 41 8 2 26 34 45 36 26 36 0 31 38 43 25 9 34 10 
17 42 3 41 49 26 14 29 45 43 18 39 21 8 8 45 5 32 42 6 20 18 21 42 27 37 3 24 49 3 12 40 33 43 36 32 26 42 42 25 45 41 31 0 28 28 12 14 2 14 
44 41 32 35 32 5 18 4 42 22 3 10 7 35 37 2 49 21 25 40 44 8 8 32 24 36 11 11 9 23 5 26 29 7 1 43 48 1 30 37 32 22 38 28 0 13 47 31 24 7 
40 14 14 21 45 41 40 38 34 32 41 2 47 8 32 18 6 14 45 21 2 33 39 20 49 21 18 31 12 22 44 40 13 47 11 31 15 15 43 45 22 48 43 28 13 0 36 21 37 43 
26 23 15 19 27 24 38 22 48 29 40 32 31 17 1 23 2 27 11 44 15 7 16 29 34 26 13 20 13 22 39 31 7 4 17 39 9 17 47 11 33 39 25 12 47 36 0 31 2 40 
18 15 33 34 22 10 43 5 19 39 34 25 19 25 44 2 23 13 25 48 21 20 45 45 9 10 15 49 39 35 28 4 45 40 26 46 41 18 32 4 49 17 9 14 31 21 31 0 42 17 
41 6 34 13 30 21 49 39 10 42 10 1 12 20 8 32 19 12 42 48 10 48 26 29 7 48 11 17 17 13 31 38 16 25 26 33 43 44 14 29 40 39 34 2 24 37 2 42 0 14 
18 12 2 46 20 9 10 38 4 25 38 11 11 20 26 13 1 5 5 23 49 18 36 10 32 48 29 26 5 33 37 19 40 47 13 45 49 44 42 44 20 3 10 14 7 43 40 17 14 0 
