0 36 12 17 30 4 36 28 22 38 44 43 8 43 20 10 4 38 15 27 19 24 28 24 26 38 35 11 35 32 29 14 29 23 35 26 36 2 33 46 8 27 10 43 27 30 35 30 35 39 
36 0 29 45 46 19 30 34 37 8 26 34 40 35 38 2 30 49 34 21 7 36 47 41 14 49 29 41 27 10 46 41 22 14 25 37 18 34 5 45 43 29 36 12 22 23 46 1 48 24 
12 29 0 3 42 13 48 11 11 29 18 39 1 21 39 46 41 29 18 27 38 13 14 49 33 21 37 13 4 2 37 40 21 14 15 25 20 36 33 2 25 44 10 26 34 33 42 23 26 33 
17 45 3 0 31 30 28 9 43 38 36 30 13 42 17 2 49 44 23 35 26 26 34 29 41 46 21 45 44 24 2 15 6 44 48 42 4 29 1 34 15 3 33 25 31 8 19 3 17 49 
30 46 42 31 0 26 23 27 37 37 1 13 33 49 3 13 17 19 1 32 26 26 32 7 11 38 34 45 36 15 33 45 41 11 25 2 22 49 33 34 35 26 25 45 32 7 34 26 27 49 
4 19 13 30 26 0 28 5 46 36 46 35 10 21 1 11 20 35 19 10 38 13 22 40 30 8 15 29 21 13 7 12 33 45 49 32 8 2 22 3 15 28 14 44 43 49 8 5 37 7 
36 30 48 28 23 28 0 29 32 39 32 47 29 26 8 18 23 18 15 2 39 46 21 43 37 20 40 5 40 9 40 46 5 19 27 22 46 32 1 17 16 23 49 3 37 34 38 34 5 12 
28 34 11 9 27 5 29 0 11 25 47 5 36 36 27 34 43 45 45 26 13 19 45 2 49 41 17 43 28 31 2 27 9 4 21 38 32 21 17 33 1 30 41 11 11 4 45 22 29 33 
22 37 11 43 37 46 32 11 0 8 14 32 40 15 27 44 14 1 36 14 25 44 49 17 32 28 28 21 40 9 42 41 44 46 11 11 14 37 43 27 17 1 2 19 29 16 25 47 7 9 
38 8 29 38 37 36 39 25 8 0 21 6 7 13 5 37 27 29 28 26 37 35 11 18 16 14 8 10 29 38 43 43 46 43 11 37 46 11 36 17 30 36 31 21 13 8 18 33 21 8 
44 26 18 36 1 46 32 47 14 21 0 18 26 38 10 18 12 3 30 30 17 42 2 26 3 21 42 10 27 49 14 23 26 25 42 25 6 28 40 49 24 34 11 29 33 42 11 36 5 48 
43 34 39 30 13 35 47 5 32 6 18 0 19 23 1 28 20 24 6 5 10 1 30 3 17 2 48 26 44 42 1 1 29 41 11 42 38 26 1 22 28 11 22 25 46 16 41 31 11 25 
8 40 1 13 33 10 29 36 40 7 26 19 0 28 9 46 16 34 19 21 1 8 17 46 27 36 40 8 42 20 44 23 15 25 17 21 3 44 18 11 10 30 20 39 1 11 19 1 35 3 
43 35 21 42 49 21 26 36 15 13 38 23 28 0 21 29 11 38 19 22 36 37 5 19 41 10 27 39 27 7 25 26 49 26 49 45 7 10 26 40 38 8 4 31 11 24 43 17 30 21 
20 38 39 17 3 1 8 27 27 5 10 1 9 21 0 44 19 27 1 18 19 36 28 27 38 36 45 44 8 17 21 4 21 3 28 19 2 47 27 6 40 7 32 47 4 35 44 19 23 29 
10 2 46 2 13 11 18 34 44 37 18 28 46 29 44 0 29 4 4 32 32 32 38 25 13 38 2 8 48 2 32 10 9 14 41 29 23 6 22 21 46 21 13 49 24 41 31 22 30 17 
4 30 41 49 17 20 23 43 14 27 12 20 16 11 19 29 0 48 33 39 39 31 24 6 38 30 37 6 21 4 26 45 41 9 32 4 14 45 43 34 7 27 9 7 46 4 35 2 27 32 
38 49 29 44 19 35 18 45 1 29 3 24 34 38 27 4 48 0 11 4 13 27 34 31 27 7 22 32 24 33 13 35 30 18 9 35 31 21 16 18 46 37 9 27 24 36 47 6 23 13 
15 34 18 23 1 19 15 45 36 28 30 6 19 19 1 4 33 11 0 1 11 5 30 39 24 5 8 15 27 33 23 47 17 29 28 49 1 34 27 32 33 8 2 34 39 49 46 14 38 37 
27 21 27 35 32 10 2 26 14 26 30 5 21 22 18 32 39 4 1 0 46 26 45 9 7 34 17 19 28 45 7 29 24 41 39 41 18 12 41 25 26 35 28 38 12 43 16 26 4 34 
19 7 38 26 26 38 39 13 25 37 17 10 1 36 19 32 39 13 11 46 0 11 14 45 28 36 15 23 41 32 29 1 13 38 20 3 1 4 35 37 7 41 9 25 21 26 24 12 8 49 
24 36 13 26 26 13 46 19 44 35 42 1 8 37 36 32 31 27 5 26 11 0 47 36 5 21 29 25 17 42 1 10 44 2 11 6 41 41 7 16 15 26 6 41 33 11 46 45 43 27 
28 47 14 34 32 22 21 45 49 11 2 30 17 5 28 38 24 34 30 45 14 47 0 28 48 38 4 6 37 15 21 18 2 33 2 10 8 33 9 46 14 14 8 11 48 47 14 26 22 49 
24 41 49 29 7 40 43 2 17 18 26 3 46 19 27 25 6 31 39 9 45 36 28 0 25 47 32 21 12 16 32 21 10 40 41 34 44 47 24 33 14 18 46 25 28 17 12 21 41 32 
26 14 33 41 11 30 37 49 32 16 3 17 27 41 38 13 38 27 24 7 28 5 48 25 0 20 15 34 7 13 48 14 29 40 41 15 35 33 29 15 25 27 23 40 47 38 26 46 15 21 
38 49 21 46 38 8 20 41 28 14 21 2 36 10 36 38 30 7 5 34 36 21 38 47 20 0 19 10 45 1 36 40 2 44 9 14 16 36 18 21 34 30 21 48 12 41 7 4 38 49 
35 29 37 21 34 15 40 17 28 8 42 48 40 27 45 2 37 22 8 17 15 29 4 32 15 19 0 28 27 5 46 44 25 6 47 38 48 28 44 23 45 22 18 6 41 18 44 30 26 24 
11 41 13 45 45 29 5 43 21 10 10 26 8 39 44 8 6 32 15 19 23 25 6 21 34 10 28 0 35 6 44 21 47 36 9 41 11 9 28 19 3 11 2 49 35 22 10 27 47 5 
35 27 4 44 36 21 40 28 40 29 27 44 42 27 8 48 21 24 27 28 41 17 37 12 7 45 27 35 0 8 12 2 40 46 28 21 34 19 41 18 15 4 24 42 10 38 8 22 23 45 
32 10 2 24 15 13 9 31 9 38 49 42 20 7 17 2 4 33 33 45 32 42 15 16 13 1 5 6 8 0 32 8 18 41 5 6 39 29 37 8 2 49 30 10 3 19 8 30 40 4 
29 46 37 2 33 7 40 2 42 43 14 1 44 25 21 32 26 13 23 7 29 1 21 32 48 36 46 44 12 32 0 16 9 37 34 4 14 44 2 37 20 24 44 26 6 38 27 38 21 35 
14 41 40 15 45 12 46 27 41 43 23 1 23 26 4 10 45 35 47 29 1 10 18 21 14 40 44 21 2 8 16 0 43 19 13 4 1 43 47 10 32 27 3 37 4 43 23 17 12 1 
29 22 21 6 41 33 5 9 44 46 26 29 15 49 21 9 41 30 17 24 13 44 2 10 29 2 25 47 40 18 9 43 0 17 24 43 13 1 10 27 18 15 4 23 21 26 44 36 30 24 
23 14 14 44 11 45 19 4 46 43 25 41 25 26 3 14 9 18 29 41 38 2 33 40 40 44 6 36 46 41 37 19 17 0 20 18 2 26 44 41 18 33 6 34 11 25 12 48 38 31 
35 25 15 48 25 49 27 21 11 11 42 11 17 49 28 41 32 9 28 39 20 11 2 41 41 9 47 9 28 5 34 13 24 20 0 31 14 2 44 26 21 23 47 36 38 32 13 5 46 26 
26 37 25 42 2 32 22 38 11 37 25 42 21 45 19 29 4 35 49 41 3 6 10 34 15 14 38 41 21 6 4 4 43 18 31 0 20 32 33 43 47 19 37 12 14 4 47 1 28 37 
36 18 20 4 22 8 46 32 14 46 6 38 3 7 2 23 14 31 1 18 1 41 8 44 35 16 48 11 34 39 14 1 13 2 14 20 0 43 45 15 5 4 12 21 39 45 36 26 47 25 
2 34 36 29 49 2 32 21 37 11 28 26 44 10 47 6 45 21 34 12 4 41 33 47 33 36 28 9 19 29 44 43 1 26 2 32 43 0 12 14 5 48 2 35 10 9 27 34 4 44 
33 5 33 1 33 22 1 17 43 36 40 1 18 26 27 22 43 16 27 41 35 7 9 24 29 18 44 28 41 37 2 47 10 44 44 33 45 12 0 7 29 17 14 13 36 49 16 25 17 1 
46 45 2 34 34 3 17 33 27 17 49 22 11 40 6 21 34 18 32 25 37 16 46 33 15 21 23 19 18 8 37 10 27 41 26 43 15 14 7 0 49 25 30 12 45 1 15 49 24 19 
8 43 25 15 35 15 16 1 17 30 24 28 10 38 40 46 7 46 33 26 7 15 14 14 25 34 45 3 15 2 20 32 18 18 21 47 5 5 29 49 0 8 15 23 10 14 30 20 45 28 
27 29 44 3 26 28 23 30 1 36 34 11 30 8 7 21 27 37 8 35 41 26 14 18 27 30 22 11 4 49 24 27 15 33 23 19 4 48 17 25 8 0 23 34 30 34 3 49 28 23 
10 36 10 33 25 14 49 41 2 31 11 22 20 4 32 13 9 9 2 28 9 6 8 46 23 21 18 2 24 30 44 3 4 6 47 37 12 2 14 30 15 23 0 23 43 36 9 38 27 45 
43 12 26 25 45 44 3 11 19 21 29 25 39 31 47 49 7 27 34 38 25 41 11 25 40 48 6 49 42 10 26 37 23 34 36 12 21 35 13 12 23 34 23 0 34 4 28 15 15 23 
27 22 34 31 32 43 37 11 29 13 33 46 1 11 4 24 46 24 39 12 21 33 48 28 47 12 41 35 10 3 6 4 21 11 38 14 39 10 36 45 10 30 43 34 0 2 39 33 7 39 
30 23 33 8 7 49 34 4 16 8 42 16 11 24 35 41 4 36 49 43 26 11 47 17 38 41 18 22 38 19 38 43 26 25 32 4 45 9 49 1 14 34 36 4 2 0 21 13 16 18 
35 46 42 19 34 8 38 45 25 18 11 41 19 43 44 31 35 47 46 16 24 46 14 12 26 7 44 10 8 8 27 23 44 12 13 47 36 27 16 15 30 3 9 28 39 21 0 22 12 4 
30 1 23 3 26 5 34 22 47 33 36 31 1 17 19 22 2 6 14 26 12 45 26 21 46 4 30 27 22 30 38 17 36 48 5 1 26 34 25 49 20 49 38 15 33 13 22 0 32 31 
35 48 26 17 27 37 5 29 7 21 5 11 35 30 23 30 27 23 38 4 8 43 22 41 15 38 26 47 23 40 21 12 30 38 46 28 47 4 17 24 45 28 27 15 7 16 12 32 0 31 
39 24 33 49 49 7 12 33 9 8 48 25 3 21 29 17 32 13 37 34 49 27 49 32 21 49 24 5 45 4 35 1 24 31 26 37 25 44 1 19 28 23 45 23 39 18 4 31 31 0 
