0 41 42 12 20 27 35 46 24 38 48 46 15 27 7 36 39 48 35 2 44 10 24 20 24 20 44 34 6 21 2 3 12 37 40 45 12 10 11 16 31 30 35 47 4 5 16 49 41 1 
41 0 10 36 13 15 9 48 21 39 3 17 32 47 5 46 20 42 15 41 40 46 6 17 34 2 7 35 33 5 49 48 37 15 37 8 48 38 28 41 45 15 16 27 42 33 30 40 39 2 
42 10 0 46 29 38 36 13 18 9 19 28 10 46 25 47 46 4 38 34 17 27 16 41 32 37 29 24 10 5 13 14 19 24 15 22 19 45 25 1 8 43 18 3 14 42 21 16 49 46 
12 36 46 0 21 44 7 25 1 6 13 37 26 26 40 31 26 36 48 8 21 21 13 20 40 15 25 20 17 17 35 14 10 4 38 2 42 22 9 46 37 4 8 48 6 35 38 31 29 23 
20 13 29 21 0 23 6 14 7 23 47 14 40 43 21 8 38 40 41 29 36 36 40 45 34 6 35 30 34 35 21 11 22 44 49 29 29 38 9 2 37 7 42 40 9 13 23 28 1 2 
27 15 38 44 23 0 33 27 46 49 10 29 12 44 2 5 16 23 49 11 15 10 24 35 46 34 29 26 36 5 46 20 37 7 48 32 43 20 43 40 47 9 33 3 42 46 48 9 36 26 
35 9 36 7 6 33 0 35 2 12 8 5 21 14 9 19 8 26 4 48 18 18 25 34 30 37 45 46 2 3 6 37 2 19 2 32 31 38 7 27 25 30 28 20 22 45 19 24 33 16 
46 48 13 25 14 27 35 0 29 10 10 45 10 34 15 14 42 29 37 13 37 12 32 4 35 6 27 48 49 35 13 47 26 23 12 48 17 35 37 3 28 48 2 14 11 11 31 17 43 44 
24 21 18 1 7 46 2 29 0 41 27 35 35 3 19 15 1 9 6 40 37 2 47 44 32 9 26 30 38 42 24 1 7 34 46 11 15 33 1 20 44 33 4 16 2 13 35 25 9 4 
38 39 9 6 23 49 12 10 41 0 39 44 43 40 22 16 30 46 31 35 39 33 44 14 44 33 47 2 29 13 49 36 5 24 27 31 12 29 33 41 19 10 8 3 2 12 44 18 22 13 
48 3 19 13 47 10 8 10 27 39 0 33 44 30 14 30 6 27 9 24 1 4 16 47 33 42 17 42 8 23 2 38 18 44 15 47 34 49 31 12 3 9 8 21 31 34 15 43 45 17 
46 17 28 37 14 29 5 45 35 44 33 0 29 10 9 44 25 8 43 37 46 25 46 3 42 23 21 16 5 8 36 24 14 35 35 8 42 10 41 6 26 14 35 26 38 5 10 49 6 39 
15 32 10 26 40 12 21 10 35 43 44 29 0 18 27 49 4 47 6 19 20 40 36 12 39 45 13 31 35 18 46 36 11 25 41 24 39 14 39 22 13 22 1 34 49 5 36 46 27 7 
27 47 46 26 43 44 14 34 3 40 30 10 18 0 20 44 48 48 27 24 23 23 40 49 46 30 32 37 3 15 40 16 3 43 44 41 24 35 38 4 8 4 39 16 48 36 18 42 19 36 
7 5 25 40 21 2 9 15 19 22 14 9 27 20 0 34 26 1 8 1 10 21 34 23 12 32 34 13 21 10 16 27 17 37 25 27 10 21 32 25 20 30 48 30 36 43 27 21 5 40 
36 46 47 31 8 5 19 14 15 16 30 44 49 44 34 0 22 29 26 14 35 9 1 48 24 1 11 7 48 12 36 38 3 5 13 32 46 48 24 46 38 47 13 37 21 14 49 28 40 11 
39 20 46 26 38 16 8 42 1 30 6 25 4 48 26 22 0 7 24 9 9 1 35 43 37 35 3 43 45 20 42 33 39 9 1 33 18 20 21 20 20 39 41 21 3 43 23 29 29 43 
48 42 4 36 40 23 26 29 9 46 27 8 47 48 1 29 7 0 43 8 33 14 40 21 38 43 35 39 43 45 33 35 46 11 44 32 30 31 44 22 39 37 23 24 32 43 31 18 8 14 
35 15 38 48 41 49 4 37 6 31 9 43 6 27 8 26 24 43 0 43 21 1 15 39 4 23 43 17 19 22 41 21 35 20 21 27 43 42 21 11 45 44 45 5 13 36 28 38 28 29 
2 41 34 8 29 11 48 13 40 35 24 37 19 24 1 14 9 8 43 0 25 17 15 11 17 12 48 46 21 26 1 41 43 35 31 25 47 25 42 25 39 41 1 23 8 42 17 39 32 44 
44 40 17 21 36 15 18 37 37 39 1 46 20 23 10 35 9 33 21 25 0 34 8 32 47 15 43 33 29 21 30 6 3 43 18 29 44 31 36 21 2 26 22 42 11 20 39 41 39 30 
10 46 27 21 36 10 18 12 2 33 4 25 40 23 21 9 1 14 1 17 34 0 31 12 32 37 49 8 26 45 21 27 31 49 12 6 5 9 10 35 35 36 36 10 6 2 17 33 13 13 
24 6 16 13 40 24 25 32 47 44 16 46 36 40 34 1 35 40 15 15 8 31 0 35 3 1 19 25 11 43 30 16 22 3 43 28 25 5 17 43 47 31 46 23 8 37 9 14 32 42 
20 17 41 20 45 35 34 4 44 14 47 3 12 49 23 48 43 21 39 11 32 12 35 0 45 16 39 30 37 7 25 37 49 33 35 5 13 49 8 11 48 33 43 20 13 12 12 10 18 46 
24 34 32 40 34 46 30 35 32 44 33 42 39 46 12 24 37 38 4 17 47 32 3 45 0 14 44 42 21 27 7 27 40 20 38 47 10 17 9 14 43 44 29 33 44 31 40 13 36 30 
20 2 37 15 6 34 37 6 9 33 42 23 45 30 32 1 35 43 23 12 15 37 1 16 14 0 15 1 6 36 2 27 48 7 49 42 4 49 41 21 23 7 19 31 40 16 18 29 12 2 
44 7 29 25 35 29 45 27 26 47 17 21 13 32 34 11 3 35 43 48 43 49 19 39 44 15 0 19 3 30 13 30 20 10 7 36 16 24 10 5 21 13 32 48 5 11 42 28 45 40 
34 35 24 20 30 26 46 48 30 2 42 16 31 37 13 7 43 39 17 46 33 8 25 30 42 1 19 0 8 8 40 21 41 14 41 42 6 7 39 15 25 20 48 18 23 44 4 30 34 24 
6 33 10 17 34 36 2 49 38 29 8 5 35 3 21 48 45 43 19 21 29 26 11 37 21 6 3 8 0 33 21 10 25 2 9 24 33 9 41 1 39 16 42 10 25 49 14 21 45 12 
21 5 5 17 35 5 3 35 42 13 23 8 18 15 10 12 20 45 22 26 21 45 43 7 27 36 30 8 33 0 36 47 34 13 19 16 8 14 42 47 24 46 25 13 16 29 26 21 2 27 
2 49 13 35 21 46 6 13 24 49 2 36 46 40 16 36 42 33 41 1 30 21 30 25 7 2 13 40 21 36 0 29 40 30 11 30 3 45 27 49 35 29 24 46 31 20 39 45 28 43 
3 48 14 14 11 20 37 47 1 36 38 24 36 16 27 38 33 35 21 41 6 27 16 37 27 27 30 21 10 47 29 0 22 3 27 43 17 18 14 41 42 32 36 7 20 10 13 19 20 41 
12 37 19 10 22 37 2 26 7 5 18 14 11 3 17 3 39 46 35 43 3 31 22 49 40 48 20 41 25 34 40 22 0 43 4 45 11 23 20 35 17 3 40 6 7 5 19 19 32 16 
37 15 24 4 44 7 19 23 34 24 44 35 25 43 37 5 9 11 20 35 43 49 3 33 20 7 10 14 2 13 30 3 43 0 13 26 26 9 30 24 29 18 33 32 29 16 45 26 18 47 
40 37 15 38 49 48 2 12 46 27 15 35 41 44 25 13 1 44 21 31 18 12 43 35 38 49 7 41 9 19 11 27 4 13 0 18 2 43 4 9 43 40 23 12 19 45 3 24 29 16 
45 8 22 2 29 32 32 48 11 31 47 8 24 41 27 32 33 32 27 25 29 6 28 5 47 42 36 42 24 16 30 43 45 26 18 0 12 3 38 39 37 24 17 18 12 2 42 18 36 21 
12 48 19 42 29 43 31 17 15 12 34 42 39 24 10 46 18 30 43 47 44 5 25 13 10 4 16 6 33 8 3 17 11 26 2 12 0 31 39 33 19 23 29 47 23 2 29 41 37 29 
10 38 45 22 38 20 38 35 33 29 49 10 14 35 21 48 20 31 42 25 31 9 5 49 17 49 24 7 9 14 45 18 23 9 43 3 31 0 3 31 7 47 30 47 47 41 23 13 31 20 
11 28 25 9 9 43 7 37 1 33 31 41 39 38 32 24 21 44 21 42 36 10 17 8 9 41 10 39 41 42 27 14 20 30 4 38 39 3 0 11 38 14 48 44 17 43 25 12 36 1 
16 41 1 46 2 40 27 3 20 41 12 6 22 4 25 46 20 22 11 25 21 35 43 11 14 21 5 15 1 47 49 41 35 24 9 39 33 31 11 0 29 7 36 47 11 38 40 23 9 22 
31 45 8 37 37 47 25 28 44 19 3 26 13 8 20 38 20 39 45 39 2 35 47 48 43 23 21 25 39 24 35 42 17 29 43 37 19 7 38 29 0 32 25 19 23 5 47 33 29 32 
30 15 43 4 7 9 30 48 33 10 9 14 22 4 30 47 39 37 44 41 26 36 31 33 44 7 13 20 16 46 29 32 3 18 40 24 23 47 14 7 32 0 47 35 11 12 20 16 12 21 
35 16 18 8 42 33 28 2 4 8 8 35 1 39 48 13 41 23 45 1 22 36 46 43 29 19 32 48 42 25 24 36 40 33 23 17 29 30 48 36 25 47 0 44 34 41 41 15 15 39 
47 27 3 48 40 3 20 14 16 3 21 26 34 16 30 37 21 24 5 23 42 10 23 20 33 31 48 18 10 13 46 7 6 32 12 18 47 47 44 47 19 35 44 0 11 26 12 4 38 23 
4 42 14 6 9 42 22 11 2 2 31 38 49 48 36 21 3 32 13 8 11 6 8 13 44 40 5 23 25 16 31 20 7 29 19 12 23 47 17 11 23 11 34 11 0 26 36 49 4 33 
5 33 42 35 13 46 45 11 13 12 34 5 5 36 43 14 43 43 36 42 20 2 37 12 31 16 11 44 49 29 20 10 5 16 45 2 2 41 43 38 5 12 41 26 26 0 32 49 10 44 
16 30 21 38 23 48 19 31 35 44 15 10 36 18 27 49 23 31 28 17 39 17 9 12 40 18 42 4 14 26 39 13 19 45 3 42 29 23 25 40 47 20 41 12 36 32 0 35 32 49 
49 40 16 31 28 9 24 17 25 18 43 49 46 42 21 28 29 18 38 39 41 33 14 10 13 29 28 30 21 21 45 19 19 26 24 18 41 13 12 23 33 16 15 4 49 49 35 0 45 2 
41 39 49 29 1 36 33 43 9 22 45 6 27 19 5 40 29 8 28 32 39 13 32 18 36 12 45 34 45 2 28 20 32 18 29 36 37 31 36 9 29 12 15 38 4 10 32 45 0 3 
1 2 46 23 2 26 16 44 4 13 17 39 7 36 40 11 43 14 29 44 30 13 42 46 30 2 40 24 12 27 43 41 16 47 16 21 29 20 1 22 32 21 39 23 33 44 49 2 3 0 
