0 46 23 38 19 17 20 7 10 9 43 23 40 6 11 25 36 10 36 45 40 16 5 8 13 45 35 20 9 16 48 28 23 32 3 36 22 4 32 31 38 28 13 46 46 37 4 3 5 23 
46 0 34 32 38 41 10 19 32 39 13 45 44 11 12 36 17 22 46 33 7 49 4 21 20 41 7 16 20 20 5 15 16 19 38 49 39 9 17 45 10 43 33 25 24 44 46 21 28 48 
23 34 0 3 29 35 38 24 43 14 19 35 18 49 37 37 12 15 8 18 30 48 18 27 22 1 28 21 23 27 31 39 22 10 5 20 49 16 30 48 22 36 5 35 27 22 25 24 13 5 
38 32 3 0 19 4 44 31 28 47 45 28 14 32 24 2 23 47 23 18 4 33 36 46 13 19 7 29 18 28 21 1 4 19 6 8 6 24 17 11 24 34 14 12 16 13 2 30 19 38 
19 38 29 19 0 46 14 32 18 41 10 43 41 18 49 41 36 20 27 46 22 11 49 14 2 19 46 35 22 42 32 44 41 37 13 8 10 31 33 16 26 12 25 25 47 27 43 34 35 46 
17 41 35 4 46 0 32 43 36 30 49 36 37 40 36 9 1 48 36 12 18 37 27 35 8 15 20 8 47 9 15 26 19 12 22 7 48 45 29 31 13 24 43 2 3 49 2 1 29 16 
20 10 38 44 14 32 0 19 48 17 43 39 37 45 24 42 15 48 31 14 43 34 31 16 20 5 31 43 45 25 45 2 48 17 34 47 49 18 14 27 5 26 35 25 8 10 25 41 25 12 
7 19 24 31 32 43 19 0 24 29 47 10 28 46 43 1 21 49 37 39 35 25 44 3 11 37 26 26 47 29 2 16 21 36 27 17 28 32 17 2 39 10 35 45 10 33 48 44 15 9 
10 32 43 28 18 36 48 24 0 40 41 46 12 30 9 45 18 49 17 13 4 39 38 4 26 42 13 15 41 39 40 44 26 26 14 16 48 37 41 12 3 10 35 24 14 25 36 49 32 15 
9 39 14 47 41 30 17 29 40 0 48 29 3 29 49 33 20 36 43 14 32 36 4 24 10 11 4 5 13 46 8 12 18 16 10 20 22 12 49 7 35 19 47 10 49 26 35 27 1 4 
43 13 19 45 10 49 43 47 41 48 0 10 28 15 19 26 29 40 23 38 6 30 47 33 38 42 17 17 42 15 23 4 48 22 43 33 25 30 31 46 16 38 12 47 46 18 35 35 46 20 
23 45 35 28 43 36 39 10 46 29 10 0 5 39 31 45 9 24 17 21 5 29 47 46 48 15 33 12 49 21 13 29 46 1 35 20 42 43 19 42 27 4 20 37 46 38 41 2 14 10 
40 44 18 14 41 37 37 28 12 3 28 5 0 43 23 7 44 13 10 10 1 17 40 5 10 44 37 40 37 9 49 27 37 6 36 35 48 48 8 21 36 11 37 31 41 6 25 47 28 41 
6 11 49 32 18 40 45 46 30 29 15 39 43 0 14 25 19 6 32 9 15 18 17 13 35 5 4 40 40 38 25 42 45 30 45 13 29 16 36 49 6 27 31 2 34 22 26 17 19 26 
11 12 37 24 49 36 24 43 9 49 19 31 23 14 0 21 15 37 44 40 32 5 30 38 28 34 16 16 14 39 42 33 46 46 30 31 11 21 8 16 38 30 10 30 24 2 9 5 42 27 
25 36 37 2 41 9 42 1 45 33 26 45 7 25 21 0 8 45 32 19 32 18 19 24 37 20 11 48 4 8 31 5 45 33 6 42 29 1 12 44 30 39 2 5 41 19 28 13 5 20 
36 17 12 23 36 1 15 21 18 20 29 9 44 19 15 8 0 4 43 14 33 48 45 44 24 18 34 30 35 8 39 40 10 1 43 3 8 45 35 40 41 23 32 14 39 23 36 6 32 45 
10 22 15 47 20 48 48 49 49 36 40 24 13 6 37 45 4 0 24 21 18 30 43 45 3 41 36 41 38 7 38 2 14 4 19 15 44 29 28 19 1 20 15 36 14 47 40 28 17 12 
36 46 8 23 27 36 31 37 17 43 23 17 10 32 44 32 43 24 0 10 44 41 5 14 49 37 47 21 21 17 22 39 33 16 38 27 3 2 2 40 37 34 11 21 48 39 35 48 23 4 
45 33 18 18 46 12 14 39 13 14 38 21 10 9 40 19 14 21 10 0 33 29 15 9 4 32 11 18 33 10 32 31 19 48 29 47 23 45 8 12 18 4 24 10 41 32 44 39 8 10 
40 7 30 4 22 18 43 35 4 32 6 5 1 15 32 32 33 18 44 33 0 25 3 22 34 15 22 32 22 6 26 5 18 27 43 35 13 16 7 39 16 19 5 46 9 38 30 49 14 34 
16 49 48 33 11 37 34 25 39 36 30 29 17 18 5 18 48 30 41 29 25 0 25 16 25 48 42 46 29 18 4 8 27 48 3 37 33 34 18 35 22 46 31 20 1 26 26 42 23 44 
5 4 18 36 49 27 31 44 38 4 47 47 40 17 30 19 45 43 5 15 3 25 0 32 28 16 18 33 22 19 25 9 43 6 28 48 31 9 17 27 3 5 8 11 47 48 20 42 23 20 
8 21 27 46 14 35 16 3 4 24 33 46 5 13 38 24 44 45 14 9 22 16 32 0 38 31 9 35 39 28 32 48 19 33 1 21 31 30 33 5 14 15 39 20 49 18 47 8 18 40 
13 20 22 13 2 8 20 11 26 10 38 48 10 35 28 37 24 3 49 4 34 25 28 38 0 17 47 30 38 28 32 25 44 49 24 31 24 30 18 40 34 31 5 46 2 12 45 48 16 20 
45 41 1 19 19 15 5 37 42 11 42 15 44 5 34 20 18 41 37 32 15 48 16 31 17 0 44 4 6 45 1 47 33 16 38 45 28 41 33 8 23 43 37 6 49 39 11 7 13 4 
35 7 28 7 46 20 31 26 13 4 17 33 37 4 16 11 34 36 47 11 22 42 18 9 47 44 0 38 33 33 33 28 35 44 27 29 9 35 16 36 17 39 19 31 43 47 14 7 30 9 
20 16 21 29 35 8 43 26 15 5 17 12 40 40 16 48 30 41 21 18 32 46 33 35 30 4 38 0 41 2 23 25 33 4 8 4 27 28 34 44 21 37 46 14 34 16 40 11 41 45 
9 20 23 18 22 47 45 47 41 13 42 49 37 40 14 4 35 38 21 33 22 29 22 39 38 6 33 41 0 9 35 30 23 8 9 20 13 26 9 33 12 6 20 22 14 19 20 22 41 38 
16 20 27 28 42 9 25 29 39 46 15 21 9 38 39 8 8 7 17 10 6 18 19 28 28 45 33 2 9 0 33 23 11 48 18 36 6 36 23 45 33 48 30 31 10 10 46 13 33 23 
48 5 31 21 32 15 45 2 40 8 23 13 49 25 42 31 39 38 22 32 26 4 25 32 32 1 33 23 35 33 0 2 25 14 20 29 33 44 13 19 28 28 29 13 27 11 42 19 12 27 
28 15 39 1 44 26 2 16 44 12 4 29 27 42 33 5 40 2 39 31 5 8 9 48 25 47 28 25 30 23 2 0 4 43 36 6 25 22 14 1 13 21 9 44 12 7 29 16 34 31 
23 16 22 4 41 19 48 21 26 18 48 46 37 45 46 45 10 14 33 19 18 27 43 19 44 33 35 33 23 11 25 4 0 8 31 19 9 47 33 24 28 11 13 37 12 5 17 25 21 43 
32 19 10 19 37 12 17 36 26 16 22 1 6 30 46 33 1 4 16 48 27 48 6 33 49 16 44 4 8 48 14 43 8 0 23 5 31 20 47 15 8 40 8 46 23 3 2 15 31 2 
3 38 5 6 13 22 34 27 14 10 43 35 36 45 30 6 43 19 38 29 43 3 28 1 24 38 27 8 9 18 20 36 31 23 0 27 5 33 36 3 19 24 10 2 28 8 20 25 30 25 
36 49 20 8 8 7 47 17 16 20 33 20 35 13 31 42 3 15 27 47 35 37 48 21 31 45 29 4 20 36 29 6 19 5 27 0 44 39 46 43 34 48 21 32 11 37 1 6 39 46 
22 39 49 6 10 48 49 28 48 22 25 42 48 29 11 29 8 44 3 23 13 33 31 31 24 28 9 27 13 6 33 25 9 31 5 44 0 9 4 7 8 40 30 42 47 8 49 19 28 22 
4 9 16 24 31 45 18 32 37 12 30 43 48 16 21 1 45 29 2 45 16 34 9 30 30 41 35 28 26 36 44 22 47 20 33 39 9 0 17 32 4 37 32 12 39 1 6 12 8 40 
32 17 30 17 33 29 14 17 41 49 31 19 8 36 8 12 35 28 2 8 7 18 17 33 18 33 16 34 9 23 13 14 33 47 36 46 4 17 0 25 5 47 7 8 46 36 14 26 24 33 
31 45 48 11 16 31 27 2 12 7 46 42 21 49 16 44 40 19 40 12 39 35 27 5 40 8 36 44 33 45 19 1 24 15 3 43 7 32 25 0 2 11 26 1 6 39 33 27 17 38 
38 10 22 24 26 13 5 39 3 35 16 27 36 6 38 30 41 1 37 18 16 22 3 14 34 23 17 21 12 33 28 13 28 8 19 34 8 4 5 2 0 41 26 11 49 15 24 30 49 21 
28 43 36 34 12 24 26 10 10 19 38 4 11 27 30 39 23 20 34 4 19 46 5 15 31 43 39 37 6 48 28 21 11 40 24 48 40 37 47 11 41 0 47 23 29 42 10 16 8 29 
13 33 5 14 25 43 35 35 35 47 12 20 37 31 10 2 32 15 11 24 5 31 8 39 5 37 19 46 20 30 29 9 13 8 10 21 30 32 7 26 26 47 0 24 20 29 37 29 36 14 
46 25 35 12 25 2 25 45 24 10 47 37 31 2 30 5 14 36 21 10 46 20 11 20 46 6 31 14 22 31 13 44 37 46 2 32 42 12 8 1 11 23 24 0 29 26 22 36 36 22 
46 24 27 16 47 3 8 10 14 49 46 46 41 34 24 41 39 14 48 41 9 1 47 49 2 49 43 34 14 10 27 12 12 23 28 11 47 39 46 6 49 29 20 29 0 27 42 12 35 28 
37 44 22 13 27 49 10 33 25 26 18 38 6 22 2 19 23 47 39 32 38 26 48 18 12 39 47 16 19 10 11 7 5 3 8 37 8 1 36 39 15 42 29 26 27 0 2 6 31 12 
4 46 25 2 43 2 25 48 36 35 35 41 25 26 9 28 36 40 35 44 30 26 20 47 45 11 14 40 20 46 42 29 17 2 20 1 49 6 14 33 24 10 37 22 42 2 0 26 28 48 
3 21 24 30 34 1 41 44 49 27 35 2 47 17 5 13 6 28 48 39 49 42 42 8 48 7 7 11 22 13 19 16 25 15 25 6 19 12 26 27 30 16 29 36 12 6 26 0 3 24 
5 28 13 19 35 29 25 15 32 1 46 14 28 19 42 5 32 17 23 8 14 23 23 18 16 13 30 41 41 33 12 34 21 31 30 39 28 8 24 17 49 8 36 36 35 31 28 3 0 4 
23 48 5 38 46 16 12 9 15 4 20 10 41 26 27 20 45 12 4 10 34 44 20 40 20 4 9 45 38 23 27 31 43 2 25 46 22 40 33 38 21 29 14 22 28 12 48 24 4 0 
