0 26 44 6 48 9 38 22 26 41 9 10 28 23 2 41 5 41 22 11 33 39 27 18 16 22 49 2 1 28 11 43 33 42 3 22 19 5 47 37 49 25 23 13 24 48 24 5 5 46 
26 0 18 13 20 19 35 25 33 33 43 10 30 16 20 8 33 24 18 15 3 9 34 25 20 41 11 20 39 16 2 26 2 43 45 26 21 30 42 26 1 46 28 35 34 5 36 23 10 36 
44 18 0 20 31 40 40 2 11 34 15 2 2 22 15 33 21 14 26 17 8 23 37 19 14 23 33 24 49 46 25 2 7 38 38 19 43 14 21 49 1 47 45 29 42 41 49 41 18 49 
6 13 20 0 15 30 49 41 12 11 27 17 22 45 35 7 45 20 29 41 44 2 13 1 16 1 28 8 8 42 9 46 30 11 29 4 41 2 13 25 27 34 21 40 30 14 14 2 47 48 
48 20 31 15 0 35 14 33 33 42 33 12 10 2 45 10 24 47 30 22 14 7 39 5 40 6 10 27 6 24 45 31 41 16 16 47 9 35 20 38 38 12 16 8 21 24 36 38 23 21 
9 19 40 30 35 0 13 35 43 15 33 39 29 41 14 17 38 18 40 3 21 39 16 25 28 3 47 46 30 44 23 48 6 8 43 29 11 3 42 7 49 26 32 5 28 45 3 18 34 9 
38 35 40 49 14 13 0 47 29 17 48 28 32 8 38 28 47 2 19 17 27 1 40 5 6 48 13 26 41 14 21 2 1 39 10 15 9 40 16 35 42 9 1 18 38 33 25 32 12 32 
22 25 2 41 33 35 47 0 17 29 22 4 44 24 46 35 30 43 13 19 27 8 29 49 47 20 46 18 22 33 44 12 33 43 37 42 37 4 1 7 46 28 48 17 44 18 3 45 33 22 
26 33 11 12 33 43 29 17 0 6 6 9 4 42 45 33 6 37 41 9 24 25 45 18 34 3 29 21 41 18 4 47 11 4 32 10 26 11 8 15 9 47 38 4 2 35 37 35 9 40 
41 33 34 11 42 15 17 29 6 0 13 26 36 12 5 49 7 9 49 18 30 28 8 19 28 45 42 41 8 44 37 43 16 39 2 2 45 46 24 7 49 20 31 43 9 23 37 21 42 3 
9 43 15 27 33 33 48 22 6 13 0 33 42 27 26 13 3 18 26 21 2 15 40 2 25 46 37 14 15 12 46 11 21 25 31 14 38 48 27 25 30 33 20 29 22 23 30 43 7 2 
10 10 2 17 12 39 28 4 9 26 33 0 49 26 47 5 10 34 2 5 8 24 43 8 39 31 16 30 4 47 31 31 31 10 9 45 17 22 45 30 31 8 14 16 9 49 16 7 46 10 
28 30 2 22 10 29 32 44 4 36 42 49 0 37 35 39 48 20 3 45 34 33 26 35 27 7 15 43 41 27 14 30 2 6 28 2 46 39 30 26 32 6 7 5 19 6 47 46 39 2 
23 16 22 45 2 41 8 24 42 12 27 26 37 0 42 47 6 48 16 5 3 19 34 37 42 2 5 47 1 5 22 20 12 19 7 25 10 29 26 47 32 4 1 34 47 32 17 29 23 32 
2 20 15 35 45 14 38 46 45 5 26 47 35 42 0 23 29 38 25 41 24 40 41 40 40 9 6 23 46 6 37 33 49 46 49 37 28 16 7 12 10 37 3 46 9 23 39 36 6 23 
41 8 33 7 10 17 28 35 33 49 13 5 39 47 23 0 5 18 35 14 46 12 23 12 4 30 45 5 30 42 39 6 45 46 48 11 47 31 12 48 33 40 45 12 33 37 22 46 11 36 
5 33 21 45 24 38 47 30 6 7 3 10 48 6 29 5 0 11 48 49 2 38 11 13 11 24 11 36 27 9 44 10 12 27 42 47 32 18 49 8 17 28 2 31 11 1 1 43 30 7 
41 24 14 20 47 18 2 43 37 9 18 34 20 48 38 18 11 0 11 31 10 31 9 42 8 9 3 40 10 14 46 48 17 46 34 13 3 16 7 47 45 41 1 13 42 33 29 33 16 12 
22 18 26 29 30 40 19 13 41 49 26 2 3 16 25 35 48 11 0 29 1 37 48 12 48 17 45 3 29 23 49 9 18 42 17 1 20 13 29 33 41 18 37 31 31 24 9 5 16 14 
11 15 17 41 22 3 17 19 9 18 21 5 45 5 41 14 49 31 29 0 39 33 46 10 21 4 32 1 41 42 19 45 32 40 23 19 11 27 29 23 15 49 33 38 11 48 31 42 40 49 
33 3 8 44 14 21 27 27 24 30 2 8 34 3 24 46 2 10 1 39 0 2 47 39 4 2 24 40 45 46 5 5 15 40 2 41 35 2 38 18 16 21 6 44 20 37 10 43 47 12 
39 9 23 2 7 39 1 8 25 28 15 24 33 19 40 12 38 31 37 33 2 0 44 26 33 29 34 21 41 39 1 1 1 37 16 26 49 36 25 26 47 30 49 16 18 37 9 26 17 32 
27 34 37 13 39 16 40 29 45 8 40 43 26 34 41 23 11 9 48 46 47 44 0 15 47 24 20 42 2 37 13 28 42 1 23 14 47 19 29 18 3 21 32 1 19 49 34 34 19 41 
18 25 19 1 5 25 5 49 18 19 2 8 35 37 40 12 13 42 12 10 39 26 15 0 31 23 10 47 45 2 2 23 3 27 47 22 3 47 29 38 29 28 2 28 31 4 28 22 38 8 
16 20 14 16 40 28 6 47 34 28 25 39 27 42 40 4 11 8 48 21 4 33 47 31 0 23 22 49 44 8 10 19 29 27 4 8 25 11 30 21 44 46 41 37 17 27 39 39 28 2 
22 41 23 1 6 3 48 20 3 45 46 31 7 2 9 30 24 9 17 4 2 29 24 23 23 0 38 32 34 42 12 25 20 49 42 1 18 21 32 5 24 22 22 2 47 30 10 7 29 47 
49 11 33 28 10 47 13 46 29 42 37 16 15 5 6 45 11 3 45 32 24 34 20 10 22 38 0 13 6 24 27 19 49 41 30 4 41 4 48 36 29 26 44 43 29 28 25 28 36 29 
2 20 24 8 27 46 26 18 21 41 14 30 43 47 23 5 36 40 3 1 40 21 42 47 49 32 13 0 36 30 49 32 3 37 30 18 28 6 33 3 49 17 38 49 43 13 5 33 43 22 
1 39 49 8 6 30 41 22 41 8 15 4 41 1 46 30 27 10 29 41 45 41 2 45 44 34 6 36 0 19 4 6 3 2 34 12 49 8 35 42 48 23 25 12 31 7 10 32 21 19 
28 16 46 42 24 44 14 33 18 44 12 47 27 5 6 42 9 14 23 42 46 39 37 2 8 42 24 30 19 0 19 12 13 27 27 19 1 41 43 48 42 30 14 28 10 36 32 19 15 10 
11 2 25 9 45 23 21 44 4 37 46 31 14 22 37 39 44 46 49 19 5 1 13 2 10 12 27 49 4 19 0 3 4 34 43 40 4 18 23 40 21 40 15 47 10 34 7 28 22 36 
43 26 2 46 31 48 2 12 47 43 11 31 30 20 33 6 10 48 9 45 5 1 28 23 19 25 19 32 6 12 3 0 9 48 5 41 40 46 20 14 41 8 40 12 39 9 21 37 46 35 
33 2 7 30 41 6 1 33 11 16 21 31 2 12 49 45 12 17 18 32 15 1 42 3 29 20 49 3 3 13 4 9 0 24 6 15 41 43 40 35 39 1 16 46 26 48 2 10 31 37 
42 43 38 11 16 8 39 43 4 39 25 10 6 19 46 46 27 46 42 40 40 37 1 27 27 49 41 37 2 27 34 48 24 0 46 23 29 40 37 12 26 14 32 36 43 46 49 17 24 34 
3 45 38 29 16 43 10 37 32 2 31 9 28 7 49 48 42 34 17 23 2 16 23 47 4 42 30 30 34 27 43 5 6 46 0 9 29 24 19 3 31 19 47 1 49 33 32 7 18 28 
22 26 19 4 47 29 15 42 10 2 14 45 2 25 37 11 47 13 1 19 41 26 14 22 8 1 4 18 12 19 40 41 15 23 9 0 1 17 24 22 5 5 4 47 22 41 19 36 14 25 
19 21 43 41 9 11 9 37 26 45 38 17 46 10 28 47 32 3 20 11 35 49 47 3 25 18 41 28 49 1 4 40 41 29 29 1 0 39 10 48 12 49 47 11 34 3 27 4 43 17 
5 30 14 2 35 3 40 4 11 46 48 22 39 29 16 31 18 16 13 27 2 36 19 47 11 21 4 6 8 41 18 46 43 40 24 17 39 0 21 31 17 19 35 19 41 40 7 47 21 42 
47 42 21 13 20 42 16 1 8 24 27 45 30 26 7 12 49 7 29 29 38 25 29 29 30 32 48 33 35 43 23 20 40 37 19 24 10 21 0 32 9 13 40 15 13 32 43 3 1 40 
37 26 49 25 38 7 35 7 15 7 25 30 26 47 12 48 8 47 33 23 18 26 18 38 21 5 36 3 42 48 40 14 35 12 3 22 48 31 32 0 36 37 26 24 1 3 40 47 20 37 
49 1 1 27 38 49 42 46 9 49 30 31 32 32 10 33 17 45 41 15 16 47 3 29 44 24 29 49 48 42 21 41 39 26 31 5 12 17 9 36 0 20 11 42 18 33 15 1 28 27 
25 46 47 34 12 26 9 28 47 20 33 8 6 4 37 40 28 41 18 49 21 30 21 28 46 22 26 17 23 30 40 8 1 14 19 5 49 19 13 37 20 0 5 43 26 33 12 16 22 18 
23 28 45 21 16 32 1 48 38 31 20 14 7 1 3 45 2 1 37 33 6 49 32 2 41 22 44 38 25 14 15 40 16 32 47 4 47 35 40 26 11 5 0 34 30 22 32 45 28 35 
13 35 29 40 8 5 18 17 4 43 29 16 5 34 46 12 31 13 31 38 44 16 1 28 37 2 43 49 12 28 47 12 46 36 1 47 11 19 15 24 42 43 34 0 46 5 4 31 25 13 
24 34 42 30 21 28 38 44 2 9 22 9 19 47 9 33 11 42 31 11 20 18 19 31 17 47 29 43 31 10 10 39 26 43 49 22 34 41 13 1 18 26 30 46 0 27 27 44 39 24 
48 5 41 14 24 45 33 18 35 23 23 49 6 32 23 37 1 33 24 48 37 37 49 4 27 30 28 13 7 36 34 9 48 46 33 41 3 40 32 3 33 33 22 5 27 0 31 5 40 33 
24 36 49 14 36 3 25 3 37 37 30 16 47 17 39 22 1 29 9 31 10 9 34 28 39 10 25 5 10 32 7 21 2 49 32 19 27 7 43 40 15 12 32 4 27 31 0 49 2 44 
5 23 41 2 38 18 32 45 35 21 43 7 46 29 36 46 43 33 5 42 43 26 34 22 39 7 28 33 32 19 28 37 10 17 7 36 4 47 3 47 1 16 45 31 44 5 49 0 24 2 
5 10 18 47 23 34 12 33 9 42 7 46 39 23 6 11 30 16 16 40 47 17 19 38 28 29 36 43 21 15 22 46 31 24 18 14 43 21 1 20 28 22 28 25 39 40 2 24 0 1 
46 36 49 48 21 9 32 22 40 3 2 10 2 32 23 36 7 12 14 49 12 32 41 8 2 47 29 22 19 10 36 35 37 34 28 25 17 42 40 37 27 18 35 13 24 33 44 2 1 0 
