0 25 30 9 49 6 38 23 17 15 37 12 22 42 44 49 16 1 38 49 42 7 9 27 1 24 13 5 31 47 43 38 37 7 15 17 23 49 23 33 15 1 25 45 40 12 39 15 38 26 
25 0 24 37 12 1 2 8 40 44 47 15 8 33 26 7 10 19 27 43 16 21 48 32 24 42 4 39 46 43 4 12 21 16 11 11 36 11 30 31 21 49 11 41 21 44 25 43 19 7 
30 24 0 25 19 38 35 45 4 30 12 26 26 28 31 19 16 3 30 35 1 27 48 34 34 9 41 46 13 11 26 17 44 17 21 36 26 25 48 47 1 42 2 4 38 19 42 38 45 7 
9 37 25 0 36 34 23 34 26 15 10 29 35 48 30 18 17 48 22 1 34 36 36 22 43 2 33 27 2 9 40 24 29 32 32 46 28 36 28 42 13 12 49 26 20 46 14 3 10 14 
49 12 19 36 0 43 47 40 49 6 48 35 47 24 43 48 30 14 18 1 12 1 34 18 20 34 14 31 46 5 44 24 12 38 14 40 17 13 31 18 31 7 6 7 26 20 26 42 17 15 
6 1 38 34 43 0 13 19 7 13 2 25 11 19 20 40 24 6 33 43 8 42 13 27 42 49 26 32 16 37 28 22 11 38 30 27 44 41 33 16 19 1 49 24 48 36 39 11 10 47 
38 2 35 23 47 13 0 27 45 27 22 41 12 8 25 6 3 10 26 37 46 16 3 49 35 30 45 45 30 41 37 18 10 15 40 22 4 20 43 11 32 19 14 19 27 10 36 19 14 40 
23 8 45 34 40 19 27 0 29 4 45 41 47 33 47 2 36 23 22 27 16 33 22 7 38 45 34 30 3 10 18 3 18 21 11 49 23 31 38 8 33 36 35 30 3 24 45 3 26 22 
17 40 4 26 49 7 45 29 0 14 47 15 17 31 19 21 25 4 33 25 3 17 48 20 37 4 34 40 42 22 45 48 4 1 48 20 5 41 42 24 12 37 8 6 16 47 40 17 21 43 
15 44 30 15 6 13 27 4 14 0 23 12 14 19 2 30 3 12 3 28 32 39 6 24 10 4 13 22 30 33 5 38 28 4 19 41 22 19 34 39 26 8 46 30 24 48 20 34 43 39 
37 47 12 10 48 2 22 45 47 23 0 32 49 38 12 48 47 12 26 13 10 45 29 47 46 41 13 35 26 10 30 33 21 46 39 41 27 8 20 11 3 19 28 37 9 29 21 21 33 31 
12 15 26 29 35 25 41 41 15 12 32 0 21 1 44 5 40 20 43 40 45 47 35 15 46 22 47 10 12 12 5 12 14 13 23 19 4 21 19 27 17 14 12 27 4 44 43 28 13 33 
22 8 26 35 47 11 12 47 17 14 49 21 0 27 37 35 38 27 31 28 13 2 28 14 5 20 47 17 30 34 43 39 12 23 23 8 36 2 48 24 28 39 1 41 38 34 38 31 19 42 
42 33 28 48 24 19 8 33 31 19 38 1 27 0 28 29 8 21 11 7 32 20 30 30 36 5 3 28 28 17 46 26 41 23 25 48 14 43 11 17 16 24 15 35 15 38 22 47 9 12 
44 26 31 30 43 20 25 47 19 2 12 44 37 28 0 8 17 25 47 46 18 6 34 14 10 17 36 38 14 36 8 46 16 4 37 35 47 34 7 41 2 16 36 18 46 14 29 12 44 6 
49 7 19 18 48 40 6 2 21 30 48 5 35 29 8 0 20 14 23 7 7 10 39 37 46 41 15 4 49 49 12 31 3 6 38 33 23 34 9 11 5 18 4 41 23 14 4 29 2 27 
16 10 16 17 30 24 3 36 25 3 47 40 38 8 17 20 0 45 27 18 18 45 43 31 10 21 6 32 46 8 10 32 35 30 1 8 3 27 20 15 22 25 39 21 4 29 48 10 36 4 
1 19 3 48 14 6 10 23 4 12 12 20 27 21 25 14 45 0 48 9 35 24 6 30 6 11 37 4 22 8 30 1 38 13 46 37 48 34 34 43 17 35 1 5 40 38 41 44 42 32 
38 27 30 22 18 33 26 22 33 3 26 43 31 11 47 23 27 48 0 7 18 19 28 39 13 11 17 18 45 19 32 22 26 36 17 31 8 1 23 19 30 39 40 22 40 42 20 6 6 13 
49 43 35 1 1 43 37 27 25 28 13 40 28 7 46 7 18 9 7 0 35 10 33 18 10 3 39 9 42 9 28 25 39 4 44 23 38 8 17 22 36 49 17 8 30 20 32 40 4 9 
42 16 1 34 12 8 46 16 3 32 10 45 13 32 18 7 18 35 18 35 0 24 22 18 44 18 6 3 6 26 22 27 31 2 16 49 28 2 1 36 2 13 7 2 9 34 9 10 12 40 
7 21 27 36 1 42 16 33 17 39 45 47 2 20 6 10 45 24 19 10 24 0 3 2 12 39 37 12 6 18 18 9 8 42 12 20 22 8 6 26 1 42 31 3 20 12 1 28 18 27 
9 48 48 36 34 13 3 22 48 6 29 35 28 30 34 39 43 6 28 33 22 3 0 38 44 47 35 48 33 23 24 7 22 33 34 38 48 39 12 4 3 8 6 3 28 1 29 28 7 20 
27 32 34 22 18 27 49 7 20 24 47 15 14 30 14 37 31 30 39 18 18 2 38 0 29 46 3 2 46 45 26 14 7 35 36 29 44 24 13 20 30 39 40 44 28 5 14 15 22 7 
1 24 34 43 20 42 35 38 37 10 46 46 5 36 10 46 10 6 13 10 44 12 44 29 0 45 28 6 30 44 32 4 2 34 35 20 28 23 7 9 49 25 42 38 32 6 32 48 22 5 
24 42 9 2 34 49 30 45 4 4 41 22 20 5 17 41 21 11 11 3 18 39 47 46 45 0 33 11 10 48 33 39 41 31 34 32 2 48 36 13 23 8 48 21 6 37 25 5 8 17 
13 4 41 33 14 26 45 34 34 13 13 47 47 3 36 15 6 37 17 39 6 37 35 3 28 33 0 22 30 45 45 18 19 10 21 6 22 33 34 31 45 39 48 7 29 28 41 46 49 35 
5 39 46 27 31 32 45 30 40 22 35 10 17 28 38 4 32 4 18 9 3 12 48 2 6 11 22 0 21 38 31 34 33 13 47 38 44 28 18 33 23 48 26 1 43 6 37 33 22 48 
31 46 13 2 46 16 30 3 42 30 26 12 30 28 14 49 46 22 45 42 6 6 33 46 30 10 30 21 0 32 45 31 22 23 23 5 37 29 33 13 42 34 4 40 35 16 20 17 6 30 
47 43 11 9 5 37 41 10 22 33 10 12 34 17 36 49 8 8 19 9 26 18 23 45 44 48 45 38 32 0 12 47 27 16 1 29 17 16 46 16 14 42 5 24 27 37 14 37 14 13 
43 4 26 40 44 28 37 18 45 5 30 5 43 46 8 12 10 30 32 28 22 18 24 26 32 33 45 31 45 12 0 31 5 22 46 49 10 34 34 22 22 48 48 2 11 29 40 28 16 22 
38 12 17 24 24 22 18 3 48 38 33 12 39 26 46 31 32 1 22 25 27 9 7 14 4 39 18 34 31 47 31 0 49 14 16 23 13 25 30 23 33 20 23 5 2 18 4 42 46 47 
37 21 44 29 12 11 10 18 4 28 21 14 12 41 16 3 35 38 26 39 31 8 22 7 2 41 19 33 22 27 5 49 0 3 45 28 17 17 33 34 45 49 39 39 25 8 38 49 9 23 
7 16 17 32 38 38 15 21 1 4 46 13 23 23 4 6 30 13 36 4 2 42 33 35 34 31 10 13 23 16 22 14 3 0 30 12 43 1 28 38 28 30 39 45 35 13 18 20 17 44 
15 11 21 32 14 30 40 11 48 19 39 23 23 25 37 38 1 46 17 44 16 12 34 36 35 34 21 47 23 1 46 16 45 30 0 6 33 47 27 28 22 41 27 22 21 26 35 11 24 35 
17 11 36 46 40 27 22 49 20 41 41 19 8 48 35 33 8 37 31 23 49 20 38 29 20 32 6 38 5 29 49 23 28 12 6 0 7 37 13 36 15 25 2 10 26 33 16 20 24 41 
23 36 26 28 17 44 4 23 5 22 27 4 36 14 47 23 3 48 8 38 28 22 48 44 28 2 22 44 37 17 10 13 17 43 33 7 0 14 25 43 13 26 44 37 18 28 31 37 8 18 
49 11 25 36 13 41 20 31 41 19 8 21 2 43 34 34 27 34 1 8 2 8 39 24 23 48 33 28 29 16 34 25 17 1 47 37 14 0 29 46 21 36 36 43 27 20 10 36 44 34 
23 30 48 28 31 33 43 38 42 34 20 19 48 11 7 9 20 34 23 17 1 6 12 13 7 36 34 18 33 46 34 30 33 28 27 13 25 29 0 17 34 25 23 37 22 49 19 40 31 28 
33 31 47 42 18 16 11 8 24 39 11 27 24 17 41 11 15 43 19 22 36 26 4 20 9 13 31 33 13 16 22 23 34 38 28 36 43 46 17 0 22 8 46 40 7 2 22 1 15 27 
15 21 1 13 31 19 32 33 12 26 3 17 28 16 2 5 22 17 30 36 2 1 3 30 49 23 45 23 42 14 22 33 45 28 22 15 13 21 34 22 0 20 29 10 24 33 6 22 1 36 
1 49 42 12 7 1 19 36 37 8 19 14 39 24 16 18 25 35 39 49 13 42 8 39 25 8 39 48 34 42 48 20 49 30 41 25 26 36 25 8 20 0 22 17 37 36 47 30 11 49 
25 11 2 49 6 49 14 35 8 46 28 12 1 15 36 4 39 1 40 17 7 31 6 40 42 48 48 26 4 5 48 23 39 39 27 2 44 36 23 46 29 22 0 10 43 19 4 24 27 28 
45 41 4 26 7 24 19 30 6 30 37 27 41 35 18 41 21 5 22 8 2 3 3 44 38 21 7 1 40 24 2 5 39 45 22 10 37 43 37 40 10 17 10 0 3 24 44 29 17 29 
40 21 38 20 26 48 27 3 16 24 9 4 38 15 46 23 4 40 40 30 9 20 28 28 32 6 29 43 35 27 11 2 25 35 21 26 18 27 22 7 24 37 43 3 0 17 6 28 8 48 
12 44 19 46 20 36 10 24 47 48 29 44 34 38 14 14 29 38 42 20 34 12 1 5 6 37 28 6 16 37 29 18 8 13 26 33 28 20 49 2 33 36 19 24 17 0 32 3 36 21 
39 25 42 14 26 39 36 45 40 20 21 43 38 22 29 4 48 41 20 32 9 1 29 14 32 25 41 37 20 14 40 4 38 18 35 16 31 10 19 22 6 47 4 44 6 32 0 48 3 19 
15 43 38 3 42 11 19 3 17 34 21 28 31 47 12 29 10 44 6 40 10 28 28 15 48 5 46 33 17 37 28 42 49 20 11 20 37 36 40 1 22 30 24 29 28 3 48 0 38 8 
38 19 45 10 17 10 14 26 21 43 33 13 19 9 44 2 36 42 6 4 12 18 7 22 22 8 49 22 6 14 16 46 9 17 24 24 8 44 31 15 1 11 27 17 8 36 3 38 0 5 
26 7 7 14 15 47 40 22 43 39 31 33 42 12 6 27 4 32 13 9 40 27 20 7 5 17 35 48 30 13 22 47 23 44 35 41 18 34 28 27 36 49 28 29 48 21 19 8 5 0 
