0 28 32 2 1 39 42 17 5 44 46 34 43 25 3 11 37 14 30 6 12 10 28 21 24 4 2 24 27 27 11 9 40 23 45 29 20 32 23 15 45 13 36 40 29 21 20 31 16 4 
28 0 29 47 20 49 10 48 25 42 29 21 46 10 1 32 26 33 15 26 7 16 11 11 44 20 11 25 40 21 41 3 24 5 34 43 15 49 36 41 33 24 32 13 49 18 4 42 31 18 
32 29 0 18 16 27 8 28 9 12 31 36 16 32 40 13 15 17 26 23 17 21 8 13 2 36 17 14 29 10 17 40 21 30 28 5 17 4 29 6 38 25 36 12 26 40 17 10 15 10 
2 47 18 0 33 14 32 6 6 31 48 23 31 1 16 22 12 29 33 34 35 4 1 7 9 27 4 42 8 29 6 36 43 46 23 33 10 46 36 31 2 46 5 25 44 30 30 4 14 15 
1 20 16 33 0 11 17 47 35 17 17 46 13 35 23 12 20 5 26 35 25 6 37 48 10 25 38 47 39 38 37 8 31 6 2 41 25 3 14 14 36 45 26 49 16 13 4 19 20 28 
39 49 27 14 11 0 16 45 17 7 3 8 3 44 44 14 8 39 41 46 34 19 17 12 8 44 41 2 47 37 40 10 4 8 1 16 8 8 17 11 46 44 26 2 29 43 4 18 17 40 
42 10 8 32 17 16 0 4 33 33 30 41 28 35 36 17 41 19 38 23 19 42 5 35 14 29 15 22 13 21 22 11 42 11 27 1 13 6 45 12 19 6 15 46 44 43 22 40 45 23 
17 48 28 6 47 45 4 0 12 35 24 44 7 21 14 29 45 32 41 1 27 6 38 42 5 26 20 34 49 36 13 30 46 39 31 43 5 27 11 24 15 26 44 23 41 49 22 10 22 47 
5 25 9 6 35 17 33 12 0 32 27 41 24 32 9 40 47 13 39 1 27 22 27 46 48 48 14 37 4 17 47 31 47 28 37 2 46 16 36 4 12 48 22 5 9 27 4 4 44 39 
44 42 12 31 17 7 33 35 32 0 19 19 5 19 13 3 23 27 33 7 29 41 22 3 14 49 33 8 43 27 15 13 25 47 21 7 27 41 8 45 3 17 7 36 40 21 30 24 4 5 
46 29 31 48 17 3 30 24 27 19 0 22 14 19 27 30 11 41 14 4 38 14 49 24 8 21 48 12 40 34 12 10 34 32 49 49 45 10 45 11 29 44 32 24 10 15 40 9 20 25 
34 21 36 23 46 8 41 44 41 19 22 0 36 16 39 7 13 19 42 39 8 8 2 12 44 49 41 20 24 21 36 13 41 15 13 19 38 4 14 41 43 15 41 46 21 11 11 27 37 38 
43 46 16 31 13 3 28 7 24 5 14 36 0 2 43 25 6 17 49 39 5 36 34 30 10 21 23 23 25 16 39 28 30 21 36 48 44 11 9 27 11 14 37 4 28 21 35 18 28 33 
25 10 32 1 35 44 35 21 32 19 19 16 2 0 21 19 32 47 29 18 47 25 14 37 49 1 23 40 19 36 39 29 24 47 47 49 27 7 41 32 31 37 31 46 29 19 38 31 3 23 
3 1 40 16 23 44 36 14 9 13 27 39 43 21 0 41 12 42 8 39 19 26 41 25 3 18 6 12 31 28 4 10 39 46 32 42 19 27 19 2 9 6 4 1 10 26 47 32 6 41 
11 32 13 22 12 14 17 29 40 3 30 7 25 19 41 0 20 43 10 32 1 35 15 23 35 29 29 2 34 43 21 24 29 10 22 10 15 15 44 14 31 18 27 21 36 30 25 7 29 10 
37 26 15 12 20 8 41 45 47 23 11 13 6 32 12 20 0 49 1 43 40 30 17 17 5 26 3 45 25 22 3 39 12 22 19 33 44 49 5 44 26 35 7 9 8 20 44 4 12 25 
14 33 17 29 5 39 19 32 13 27 41 19 17 47 42 43 49 0 45 30 47 30 26 31 25 49 47 36 22 47 15 14 7 18 49 15 34 47 40 3 34 29 29 15 25 23 3 5 44 48 
30 15 26 33 26 41 38 41 39 33 14 42 49 29 8 10 1 45 0 38 11 6 9 28 18 6 1 19 35 33 13 15 48 20 8 48 3 16 34 29 43 9 34 10 32 14 43 10 48 6 
6 26 23 34 35 46 23 1 1 7 4 39 39 18 39 32 43 30 38 0 34 38 23 40 28 25 22 5 8 25 10 3 39 39 7 6 9 35 45 20 9 24 24 33 27 19 33 26 37 17 
12 7 17 35 25 34 19 27 27 29 38 8 5 47 19 1 40 47 11 34 0 1 7 42 10 7 39 9 2 33 47 28 11 19 22 45 4 9 36 26 7 39 10 27 9 23 34 39 41 34 
10 16 21 4 6 19 42 6 22 41 14 8 36 25 26 35 30 30 6 38 1 0 7 19 38 28 16 38 36 18 8 32 19 47 14 15 1 33 21 44 7 10 46 38 6 49 22 42 3 21 
28 11 8 1 37 17 5 38 27 22 49 2 34 14 41 15 17 26 9 23 7 7 0 15 48 38 9 22 23 32 27 12 10 21 38 28 7 8 32 28 4 29 2 14 31 24 41 13 28 26 
21 11 13 7 48 12 35 42 46 3 24 12 30 37 25 23 17 31 28 40 42 19 15 0 35 48 42 11 44 39 23 37 13 6 32 30 24 46 19 42 23 7 30 19 41 17 15 18 42 5 
24 44 2 9 10 8 14 5 48 14 8 44 10 49 3 35 5 25 18 28 10 38 48 35 0 32 47 9 14 21 7 7 39 31 15 42 40 4 20 22 19 9 49 6 12 17 49 47 6 37 
4 20 36 27 25 44 29 26 48 49 21 49 21 1 18 29 26 49 6 25 7 28 38 48 32 0 45 17 33 44 29 15 34 48 34 26 20 19 20 25 26 19 6 36 46 10 37 27 19 4 
2 11 17 4 38 41 15 20 14 33 48 41 23 23 6 29 3 47 1 22 39 16 9 42 47 45 0 2 9 33 23 48 16 30 26 21 37 43 11 8 45 16 38 37 8 5 23 5 44 3 
24 25 14 42 47 2 22 34 37 8 12 20 23 40 12 2 45 36 19 5 9 38 22 11 9 17 2 0 6 2 48 7 29 38 49 22 39 25 30 8 33 33 43 37 4 36 34 1 4 39 
27 40 29 8 39 47 13 49 4 43 40 24 25 19 31 34 25 22 35 8 2 36 23 44 14 33 9 6 0 12 33 15 42 16 43 12 7 44 18 33 48 37 48 1 46 45 18 22 15 5 
27 21 10 29 38 37 21 36 17 27 34 21 16 36 28 43 22 47 33 25 33 18 32 39 21 44 33 2 12 0 38 46 49 34 36 37 45 21 33 48 23 38 33 20 40 46 37 24 29 4 
11 41 17 6 37 40 22 13 47 15 12 36 39 39 4 21 3 15 13 10 47 8 27 23 7 29 23 48 33 38 0 16 35 49 29 6 14 8 45 2 23 41 21 35 5 32 4 13 45 34 
9 3 40 36 8 10 11 30 31 13 10 13 28 29 10 24 39 14 15 3 28 32 12 37 7 15 48 7 15 46 16 0 18 40 43 34 5 45 29 13 31 37 2 16 29 30 20 14 23 48 
40 24 21 43 31 4 42 46 47 25 34 41 30 24 39 29 12 7 48 39 11 19 10 13 39 34 16 29 42 49 35 18 0 8 46 45 29 11 18 40 24 31 15 17 48 17 6 4 15 48 
23 5 30 46 6 8 11 39 28 47 32 15 21 47 46 10 22 18 20 39 19 47 21 6 31 48 30 38 16 34 49 40 8 0 15 30 38 34 33 21 36 30 26 24 42 14 5 32 31 8 
45 34 28 23 2 1 27 31 37 21 49 13 36 47 32 22 19 49 8 7 22 14 38 32 15 34 26 49 43 36 29 43 46 15 0 29 13 6 34 45 46 1 31 4 4 37 33 49 21 35 
29 43 5 33 41 16 1 43 2 7 49 19 48 49 42 10 33 15 48 6 45 15 28 30 42 26 21 22 12 37 6 34 45 30 29 0 36 45 27 24 34 29 45 8 18 38 48 45 4 37 
20 15 17 10 25 8 13 5 46 27 45 38 44 27 19 15 44 34 3 9 4 1 7 24 40 20 37 39 7 45 14 5 29 38 13 36 0 22 38 35 14 38 23 30 20 39 46 1 35 7 
32 49 4 46 3 8 6 27 16 41 10 4 11 7 27 15 49 47 16 35 9 33 8 46 4 19 43 25 44 21 8 45 11 34 6 45 22 0 5 16 22 32 17 7 43 30 17 35 42 33 
23 36 29 36 14 17 45 11 36 8 45 14 9 41 19 44 5 40 34 45 36 21 32 19 20 20 11 30 18 33 45 29 18 33 34 27 38 5 0 43 16 30 15 48 22 39 25 27 26 26 
15 41 6 31 14 11 12 24 4 45 11 41 27 32 2 14 44 3 29 20 26 44 28 42 22 25 8 8 33 48 2 13 40 21 45 24 35 16 43 0 26 38 3 1 33 44 26 23 12 33 
45 33 38 2 36 46 19 15 12 3 29 43 11 31 9 31 26 34 43 9 7 7 4 23 19 26 45 33 48 23 23 31 24 36 46 34 14 22 16 26 0 43 34 17 11 44 2 39 40 49 
13 24 25 46 45 44 6 26 48 17 44 15 14 37 6 18 35 29 9 24 39 10 29 7 9 19 16 33 37 38 41 37 31 30 1 29 38 32 30 38 43 0 43 22 19 9 17 42 41 22 
36 32 36 5 26 26 15 44 22 7 32 41 37 31 4 27 7 29 34 24 10 46 2 30 49 6 38 43 48 33 21 2 15 26 31 45 23 17 15 3 34 43 0 4 13 5 28 1 45 12 
40 13 12 25 49 2 46 23 5 36 24 46 4 46 1 21 9 15 10 33 27 38 14 19 6 36 37 37 1 20 35 16 17 24 4 8 30 7 48 1 17 22 4 0 25 23 31 3 27 19 
29 49 26 44 16 29 44 41 9 40 10 21 28 29 10 36 8 25 32 27 9 6 31 41 12 46 8 4 46 40 5 29 48 42 4 18 20 43 22 33 11 19 13 25 0 2 15 1 1 20 
21 18 40 30 13 43 43 49 27 21 15 11 21 19 26 30 20 23 14 19 23 49 24 17 17 10 5 36 45 46 32 30 17 14 37 38 39 30 39 44 44 9 5 23 2 0 25 46 48 2 
20 4 17 30 4 4 22 22 4 30 40 11 35 38 47 25 44 3 43 33 34 22 41 15 49 37 23 34 18 37 4 20 6 5 33 48 46 17 25 26 2 17 28 31 15 25 0 37 26 13 
31 42 10 4 19 18 40 10 4 24 9 27 18 31 32 7 4 5 10 26 39 42 13 18 47 27 5 1 22 24 13 14 4 32 49 45 1 35 27 23 39 42 1 3 1 46 37 0 38 38 
16 31 15 14 20 17 45 22 44 4 20 37 28 3 6 29 12 44 48 37 41 3 28 42 6 19 44 4 15 29 45 23 15 31 21 4 35 42 26 12 40 41 45 27 1 48 26 38 0 1 
4 18 10 15 28 40 23 47 39 5 25 38 33 23 41 10 25 48 6 17 34 21 26 5 37 4 3 39 5 4 34 48 48 8 35 37 7 33 26 33 49 22 12 19 20 2 13 38 1 0 
