0 45 27 20 18 48 4 29 27 36 23 34 25 44 22 39 46 44 25 41 47 6 14 33 43 19 32 8 28 22 37 19 17 1 19 31 33 32 37 30 43 45 17 16 44 45 5 42 14 18 
45 0 39 33 19 26 49 6 31 43 4 13 16 20 18 33 15 16 12 44 35 45 28 8 22 22 48 7 7 39 5 25 8 39 20 47 22 37 3 2 29 27 36 13 6 3 3 3 48 11 
27 39 0 38 43 5 49 46 24 44 1 17 5 15 4 40 13 8 37 40 26 10 37 29 30 37 42 22 40 22 37 18 3 47 13 16 4 34 29 23 38 41 2 34 18 13 6 34 32 20 
20 33 38 0 20 35 35 2 41 3 28 13 48 10 48 11 40 32 25 12 47 26 8 1 3 8 44 1 13 13 25 2 2 42 39 37 36 28 42 17 38 24 31 32 40 10 18 49 49 10 
18 19 43 20 0 17 41 19 5 13 23 5 6 46 26 31 44 26 25 18 3 16 16 6 3 31 22 9 15 44 21 8 5 47 40 2 25 17 32 14 49 28 49 18 23 2 24 8 27 3 
48 26 5 35 17 0 29 33 7 36 19 16 6 44 16 30 38 44 35 34 44 30 37 49 12 22 25 12 2 46 4 20 46 2 31 30 35 11 9 22 29 24 36 7 2 30 12 43 41 33 
4 49 49 35 41 29 0 19 14 26 27 20 17 42 9 9 21 14 16 21 47 36 7 36 40 20 44 47 28 23 27 44 34 11 47 16 35 29 2 44 12 22 40 3 18 24 3 28 23 3 
29 6 46 2 19 33 19 0 38 23 23 40 4 25 34 7 24 25 24 9 46 4 8 33 46 46 35 22 4 3 41 38 29 29 6 43 19 21 13 19 17 7 44 29 46 21 31 29 34 23 
27 31 24 41 5 7 14 38 0 12 20 48 4 30 16 18 44 12 5 41 28 22 3 11 12 37 27 48 16 29 45 31 24 13 2 11 43 26 27 31 14 20 18 44 7 49 40 42 43 43 
36 43 44 3 13 36 26 23 12 0 13 9 20 49 9 8 23 12 10 44 13 10 37 30 22 42 19 11 28 29 46 1 20 34 45 29 25 30 30 22 8 30 9 36 29 24 32 25 16 18 
23 4 1 28 23 19 27 23 20 13 0 25 15 28 26 26 22 2 47 26 22 14 23 4 6 13 45 31 19 49 46 12 43 36 14 23 44 29 11 34 6 9 44 4 3 9 42 19 38 35 
34 13 17 13 5 16 20 40 48 9 25 0 42 18 31 9 4 38 18 41 47 1 30 26 3 17 46 12 38 29 9 5 40 29 26 44 29 3 9 15 18 7 41 39 22 19 40 4 47 29 
25 16 5 48 6 6 17 4 4 20 15 42 0 30 19 2 12 48 23 27 21 29 42 12 35 9 43 25 19 20 32 29 29 31 17 44 17 29 31 17 24 45 10 43 44 46 29 15 8 28 
44 20 15 10 46 44 42 25 30 49 28 18 30 0 15 37 21 28 8 18 16 5 28 19 34 48 27 28 35 29 2 28 35 17 19 36 39 48 23 4 40 41 3 39 16 47 5 40 37 30 
22 18 4 48 26 16 9 34 16 9 26 31 19 15 0 14 14 46 36 44 2 48 5 10 5 17 37 45 34 33 39 30 15 4 49 25 3 7 45 9 22 30 19 32 18 39 7 12 7 4 
39 33 40 11 31 30 9 7 18 8 26 9 2 37 14 0 25 20 18 4 23 12 18 48 34 49 43 46 23 45 36 18 34 28 45 34 49 10 47 42 46 16 48 6 24 44 15 49 28 9 
46 15 13 40 44 38 21 24 44 23 22 4 12 21 14 25 0 35 19 37 48 3 35 44 34 10 17 35 8 42 40 35 5 6 4 41 22 31 14 38 10 2 41 41 27 29 15 33 36 27 
44 16 8 32 26 44 14 25 12 12 2 38 48 28 46 20 35 0 21 42 21 22 12 47 15 23 3 44 46 44 11 8 28 4 36 43 30 45 29 7 12 1 40 8 41 37 7 32 25 6 
25 12 37 25 25 35 16 24 5 10 47 18 23 8 36 18 19 21 0 6 36 40 17 34 15 11 33 41 49 6 8 27 5 40 17 26 33 19 44 46 1 43 25 35 9 18 9 34 13 21 
41 44 40 12 18 34 21 9 41 44 26 41 27 18 44 4 37 42 6 0 8 9 14 17 36 5 35 43 12 10 36 25 17 7 14 43 20 23 18 6 40 17 15 25 18 34 16 19 28 30 
47 35 26 47 3 44 47 46 28 13 22 47 21 16 2 23 48 21 36 8 0 47 16 3 41 16 15 48 43 10 41 39 2 35 16 31 39 26 20 34 10 7 46 29 12 24 10 6 46 17 
6 45 10 26 16 30 36 4 22 10 14 1 29 5 48 12 3 22 40 9 47 0 20 26 27 39 34 2 32 43 21 48 38 21 18 19 22 49 23 21 32 40 23 4 17 36 49 46 16 45 
14 28 37 8 16 37 7 8 3 37 23 30 42 28 5 18 35 12 17 14 16 20 0 24 35 23 40 4 9 48 23 12 44 8 4 32 34 33 14 3 49 14 44 12 38 35 38 30 12 5 
33 8 29 1 6 49 36 33 11 30 4 26 12 19 10 48 44 47 34 17 3 26 24 0 34 36 28 8 46 22 37 6 33 44 2 21 26 6 38 21 39 21 28 12 6 25 3 34 40 35 
43 22 30 3 3 12 40 46 12 22 6 3 35 34 5 34 34 15 15 36 41 27 35 34 0 12 46 31 19 38 26 19 19 42 17 11 2 4 37 30 9 29 28 46 18 24 20 43 1 17 
19 22 37 8 31 22 20 46 37 42 13 17 9 48 17 49 10 23 11 5 16 39 23 36 12 0 40 46 44 41 4 13 41 43 33 46 6 13 29 3 43 5 30 8 29 2 35 47 28 48 
32 48 42 44 22 25 44 35 27 19 45 46 43 27 37 43 17 3 33 35 15 34 40 28 46 40 0 7 21 3 39 22 35 13 21 45 34 47 23 13 28 41 6 48 37 47 25 5 9 20 
8 7 22 1 9 12 47 22 48 11 31 12 25 28 45 46 35 44 41 43 48 2 4 8 31 46 7 0 2 30 33 45 41 39 38 42 6 6 14 21 2 2 41 36 6 8 12 25 13 47 
28 7 40 13 15 2 28 4 16 28 19 38 19 35 34 23 8 46 49 12 43 32 9 46 19 44 21 2 0 9 46 10 31 44 1 7 43 33 23 15 12 2 29 17 48 42 35 8 16 15 
22 39 22 13 44 46 23 3 29 29 49 29 20 29 33 45 42 44 6 10 10 43 48 22 38 41 3 30 9 0 9 34 37 33 1 11 18 42 28 36 41 5 4 22 28 35 26 15 27 48 
37 5 37 25 21 4 27 41 45 46 46 9 32 2 39 36 40 11 8 36 41 21 23 37 26 4 39 33 46 9 0 20 41 49 33 2 25 38 21 6 17 20 49 17 29 6 24 14 41 47 
19 25 18 2 8 20 44 38 31 1 12 5 29 28 30 18 35 8 27 25 39 48 12 6 19 13 22 45 10 34 20 0 26 1 30 29 35 1 31 6 15 23 3 30 47 4 10 35 18 2 
17 8 3 2 5 46 34 29 24 20 43 40 29 35 15 34 5 28 5 17 2 38 44 33 19 41 35 41 31 37 41 26 0 37 34 8 30 33 8 5 2 29 39 37 5 15 4 49 4 7 
1 39 47 42 47 2 11 29 13 34 36 29 31 17 4 28 6 4 40 7 35 21 8 44 42 43 13 39 44 33 49 1 37 0 43 40 29 49 26 30 47 7 49 21 12 39 30 37 14 48 
19 20 13 39 40 31 47 6 2 45 14 26 17 19 49 45 4 36 17 14 16 18 4 2 17 33 21 38 1 1 33 30 34 43 0 22 31 29 32 25 10 3 18 34 46 39 14 44 34 20 
31 47 16 37 2 30 16 43 11 29 23 44 44 36 25 34 41 43 26 43 31 19 32 21 11 46 45 42 7 11 2 29 8 40 22 0 45 4 9 18 7 45 45 37 13 4 23 1 18 44 
33 22 4 36 25 35 35 19 43 25 44 29 17 39 3 49 22 30 33 20 39 22 34 26 2 6 34 6 43 18 25 35 30 29 31 45 0 14 22 44 4 19 23 7 20 23 12 34 38 33 
32 37 34 28 17 11 29 21 26 30 29 3 29 48 7 10 31 45 19 23 26 49 33 6 4 13 47 6 33 42 38 1 33 49 29 4 14 0 36 14 1 41 39 23 39 26 46 27 27 38 
37 3 29 42 32 9 2 13 27 30 11 9 31 23 45 47 14 29 44 18 20 23 14 38 37 29 23 14 23 28 21 31 8 26 32 9 22 36 0 27 46 2 37 39 46 42 32 41 12 16 
30 2 23 17 14 22 44 19 31 22 34 15 17 4 9 42 38 7 46 6 34 21 3 21 30 3 13 21 15 36 6 6 5 30 25 18 44 14 27 0 46 21 46 14 25 12 38 17 30 27 
43 29 38 38 49 29 12 17 14 8 6 18 24 40 22 46 10 12 1 40 10 32 49 39 9 43 28 2 12 41 17 15 2 47 10 7 4 1 46 46 0 4 32 29 29 46 11 2 30 39 
45 27 41 24 28 24 22 7 20 30 9 7 45 41 30 16 2 1 43 17 7 40 14 21 29 5 41 2 2 5 20 23 29 7 3 45 19 41 2 21 4 0 29 8 32 46 14 29 8 25 
17 36 2 31 49 36 40 44 18 9 44 41 10 3 19 48 41 40 25 15 46 23 44 28 28 30 6 41 29 4 49 3 39 49 18 45 23 39 37 46 32 29 0 35 41 37 31 3 20 26 
16 13 34 32 18 7 3 29 44 36 4 39 43 39 32 6 41 8 35 25 29 4 12 12 46 8 48 36 17 22 17 30 37 21 34 37 7 23 39 14 29 8 35 0 39 29 10 44 41 14 
44 6 18 40 23 2 18 46 7 29 3 22 44 16 18 24 27 41 9 18 12 17 38 6 18 29 37 6 48 28 29 47 5 12 46 13 20 39 46 25 29 32 41 39 0 32 28 49 39 17 
45 3 13 10 2 30 24 21 49 24 9 19 46 47 39 44 29 37 18 34 24 36 35 25 24 2 47 8 42 35 6 4 15 39 39 4 23 26 42 12 46 46 37 29 32 0 37 32 24 37 
5 3 6 18 24 12 3 31 40 32 42 40 29 5 7 15 15 7 9 16 10 49 38 3 20 35 25 12 35 26 24 10 4 30 14 23 12 46 32 38 11 14 31 10 28 37 0 19 23 47 
42 3 34 49 8 43 28 29 42 25 19 4 15 40 12 49 33 32 34 19 6 46 30 34 43 47 5 25 8 15 14 35 49 37 44 1 34 27 41 17 2 29 3 44 49 32 19 0 44 31 
14 48 32 49 27 41 23 34 43 16 38 47 8 37 7 28 36 25 13 28 46 16 12 40 1 28 9 13 16 27 41 18 4 14 34 18 38 27 12 30 30 8 20 41 39 24 23 44 0 7 
18 11 20 10 3 33 3 23 43 18 35 29 28 30 4 9 27 6 21 30 17 45 5 35 17 48 20 47 15 48 47 2 7 48 20 44 33 38 16 27 39 25 26 14 17 37 47 31 7 0 
