0 29 19 11 44 32 17 20 1 34 19 25 14 42 5 8 6 39 19 32 43 20 45 8 3 11 39 13 25 33 38 4 25 26 19 25 24 24 9 3 25 3 17 26 46 20 2 49 45 14 
29 0 26 23 12 47 35 35 39 15 8 21 41 46 29 26 20 38 8 22 10 38 7 27 44 27 10 39 46 3 46 8 16 26 11 17 41 45 29 25 29 27 14 37 6 26 23 3 9 7 
19 26 0 34 49 49 37 35 17 47 30 25 2 11 11 29 20 27 16 3 16 38 10 10 45 43 45 22 16 33 20 18 6 4 5 9 44 3 13 33 49 24 25 35 22 32 28 25 47 17 
11 23 34 0 37 45 43 36 22 45 33 28 34 46 38 1 14 16 11 12 3 23 3 28 48 33 37 40 28 16 10 5 18 21 41 40 1 47 2 30 44 45 17 35 20 16 24 30 7 46 
44 12 49 37 0 4 34 49 42 40 23 33 23 28 10 32 28 38 41 27 3 42 41 49 13 45 21 47 29 31 30 42 10 33 14 26 2 1 11 15 39 25 16 18 29 6 46 45 14 20 
32 47 49 45 4 0 30 17 32 16 35 47 24 4 13 21 30 45 9 35 41 38 49 7 7 38 22 27 37 45 39 7 14 2 44 13 19 21 19 23 38 27 47 31 7 1 16 49 29 10 
17 35 37 43 34 30 0 2 19 36 14 34 21 34 30 16 49 31 42 20 43 49 24 35 7 39 15 46 16 33 27 42 38 17 9 6 18 23 36 20 40 39 33 47 8 12 18 17 23 39 
20 35 35 36 49 17 2 0 22 37 4 36 12 32 38 47 28 39 2 7 14 15 26 11 38 20 20 36 46 12 48 37 49 31 45 43 49 15 28 25 22 43 32 14 33 49 23 7 41 11 
1 39 17 22 42 32 19 22 0 1 24 45 34 44 45 40 2 15 42 9 8 12 45 48 40 13 45 42 19 24 11 48 8 35 39 19 43 37 6 11 45 26 26 1 14 8 7 46 47 5 
34 15 47 45 40 16 36 37 1 0 28 30 5 9 46 20 27 46 33 29 24 27 18 47 6 49 27 20 12 37 17 3 16 1 43 22 39 37 46 37 41 8 17 37 16 31 25 46 15 12 
19 8 30 33 23 35 14 4 24 28 0 48 47 22 29 8 42 20 46 41 26 22 47 14 24 31 17 14 4 15 9 31 9 23 32 36 39 46 12 37 30 29 39 35 9 8 18 47 25 38 
25 21 25 28 33 47 34 36 45 30 48 0 22 42 47 25 13 11 25 41 21 23 36 25 24 11 47 28 12 30 15 47 37 16 43 21 23 37 48 2 48 8 20 47 13 14 6 40 5 25 
14 41 2 34 23 24 21 12 34 5 47 22 0 47 5 48 18 15 40 29 28 29 48 48 34 49 25 6 5 29 25 44 21 33 7 14 42 11 39 24 27 16 8 14 1 22 23 20 7 42 
42 46 11 46 28 4 34 32 44 9 22 42 47 0 20 14 20 27 1 32 24 8 18 3 14 40 29 37 6 38 8 35 3 28 29 20 9 5 32 41 2 17 37 46 48 36 1 29 20 18 
5 29 11 38 10 13 30 38 45 46 29 47 5 20 0 39 14 48 46 32 3 5 12 17 12 25 2 33 39 44 11 10 35 2 13 44 37 33 2 3 47 23 43 40 42 37 13 38 39 22 
8 26 29 1 32 21 16 47 40 20 8 25 48 14 39 0 30 25 37 29 31 26 48 25 2 29 44 49 7 21 23 18 3 18 28 7 21 46 11 17 12 28 24 25 44 49 46 25 7 19 
6 20 20 14 28 30 49 28 2 27 42 13 18 20 14 30 0 7 37 2 7 46 1 20 48 2 37 14 32 46 10 23 49 21 33 12 44 21 24 7 4 17 16 44 20 11 14 39 10 12 
39 38 27 16 38 45 31 39 15 46 20 11 15 27 48 25 7 0 35 42 24 23 7 8 34 17 39 28 3 6 6 26 36 9 18 33 7 5 16 33 46 44 15 2 37 34 40 1 33 31 
19 8 16 11 41 9 42 2 42 33 46 25 40 1 46 37 37 35 0 25 44 32 17 5 44 30 25 38 13 17 17 12 38 25 36 41 14 5 36 23 20 30 24 21 23 28 15 47 31 8 
32 22 3 12 27 35 20 7 9 29 41 41 29 32 32 29 2 42 25 0 15 5 34 28 2 12 19 38 12 3 33 35 49 32 29 34 37 21 37 30 49 28 30 14 21 29 38 47 41 13 
43 10 16 3 3 41 43 14 8 24 26 21 28 24 3 31 7 24 44 15 0 32 17 10 27 7 46 16 38 2 16 20 6 9 13 22 38 31 46 27 48 37 33 6 14 49 33 32 21 23 
20 38 38 23 42 38 49 15 12 27 22 23 29 8 5 26 46 23 32 5 32 0 9 1 3 17 13 19 9 36 24 11 15 14 40 16 33 47 20 13 4 35 20 29 34 42 18 6 41 22 
45 7 10 3 41 49 24 26 45 18 47 36 48 18 12 48 1 7 17 34 17 9 0 17 38 22 49 44 30 9 30 49 2 30 34 15 33 39 19 14 40 17 6 26 38 39 8 3 22 6 
8 27 10 28 49 7 35 11 48 47 14 25 48 3 17 25 20 8 5 28 10 1 17 0 11 14 15 16 3 28 30 38 21 7 22 39 40 26 33 10 25 27 22 28 28 44 42 26 35 46 
3 44 45 48 13 7 7 38 40 6 24 24 34 14 12 2 48 34 44 2 27 3 38 11 0 37 35 34 1 41 45 34 13 7 45 32 45 4 12 45 44 46 46 5 13 27 18 4 2 33 
11 27 43 33 45 38 39 20 13 49 31 11 49 40 25 29 2 17 30 12 7 17 22 14 37 0 6 48 29 26 33 37 47 40 22 7 38 36 17 12 11 42 19 41 21 33 7 28 33 39 
39 10 45 37 21 22 15 20 45 27 17 47 25 29 2 44 37 39 25 19 46 13 49 15 35 6 0 48 22 1 31 43 6 27 4 18 5 13 44 4 24 9 37 5 31 21 42 49 32 19 
13 39 22 40 47 27 46 36 42 20 14 28 6 37 33 49 14 28 38 38 16 19 44 16 34 48 48 0 32 30 28 19 35 1 6 23 19 21 3 16 21 12 25 30 47 2 18 10 12 6 
25 46 16 28 29 37 16 46 19 12 4 12 5 6 39 7 32 3 13 12 38 9 30 3 1 29 22 32 0 39 31 47 32 39 41 11 6 43 42 10 11 6 25 9 16 6 2 3 36 47 
33 3 33 16 31 45 33 12 24 37 15 30 29 38 44 21 46 6 17 3 2 36 9 28 41 26 1 30 39 0 37 21 25 12 9 48 23 20 17 1 9 20 11 9 36 2 32 25 22 15 
38 46 20 10 30 39 27 48 11 17 9 15 25 8 11 23 10 6 17 33 16 24 30 30 45 33 31 28 31 37 0 46 6 28 36 4 33 7 46 17 4 2 41 29 18 17 34 24 8 2 
4 8 18 5 42 7 42 37 48 3 31 47 44 35 10 18 23 26 12 35 20 11 49 38 34 37 43 19 47 21 46 0 28 47 20 10 30 10 22 31 1 42 7 29 7 34 43 8 3 5 
25 16 6 18 10 14 38 49 8 16 9 37 21 3 35 3 49 36 38 49 6 15 2 21 13 47 6 35 32 25 6 28 0 39 43 1 40 1 12 22 35 42 6 33 4 22 45 1 17 5 
26 26 4 21 33 2 17 31 35 1 23 16 33 28 2 18 21 9 25 32 9 14 30 7 7 40 27 1 39 12 28 47 39 0 9 10 30 11 4 11 30 36 38 39 25 28 31 45 5 3 
19 11 5 41 14 44 9 45 39 43 32 43 7 29 13 28 33 18 36 29 13 40 34 22 45 22 4 6 41 9 36 20 43 9 0 25 26 19 36 39 22 27 16 36 40 29 28 31 7 38 
25 17 9 40 26 13 6 43 19 22 36 21 14 20 44 7 12 33 41 34 22 16 15 39 32 7 18 23 11 48 4 10 1 10 25 0 1 41 38 15 34 27 47 31 34 14 36 22 39 40 
24 41 44 1 2 19 18 49 43 39 39 23 42 9 37 21 44 7 14 37 38 33 33 40 45 38 5 19 6 23 33 30 40 30 26 1 0 4 44 35 37 35 7 6 5 34 25 15 41 44 
24 45 3 47 1 21 23 15 37 37 46 37 11 5 33 46 21 5 5 21 31 47 39 26 4 36 13 21 43 20 7 10 1 11 19 41 4 0 29 11 16 12 12 43 13 17 21 7 49 40 
9 29 13 2 11 19 36 28 6 46 12 48 39 32 2 11 24 16 36 37 46 20 19 33 12 17 44 3 42 17 46 22 12 4 36 38 44 29 0 25 12 30 40 44 39 25 27 40 41 24 
3 25 33 30 15 23 20 25 11 37 37 2 24 41 3 17 7 33 23 30 27 13 14 10 45 12 4 16 10 1 17 31 22 11 39 15 35 11 25 0 9 24 6 37 41 40 9 21 15 9 
25 29 49 44 39 38 40 22 45 41 30 48 27 2 47 12 4 46 20 49 48 4 40 25 44 11 24 21 11 9 4 1 35 30 22 34 37 16 12 9 0 24 14 29 19 38 6 39 34 5 
3 27 24 45 25 27 39 43 26 8 29 8 16 17 23 28 17 44 30 28 37 35 17 27 46 42 9 12 6 20 2 42 42 36 27 27 35 12 30 24 24 0 14 48 35 9 24 35 5 12 
17 14 25 17 16 47 33 32 26 17 39 20 8 37 43 24 16 15 24 30 33 20 6 22 46 19 37 25 25 11 41 7 6 38 16 47 7 12 40 6 14 14 0 23 46 20 20 12 14 47 
26 37 35 35 18 31 47 14 1 37 35 47 14 46 40 25 44 2 21 14 6 29 26 28 5 41 5 30 9 9 29 29 33 39 36 31 6 43 44 37 29 48 23 0 19 34 15 14 41 37 
46 6 22 20 29 7 8 33 14 16 9 13 1 48 42 44 20 37 23 21 14 34 38 28 13 21 31 47 16 36 18 7 4 25 40 34 5 13 39 41 19 35 46 19 0 14 24 34 48 18 
20 26 32 16 6 1 12 49 8 31 8 14 22 36 37 49 11 34 28 29 49 42 39 44 27 33 21 2 6 2 17 34 22 28 29 14 34 17 25 40 38 9 20 34 14 0 20 1 39 45 
2 23 28 24 46 16 18 23 7 25 18 6 23 1 13 46 14 40 15 38 33 18 8 42 18 7 42 18 2 32 34 43 45 31 28 36 25 21 27 9 6 24 20 15 24 20 0 25 39 30 
49 3 25 30 45 49 17 7 46 46 47 40 20 29 38 25 39 1 47 47 32 6 3 26 4 28 49 10 3 25 24 8 1 45 31 22 15 7 40 21 39 35 12 14 34 1 25 0 35 18 
45 9 47 7 14 29 23 41 47 15 25 5 7 20 39 7 10 33 31 41 21 41 22 35 2 33 32 12 36 22 8 3 17 5 7 39 41 49 41 15 34 5 14 41 48 39 39 35 0 1 
14 7 17 46 20 10 39 11 5 12 38 25 42 18 22 19 12 31 8 13 23 22 6 46 33 39 19 6 47 15 2 5 5 3 38 40 44 40 24 9 5 12 47 37 18 45 30 18 1 0 
