0 1 48 15 9 44 15 42 44 34 41 47 27 19 14 4 37 35 25 36 7 5 43 11 3 25 12 17 3 34 2 36 49 33 27 9 18 33 22 15 6 10 8 35 11 27 20 35 22 2 
1 0 35 12 31 18 23 41 6 41 10 42 10 8 25 21 35 27 25 40 3 6 26 14 1 12 21 18 36 41 16 18 12 37 43 24 44 22 44 25 41 28 10 23 14 40 46 1 43 11 
48 35 0 28 46 10 11 42 24 32 17 38 13 48 1 23 43 37 23 26 40 23 39 49 27 46 44 38 43 14 33 36 22 45 9 26 20 7 35 35 10 33 2 38 12 43 3 16 7 23 
15 12 28 0 44 23 2 37 43 37 34 6 4 49 34 42 32 6 12 13 18 31 1 39 45 5 16 6 39 37 22 37 41 6 23 37 19 26 40 26 12 21 39 42 11 32 34 46 22 11 
9 31 46 44 0 48 13 10 42 13 22 39 20 28 7 24 25 28 31 23 13 33 29 45 49 17 31 29 33 18 3 29 34 2 43 5 17 49 17 31 12 20 29 31 8 39 32 13 17 16 
44 18 10 23 48 0 2 21 1 1 27 24 16 29 3 31 41 48 30 42 17 11 44 49 15 25 36 23 39 43 25 49 14 32 35 24 38 4 41 45 46 38 26 46 4 35 19 3 24 35 
15 23 11 2 13 2 0 47 8 40 10 28 25 43 4 43 49 14 14 4 16 12 31 1 2 8 7 24 42 35 6 31 1 12 3 45 23 42 17 24 24 21 25 42 26 27 34 24 49 22 
42 41 42 37 10 21 47 0 13 30 26 44 18 42 5 9 12 9 43 43 22 40 23 4 31 22 34 20 35 39 14 22 6 23 7 11 23 18 23 16 26 1 1 19 37 14 2 22 29 37 
44 6 24 43 42 1 8 13 0 7 36 38 27 10 39 25 2 22 27 28 20 44 16 12 24 7 16 24 7 14 28 29 38 18 3 13 3 30 45 44 14 29 8 6 10 39 38 24 3 40 
34 41 32 37 13 1 40 30 7 0 12 16 2 44 30 17 9 19 26 3 24 21 38 16 38 8 21 6 42 23 23 6 26 6 42 47 37 31 2 48 22 23 45 9 21 1 36 42 32 23 
41 10 17 34 22 27 10 26 36 12 0 38 18 38 31 32 1 8 27 8 17 4 45 29 5 45 44 11 10 14 8 36 47 19 35 30 36 32 33 28 10 40 29 30 41 25 19 4 8 26 
47 42 38 6 39 24 28 44 38 16 38 0 42 39 38 47 47 21 36 47 25 25 13 3 6 6 38 14 41 3 16 18 9 17 6 42 24 47 33 25 33 34 28 27 32 4 48 2 16 37 
27 10 13 4 20 16 25 18 27 2 18 42 0 10 9 47 47 2 3 11 4 23 8 39 7 45 24 23 3 8 6 47 11 28 14 34 40 32 26 29 3 13 35 45 24 36 42 19 15 29 
19 8 48 49 28 29 43 42 10 44 38 39 10 0 17 46 15 2 9 44 42 11 3 21 25 15 36 26 24 7 37 19 12 1 33 1 14 45 37 7 12 48 40 23 26 4 4 46 5 7 
14 25 1 34 7 3 4 5 39 30 31 38 9 17 0 10 10 13 20 11 37 49 3 2 15 31 20 32 19 12 3 41 7 34 24 8 16 17 1 30 33 35 40 12 9 29 1 4 44 28 
4 21 23 42 24 31 43 9 25 17 32 47 47 46 10 0 30 27 27 29 27 10 2 20 32 7 32 37 28 31 15 20 43 34 13 45 21 32 31 39 41 48 40 12 42 27 21 9 11 32 
37 35 43 32 25 41 49 12 2 9 1 47 47 15 10 30 0 19 43 7 4 30 33 44 10 33 47 25 22 24 34 4 25 4 47 49 14 7 6 36 2 37 17 20 8 16 14 48 29 37 
35 27 37 6 28 48 14 9 22 19 8 21 2 2 13 27 19 0 38 37 14 16 4 2 12 38 36 43 5 15 49 5 41 47 48 18 39 43 38 30 22 39 40 39 5 17 3 17 38 45 
25 25 23 12 31 30 14 43 27 26 27 36 3 9 20 27 43 38 0 29 45 40 1 45 4 47 21 37 32 31 15 26 25 34 46 47 33 48 24 5 40 41 47 36 2 33 1 26 21 12 
36 40 26 13 23 42 4 43 28 3 8 47 11 44 11 29 7 37 29 0 4 1 33 21 17 30 30 2 35 11 44 32 7 31 44 3 17 45 1 39 42 15 9 19 31 33 30 41 40 20 
7 3 40 18 13 17 16 22 20 24 17 25 4 42 37 27 4 14 45 4 0 33 46 23 19 17 36 17 7 26 19 1 42 37 2 39 4 10 33 8 8 31 45 23 1 7 29 4 22 10 
5 6 23 31 33 11 12 40 44 21 4 25 23 11 49 10 30 16 40 1 33 0 6 27 31 46 32 42 15 24 47 17 11 31 25 43 42 25 22 13 11 9 46 8 23 26 23 20 48 9 
43 26 39 1 29 44 31 23 16 38 45 13 8 3 3 2 33 4 1 33 46 6 0 13 45 30 27 18 14 46 31 23 39 26 37 15 33 26 24 46 16 1 46 48 22 48 18 3 34 28 
11 14 49 39 45 49 1 4 12 16 29 3 39 21 2 20 44 2 45 21 23 27 13 0 26 26 29 33 48 12 2 7 46 37 47 45 2 47 32 34 7 1 19 24 48 17 43 44 3 32 
3 1 27 45 49 15 2 31 24 38 5 6 7 25 15 32 10 12 4 17 19 31 45 26 0 11 48 15 46 9 38 6 21 18 33 17 27 44 37 11 1 6 4 23 37 20 28 21 5 47 
25 12 46 5 17 25 8 22 7 8 45 6 45 15 31 7 33 38 47 30 17 46 30 26 11 0 4 41 18 47 14 46 5 36 19 30 33 15 15 14 40 48 49 12 16 38 10 37 40 37 
12 21 44 16 31 36 7 34 16 21 44 38 24 36 20 32 47 36 21 30 36 32 27 29 48 4 0 13 36 24 1 30 22 19 4 18 6 11 14 13 39 25 34 29 44 34 20 27 16 21 
17 18 38 6 29 23 24 20 24 6 11 14 23 26 32 37 25 43 37 2 17 42 18 33 15 41 13 0 40 27 47 16 46 27 6 14 48 45 5 46 3 15 26 45 3 28 14 23 36 39 
3 36 43 39 33 39 42 35 7 42 10 41 3 24 19 28 22 5 32 35 7 15 14 48 46 18 36 40 0 31 39 12 27 2 30 17 20 15 9 8 18 43 3 41 3 35 17 41 45 3 
34 41 14 37 18 43 35 39 14 23 14 3 8 7 12 31 24 15 31 11 26 24 46 12 9 47 24 27 31 0 23 43 45 9 41 36 31 9 4 39 44 25 1 31 1 33 14 28 19 20 
2 16 33 22 3 25 6 14 28 23 8 16 6 37 3 15 34 49 15 44 19 47 31 2 38 14 1 47 39 23 0 33 22 37 45 19 17 44 33 18 19 45 47 23 9 10 15 32 33 31 
36 18 36 37 29 49 31 22 29 6 36 18 47 19 41 20 4 5 26 32 1 17 23 7 6 46 30 16 12 43 33 0 44 33 15 46 38 45 23 23 30 19 46 2 39 5 21 19 19 7 
49 12 22 41 34 14 1 6 38 26 47 9 11 12 7 43 25 41 25 7 42 11 39 46 21 5 22 46 27 45 22 44 0 41 31 2 20 18 40 28 47 14 33 5 1 3 49 10 40 17 
33 37 45 6 2 32 12 23 18 6 19 17 28 1 34 34 4 47 34 31 37 31 26 37 18 36 19 27 2 9 37 33 41 0 4 26 22 31 8 26 1 46 47 14 6 41 5 16 16 29 
27 43 9 23 43 35 3 7 3 42 35 6 14 33 24 13 47 48 46 44 2 25 37 47 33 19 4 6 30 41 45 15 31 4 0 22 3 4 26 27 6 3 5 36 49 30 8 47 31 17 
9 24 26 37 5 24 45 11 13 47 30 42 34 1 8 45 49 18 47 3 39 43 15 45 17 30 18 14 17 36 19 46 2 26 22 0 12 24 32 22 49 22 16 28 47 30 23 9 44 17 
18 44 20 19 17 38 23 23 3 37 36 24 40 14 16 21 14 39 33 17 4 42 33 2 27 33 6 48 20 31 17 38 20 22 3 12 0 36 27 47 13 49 7 44 10 4 18 10 5 40 
33 22 7 26 49 4 42 18 30 31 32 47 32 45 17 32 7 43 48 45 10 25 26 47 44 15 11 45 15 9 44 45 18 31 4 24 36 0 12 26 35 31 2 28 43 29 34 15 36 10 
22 44 35 40 17 41 17 23 45 2 33 33 26 37 1 31 6 38 24 1 33 22 24 32 37 15 14 5 9 4 33 23 40 8 26 32 27 12 0 22 47 27 44 37 22 41 9 40 34 26 
15 25 35 26 31 45 24 16 44 48 28 25 29 7 30 39 36 30 5 39 8 13 46 34 11 14 13 46 8 39 18 23 28 26 27 22 47 26 22 0 36 33 21 23 39 29 43 38 25 17 
6 41 10 12 12 46 24 26 14 22 10 33 3 12 33 41 2 22 40 42 8 11 16 7 1 40 39 3 18 44 19 30 47 1 6 49 13 35 47 36 0 8 9 5 18 23 10 4 13 20 
10 28 33 21 20 38 21 1 29 23 40 34 13 48 35 48 37 39 41 15 31 9 1 1 6 48 25 15 43 25 45 19 14 46 3 22 49 31 27 33 8 0 46 33 14 4 34 26 34 38 
8 10 2 39 29 26 25 1 8 45 29 28 35 40 40 40 17 40 47 9 45 46 46 19 4 49 34 26 3 1 47 46 33 47 5 16 7 2 44 21 9 46 0 48 33 31 29 28 14 1 
35 23 38 42 31 46 42 19 6 9 30 27 45 23 12 12 20 39 36 19 23 8 48 24 23 12 29 45 41 31 23 2 5 14 36 28 44 28 37 23 5 33 48 0 46 17 36 2 10 12 
11 14 12 11 8 4 26 37 10 21 41 32 24 26 9 42 8 5 2 31 1 23 22 48 37 16 44 3 3 1 9 39 1 6 49 47 10 43 22 39 18 14 33 46 0 16 48 30 24 3 
27 40 43 32 39 35 27 14 39 1 25 4 36 4 29 27 16 17 33 33 7 26 48 17 20 38 34 28 35 33 10 5 3 41 30 30 4 29 41 29 23 4 31 17 16 0 22 3 41 45 
20 46 3 34 32 19 34 2 38 36 19 48 42 4 1 21 14 3 1 30 29 23 18 43 28 10 20 14 17 14 15 21 49 5 8 23 18 34 9 43 10 34 29 36 48 22 0 6 28 13 
35 1 16 46 13 3 24 22 24 42 4 2 19 46 4 9 48 17 26 41 4 20 3 44 21 37 27 23 41 28 32 19 10 16 47 9 10 15 40 38 4 26 28 2 30 3 6 0 2 1 
22 43 7 22 17 24 49 29 3 32 8 16 15 5 44 11 29 38 21 40 22 48 34 3 5 40 16 36 45 19 33 19 40 16 31 44 5 36 34 25 13 34 14 10 24 41 28 2 0 18 
2 11 23 11 16 35 22 37 40 23 26 37 29 7 28 32 37 45 12 20 10 9 28 32 47 37 21 39 3 20 31 7 17 29 17 17 40 10 26 17 20 38 1 12 3 45 13 1 18 0 
