0 34 10 41 34 9 44 14 24 32 14 33 37 25 15 37 3 43 36 46 21 27 23 14 33 41 31 36 9 43 37 9 25 36 13 42 24 21 4 5 1 1 43 20 4 28 46 33 11 28 
34 0 17 14 48 17 16 15 49 35 35 13 37 44 36 41 22 38 9 13 15 4 12 37 14 20 27 2 28 24 6 6 45 32 6 32 12 5 31 1 12 19 39 48 1 17 39 5 39 49 
10 17 0 27 15 34 6 19 25 43 21 27 2 29 31 1 2 25 20 20 44 44 6 48 45 21 20 13 42 2 10 31 16 49 28 26 22 43 18 30 49 9 44 17 39 6 31 19 48 14 
41 14 27 0 34 22 7 26 21 19 28 31 38 7 48 3 19 20 37 22 11 31 11 12 47 8 1 43 26 45 12 26 27 1 31 41 18 26 9 24 5 35 25 42 34 38 4 46 17 42 
34 48 15 34 0 45 1 48 46 32 34 10 7 23 24 18 7 26 18 24 12 24 41 7 36 7 46 34 9 26 34 6 44 19 41 39 16 13 10 5 41 29 14 33 45 20 27 39 38 40 
9 17 34 22 45 0 22 5 39 22 27 41 39 21 1 43 32 42 38 4 17 35 34 44 32 12 31 6 26 31 4 48 19 26 4 8 19 13 19 41 16 18 36 35 30 9 18 34 14 31 
44 16 6 7 1 22 0 8 13 18 47 48 32 37 2 49 11 38 34 39 2 23 23 26 18 31 23 18 44 46 2 44 12 8 19 25 16 33 44 47 40 1 2 8 15 43 33 16 2 25 
14 15 19 26 48 5 8 0 43 32 33 12 21 24 26 45 46 6 14 19 9 10 41 36 12 30 20 32 47 26 26 34 8 44 34 49 21 8 15 33 47 41 2 13 23 11 14 49 20 26 
24 49 25 21 46 39 13 43 0 18 6 32 36 41 11 27 1 38 35 13 49 12 32 40 12 40 10 1 15 37 43 35 3 47 41 2 24 14 28 7 1 44 36 6 1 12 14 39 48 39 
32 35 43 19 32 22 18 32 18 0 14 24 16 44 29 7 1 3 17 24 35 18 47 24 18 36 29 49 22 2 46 37 28 42 27 36 32 3 16 5 36 43 25 20 24 17 14 45 38 24 
14 35 21 28 34 27 47 33 6 14 0 8 17 38 43 19 11 34 33 42 21 22 9 18 19 38 23 35 25 34 44 40 37 18 15 13 48 18 43 32 38 47 31 47 37 5 38 3 46 41 
33 13 27 31 10 41 48 12 32 24 8 0 39 21 23 32 37 17 5 10 43 25 36 20 13 30 36 15 41 17 4 1 28 35 8 37 2 40 27 25 23 27 35 44 11 29 49 44 38 42 
37 37 2 38 7 39 32 21 36 16 17 39 0 45 20 2 29 17 36 44 29 35 33 13 10 28 36 5 40 6 22 32 27 12 27 45 31 14 10 45 6 35 43 35 40 35 1 5 46 19 
25 44 29 7 23 21 37 24 41 44 38 21 45 0 3 38 38 16 10 46 36 5 18 3 22 40 38 32 16 8 2 44 47 1 32 8 46 13 36 21 17 35 21 8 28 45 11 44 34 7 
15 36 31 48 24 1 2 26 11 29 43 23 20 3 0 8 37 27 22 27 1 13 6 31 41 9 37 8 4 35 34 11 23 10 49 39 28 39 19 21 6 3 19 21 26 2 35 44 30 16 
37 41 1 3 18 43 49 45 27 7 19 32 2 38 8 0 24 37 16 18 36 45 31 46 12 11 3 35 41 18 43 19 7 27 25 29 27 21 22 30 44 20 27 39 12 25 13 19 19 28 
3 22 2 19 7 32 11 46 1 1 11 37 29 38 37 24 0 47 19 7 14 23 6 41 17 45 7 35 35 9 16 38 41 18 3 36 38 33 13 47 30 27 8 9 27 46 48 26 31 20 
43 38 25 20 26 42 38 6 38 3 34 17 17 16 27 37 47 0 38 35 5 44 40 38 45 16 32 18 28 19 18 22 26 46 23 8 9 42 29 45 49 12 25 7 32 15 36 30 42 19 
36 9 20 37 18 38 34 14 35 17 33 5 36 10 22 16 19 38 0 5 33 4 11 48 3 41 24 15 41 10 25 26 34 40 35 36 40 25 28 32 38 38 24 37 8 20 36 47 14 45 
46 13 20 22 24 4 39 19 13 24 42 10 44 46 27 18 7 35 5 0 3 25 43 16 10 30 13 36 49 37 42 21 23 13 10 28 15 48 4 1 18 1 28 10 30 19 20 37 23 25 
21 15 44 11 12 17 2 9 49 35 21 43 29 36 1 36 14 5 33 3 0 45 24 49 35 12 4 12 45 48 32 47 25 23 5 29 41 21 27 44 16 28 8 19 11 17 22 17 7 40 
27 4 44 31 24 35 23 10 12 18 22 25 35 5 13 45 23 44 4 25 45 0 37 15 17 35 12 39 11 5 48 34 38 15 31 47 1 21 15 46 27 34 35 39 39 38 40 22 6 41 
23 12 6 11 41 34 23 41 32 47 9 36 33 18 6 31 6 40 11 43 24 37 0 38 26 1 5 13 43 16 10 26 49 48 43 19 33 21 47 11 39 19 15 40 32 2 26 34 2 42 
14 37 48 12 7 44 26 36 40 24 18 20 13 3 31 46 41 38 48 16 49 15 38 0 2 14 5 40 13 40 43 11 39 36 15 47 15 30 9 23 21 22 31 34 14 21 26 48 26 44 
33 14 45 47 36 32 18 12 12 18 19 13 10 22 41 12 17 45 3 10 35 17 26 2 0 37 27 21 39 8 24 42 5 11 43 40 47 38 7 3 5 18 10 16 19 27 21 49 14 42 
41 20 21 8 7 12 31 30 40 36 38 30 28 40 9 11 45 16 41 30 12 35 1 14 37 0 22 28 20 38 10 31 27 46 43 18 49 49 20 35 15 14 30 42 27 25 28 30 46 20 
31 27 20 1 46 31 23 20 10 29 23 36 36 38 37 3 7 32 24 13 4 12 5 5 27 22 0 40 49 49 42 24 16 13 8 6 23 31 27 25 5 1 24 1 36 17 34 39 12 45 
36 2 13 43 34 6 18 32 1 49 35 15 5 32 8 35 35 18 15 36 12 39 13 40 21 28 40 0 8 39 6 19 20 1 7 44 8 10 12 21 38 32 2 36 31 43 17 28 20 9 
9 28 42 26 9 26 44 47 15 22 25 41 40 16 4 41 35 28 41 49 45 11 43 13 39 20 49 8 0 40 33 37 39 9 41 5 9 15 25 28 37 16 11 7 44 39 28 16 32 30 
43 24 2 45 26 31 46 26 37 2 34 17 6 8 35 18 9 19 10 37 48 5 16 40 8 38 49 39 40 0 30 3 49 45 12 42 3 44 43 32 23 46 49 42 22 17 31 22 31 15 
37 6 10 12 34 4 2 26 43 46 44 4 22 2 34 43 16 18 25 42 32 48 10 43 24 10 42 6 33 30 0 39 19 1 13 6 37 11 28 26 21 38 18 46 20 26 38 42 36 29 
9 6 31 26 6 48 44 34 35 37 40 1 32 44 11 19 38 22 26 21 47 34 26 11 42 31 24 19 37 3 39 0 31 19 41 31 6 27 12 19 9 23 22 46 35 7 21 5 21 17 
25 45 16 27 44 19 12 8 3 28 37 28 27 47 23 7 41 26 34 23 25 38 49 39 5 27 16 20 39 49 19 31 0 12 2 1 27 33 38 30 20 16 3 31 32 20 15 9 1 29 
36 32 49 1 19 26 8 44 47 42 18 35 12 1 10 27 18 46 40 13 23 15 48 36 11 46 13 1 9 45 1 19 12 0 41 11 48 42 29 40 49 1 30 19 47 4 37 10 17 4 
13 6 28 31 41 4 19 34 41 27 15 8 27 32 49 25 3 23 35 10 5 31 43 15 43 43 8 7 41 12 13 41 2 41 0 45 23 10 33 45 49 38 30 12 10 34 3 40 6 47 
42 32 26 41 39 8 25 49 2 36 13 37 45 8 39 29 36 8 36 28 29 47 19 47 40 18 6 44 5 42 6 31 1 11 45 0 11 21 6 30 2 34 48 15 47 45 49 33 32 46 
24 12 22 18 16 19 16 21 24 32 48 2 31 46 28 27 38 9 40 15 41 1 33 15 47 49 23 8 9 3 37 6 27 48 23 11 0 23 47 40 22 12 25 27 38 34 33 26 30 7 
21 5 43 26 13 13 33 8 14 3 18 40 14 13 39 21 33 42 25 48 21 21 21 30 38 49 31 10 15 44 11 27 33 42 10 21 23 0 34 16 41 46 46 23 6 36 38 20 45 29 
4 31 18 9 10 19 44 15 28 16 43 27 10 36 19 22 13 29 28 4 27 15 47 9 7 20 27 12 25 43 28 12 38 29 33 6 47 34 0 12 47 17 41 3 29 14 22 9 26 15 
5 1 30 24 5 41 47 33 7 5 32 25 45 21 21 30 47 45 32 1 44 46 11 23 3 35 25 21 28 32 26 19 30 40 45 30 40 16 12 0 1 44 35 27 36 6 18 13 23 20 
1 12 49 5 41 16 40 47 1 36 38 23 6 17 6 44 30 49 38 18 16 27 39 21 5 15 5 38 37 23 21 9 20 49 49 2 22 41 47 1 0 17 10 14 31 15 35 16 8 38 
1 19 9 35 29 18 1 41 44 43 47 27 35 35 3 20 27 12 38 1 28 34 19 22 18 14 1 32 16 46 38 23 16 1 38 34 12 46 17 44 17 0 33 48 15 33 9 38 24 22 
43 39 44 25 14 36 2 2 36 25 31 35 43 21 19 27 8 25 24 28 8 35 15 31 10 30 24 2 11 49 18 22 3 30 30 48 25 46 41 35 10 33 0 35 19 19 24 46 32 8 
20 48 17 42 33 35 8 13 6 20 47 44 35 8 21 39 9 7 37 10 19 39 40 34 16 42 1 36 7 42 46 46 31 19 12 15 27 23 3 27 14 48 35 0 17 28 3 27 18 29 
4 1 39 34 45 30 15 23 1 24 37 11 40 28 26 12 27 32 8 30 11 39 32 14 19 27 36 31 44 22 20 35 32 47 10 47 38 6 29 36 31 15 19 17 0 16 45 17 41 28 
28 17 6 38 20 9 43 11 12 17 5 29 35 45 2 25 46 15 20 19 17 38 2 21 27 25 17 43 39 17 26 7 20 4 34 45 34 36 14 6 15 33 19 28 16 0 15 31 28 28 
46 39 31 4 27 18 33 14 14 14 38 49 1 11 35 13 48 36 36 20 22 40 26 26 21 28 34 17 28 31 38 21 15 37 3 49 33 38 22 18 35 9 24 3 45 15 0 44 44 47 
33 5 19 46 39 34 16 49 39 45 3 44 5 44 44 19 26 30 47 37 17 22 34 48 49 30 39 28 16 22 42 5 9 10 40 33 26 20 9 13 16 38 46 27 17 31 44 0 12 12 
11 39 48 17 38 14 2 20 48 38 46 38 46 34 30 19 31 42 14 23 7 6 2 26 14 46 12 20 32 31 36 21 1 17 6 32 30 45 26 23 8 24 32 18 41 28 44 12 0 43 
28 49 14 42 40 31 25 26 39 24 41 42 19 7 16 28 20 19 45 25 40 41 42 44 42 20 45 9 30 15 29 17 29 4 47 46 7 29 15 20 38 22 8 29 28 28 47 12 43 0 
