0 43 11 30 32 36 13 31 49 30 7 5 24 37 32 25 42 3 23 33 11 13 3 29 1 48 22 5 24 34 19 24 44 6 48 8 42 29 2 35 7 32 22 49 1 10 4 28 16 14 
43 0 24 6 43 23 47 26 8 38 29 33 24 29 28 34 45 19 9 43 1 39 22 13 43 46 29 5 31 48 36 31 47 23 9 17 40 12 13 15 27 15 34 9 13 48 6 32 47 4 
11 24 0 27 10 34 4 9 28 3 27 30 3 23 7 44 21 45 3 17 17 25 5 45 12 25 2 5 46 3 5 3 30 23 30 22 40 25 20 46 35 8 46 7 32 20 29 3 3 28 
30 6 27 0 45 24 36 25 32 43 30 33 43 13 35 10 25 20 19 16 41 45 7 32 10 28 15 48 34 6 27 44 27 34 10 9 32 43 44 30 41 25 12 5 37 6 8 32 49 9 
32 43 10 45 0 7 40 42 42 32 12 36 5 24 27 17 48 27 35 5 33 47 15 16 4 7 7 8 23 39 23 17 20 6 18 34 10 17 10 16 11 1 44 22 42 49 4 16 6 11 
36 23 34 24 7 0 33 24 28 28 41 21 27 13 25 25 14 3 23 15 5 12 32 1 28 4 11 8 3 48 6 43 2 4 30 4 15 15 13 30 19 25 35 26 2 8 19 32 47 3 
13 47 4 36 40 33 0 10 34 27 38 48 47 42 42 27 44 49 23 35 24 40 40 49 45 43 2 39 9 35 26 44 23 42 33 32 10 48 15 37 49 9 36 2 9 40 19 38 24 12 
31 26 9 25 42 24 10 0 12 43 31 32 5 2 25 28 8 8 15 21 28 24 28 23 38 29 43 1 49 42 16 38 32 38 14 21 13 14 19 45 8 32 41 24 15 33 9 2 2 32 
49 8 28 32 42 28 34 12 0 40 6 4 31 31 25 44 18 38 13 44 12 13 20 37 41 7 44 1 43 46 21 2 21 48 21 45 41 19 20 13 30 26 36 23 18 37 28 3 3 41 
30 38 3 43 32 28 27 43 40 0 49 3 34 40 32 25 26 20 36 12 15 18 13 22 12 49 23 28 30 38 14 35 39 26 39 44 2 30 28 26 5 25 21 2 33 23 18 44 43 29 
7 29 27 30 12 41 38 31 6 49 0 30 33 40 32 21 21 23 37 9 43 18 5 40 45 25 3 41 3 16 41 19 3 28 34 24 16 18 40 29 4 27 40 3 28 45 14 5 27 6 
5 33 30 33 36 21 48 32 4 3 30 0 8 26 35 12 35 20 27 42 13 29 26 19 4 28 4 30 31 9 26 39 44 1 22 13 30 43 27 13 27 18 11 26 31 23 1 21 41 23 
24 24 3 43 5 27 47 5 31 34 33 8 0 32 28 1 10 5 2 2 35 14 40 39 33 28 36 46 44 27 29 6 36 34 40 3 36 7 21 14 46 26 9 15 44 29 28 43 3 46 
37 29 23 13 24 13 42 2 31 40 40 26 32 0 16 43 42 5 26 12 48 9 32 15 1 45 6 10 11 8 45 37 5 19 22 49 12 46 12 33 41 41 21 23 12 32 5 8 29 5 
32 28 7 35 27 25 42 25 25 32 32 35 28 16 0 32 15 41 42 37 49 46 48 16 22 48 43 25 24 44 25 48 30 36 22 33 2 44 28 27 26 40 24 2 32 10 36 18 10 46 
25 34 44 10 17 25 27 28 44 25 21 12 1 43 32 0 2 20 33 2 21 4 30 16 20 38 33 42 36 21 21 29 12 46 30 8 38 1 22 30 2 41 48 12 31 4 48 49 31 26 
42 45 21 25 48 14 44 8 18 26 21 35 10 42 15 2 0 25 42 17 42 20 4 43 17 27 15 46 41 24 7 12 31 33 30 1 16 36 45 35 12 4 15 12 38 29 42 49 44 27 
3 19 45 20 27 3 49 8 38 20 23 20 5 5 41 20 25 0 43 19 20 48 38 34 47 10 5 4 40 16 4 1 47 3 5 44 4 16 26 40 6 10 24 17 11 46 31 35 40 27 
23 9 3 19 35 23 23 15 13 36 37 27 2 26 42 33 42 43 0 45 19 17 38 11 39 22 27 25 48 20 18 25 23 25 19 43 35 44 36 44 8 27 4 46 38 9 32 13 14 31 
33 43 17 16 5 15 35 21 44 12 9 42 2 12 37 2 17 19 45 0 37 10 46 4 38 27 9 21 24 40 7 33 22 37 25 34 10 3 36 44 36 40 40 10 6 44 34 45 11 3 
11 1 17 41 33 5 24 28 12 15 43 13 35 48 49 21 42 20 19 37 0 20 37 21 13 37 28 25 31 1 40 17 9 41 22 18 16 44 12 46 41 33 44 13 41 35 29 26 36 1 
13 39 25 45 47 12 40 24 13 18 18 29 14 9 46 4 20 48 17 10 20 0 3 16 21 45 32 26 17 32 16 48 28 10 25 12 31 44 5 12 22 21 48 38 22 8 12 10 14 47 
3 22 5 7 15 32 40 28 20 13 5 26 40 32 48 30 4 38 38 46 37 3 0 12 21 14 5 44 49 20 26 39 21 18 18 33 12 40 27 44 45 48 39 44 7 19 14 11 41 7 
29 13 45 32 16 1 49 23 37 22 40 19 39 15 16 16 43 34 11 4 21 16 12 0 42 9 49 11 22 10 41 30 47 16 3 43 18 17 10 46 10 8 19 16 43 8 47 22 13 49 
1 43 12 10 4 28 45 38 41 12 45 4 33 1 22 20 17 47 39 38 13 21 21 42 0 44 33 37 48 18 20 27 15 5 35 36 28 40 16 49 11 25 24 30 5 39 26 34 48 29 
48 46 25 28 7 4 43 29 7 49 25 28 28 45 48 38 27 10 22 27 37 45 14 9 44 0 39 33 43 37 23 35 17 11 33 34 30 19 39 8 45 30 3 15 15 42 42 46 6 46 
22 29 2 15 7 11 2 43 44 23 3 4 36 6 43 33 15 5 27 9 28 32 5 49 33 39 0 32 12 5 38 7 18 46 47 24 40 26 21 21 6 28 46 12 49 44 45 27 5 49 
5 5 5 48 8 8 39 1 1 28 41 30 46 10 25 42 46 4 25 21 25 26 44 11 37 33 32 0 31 33 22 39 28 43 11 21 43 41 17 40 13 3 12 10 49 45 5 31 14 3 
24 31 46 34 23 3 9 49 43 30 3 31 44 11 24 36 41 40 48 24 31 17 49 22 48 43 12 31 0 31 14 40 7 7 34 11 48 43 44 36 29 2 21 28 29 16 33 43 39 48 
34 48 3 6 39 48 35 42 46 38 16 9 27 8 44 21 24 16 20 40 1 32 20 10 18 37 5 33 31 0 30 16 4 13 11 31 30 45 27 23 9 30 6 4 28 18 18 19 40 40 
19 36 5 27 23 6 26 16 21 14 41 26 29 45 25 21 7 4 18 7 40 16 26 41 20 23 38 22 14 30 0 32 32 14 35 5 34 46 35 36 14 1 10 49 28 27 19 41 41 28 
24 31 3 44 17 43 44 38 2 35 19 39 6 37 48 29 12 1 25 33 17 48 39 30 27 35 7 39 40 16 32 0 33 37 26 33 47 33 38 7 8 44 43 14 7 46 1 45 1 5 
44 47 30 27 20 2 23 32 21 39 3 44 36 5 30 12 31 47 23 22 9 28 21 47 15 17 18 28 7 4 32 33 0 38 2 47 35 38 20 44 27 4 31 43 7 8 12 21 36 24 
6 23 23 34 6 4 42 38 48 26 28 1 34 19 36 46 33 3 25 37 41 10 18 16 5 11 46 43 7 13 14 37 38 0 17 21 49 20 29 3 37 16 24 10 1 21 11 15 25 39 
48 9 30 10 18 30 33 14 21 39 34 22 40 22 22 30 30 5 19 25 22 25 18 3 35 33 47 11 34 11 35 26 2 17 0 25 40 12 15 24 37 17 18 23 10 29 4 47 16 1 
8 17 22 9 34 4 32 21 45 44 24 13 3 49 33 8 1 44 43 34 18 12 33 43 36 34 24 21 11 31 5 33 47 21 25 0 20 8 24 3 43 14 19 9 26 3 32 7 15 3 
42 40 40 32 10 15 10 13 41 2 16 30 36 12 2 38 16 4 35 10 16 31 12 18 28 30 40 43 48 30 34 47 35 49 40 20 0 25 38 43 26 4 25 7 17 49 30 19 21 48 
29 12 25 43 17 15 48 14 19 30 18 43 7 46 44 1 36 16 44 3 44 44 40 17 40 19 26 41 43 45 46 33 38 20 12 8 25 0 35 45 10 3 27 44 39 23 42 26 17 34 
2 13 20 44 10 13 15 19 20 28 40 27 21 12 28 22 45 26 36 36 12 5 27 10 16 39 21 17 44 27 35 38 20 29 15 24 38 35 0 34 35 42 39 39 2 3 7 38 44 25 
35 15 46 30 16 30 37 45 13 26 29 13 14 33 27 30 35 40 44 44 46 12 44 46 49 8 21 40 36 23 36 7 44 3 24 3 43 45 34 0 31 19 20 44 34 18 2 19 35 10 
7 27 35 41 11 19 49 8 30 5 4 27 46 41 26 2 12 6 8 36 41 22 45 10 11 45 6 13 29 9 14 8 27 37 37 43 26 10 35 31 0 12 24 44 1 16 1 18 23 28 
32 15 8 25 1 25 9 32 26 25 27 18 26 41 40 41 4 10 27 40 33 21 48 8 25 30 28 3 2 30 1 44 4 16 17 14 4 3 42 19 12 0 6 20 39 43 42 33 19 46 
22 34 46 12 44 35 36 41 36 21 40 11 9 21 24 48 15 24 4 40 44 48 39 19 24 3 46 12 21 6 10 43 31 24 18 19 25 27 39 20 24 6 0 18 36 42 28 33 19 19 
49 9 7 5 22 26 2 24 23 2 3 26 15 23 2 12 12 17 46 10 13 38 44 16 30 15 12 10 28 4 49 14 43 10 23 9 7 44 39 44 44 20 18 0 6 21 25 31 42 42 
1 13 32 37 42 2 9 15 18 33 28 31 44 12 32 31 38 11 38 6 41 22 7 43 5 15 49 49 29 28 28 7 7 1 10 26 17 39 2 34 1 39 36 6 0 16 40 3 22 15 
10 48 20 6 49 8 40 33 37 23 45 23 29 32 10 4 29 46 9 44 35 8 19 8 39 42 44 45 16 18 27 46 8 21 29 3 49 23 3 18 16 43 42 21 16 0 11 45 33 42 
4 6 29 8 4 19 19 9 28 18 14 1 28 5 36 48 42 31 32 34 29 12 14 47 26 42 45 5 33 18 19 1 12 11 4 32 30 42 7 2 1 42 28 25 40 11 0 5 30 11 
28 32 3 32 16 32 38 2 3 44 5 21 43 8 18 49 49 35 13 45 26 10 11 22 34 46 27 31 43 19 41 45 21 15 47 7 19 26 38 19 18 33 33 31 3 45 5 0 36 22 
16 47 3 49 6 47 24 2 3 43 27 41 3 29 10 31 44 40 14 11 36 14 41 13 48 6 5 14 39 40 41 1 36 25 16 15 21 17 44 35 23 19 19 42 22 33 30 36 0 35 
14 4 28 9 11 3 12 32 41 29 6 23 46 5 46 26 27 27 31 3 1 47 7 49 29 46 49 3 48 40 28 5 24 39 1 3 48 34 25 10 28 46 19 42 15 42 11 22 35 0 
