0 29 39 20 34 25 25 48 9 27 37 49 37 42 10 15 15 36 13 40 40 23 47 33 20 12 17 46 10 33 16 14 14 18 16 41 11 2 1 44 21 13 3 40 47 40 39 5 17 2 
29 0 36 14 26 4 2 18 11 46 7 37 14 42 29 29 24 30 16 9 1 41 20 20 41 24 44 46 40 1 16 6 6 22 38 32 40 16 38 42 22 27 24 8 36 49 29 24 34 35 
39 36 0 8 44 32 45 44 21 6 42 25 7 40 1 5 5 42 26 15 30 28 44 16 29 37 3 33 49 37 23 7 49 11 3 38 41 31 16 46 15 37 10 3 16 1 38 49 22 30 
20 14 8 0 14 9 16 33 4 39 32 42 35 42 31 12 2 10 11 49 13 6 6 22 30 32 25 18 17 17 42 22 38 7 34 4 11 9 29 37 45 8 20 4 45 2 47 15 21 12 
34 26 44 14 0 15 43 13 11 7 26 18 22 10 32 44 11 9 23 23 17 48 2 18 43 23 23 29 17 23 19 22 29 24 42 20 5 11 8 32 15 17 7 11 32 33 48 29 6 25 
25 4 32 9 15 0 10 40 17 47 10 31 13 33 7 17 17 29 26 18 14 26 47 33 28 43 30 36 32 18 5 10 6 13 45 10 36 48 22 4 43 31 25 32 37 9 48 27 14 45 
25 2 45 16 43 10 0 41 34 36 33 48 3 41 8 15 7 5 45 42 16 9 42 26 48 26 39 20 43 14 8 43 37 16 14 30 1 31 44 48 43 31 40 37 9 25 45 20 7 30 
48 18 44 33 13 40 41 0 44 24 27 33 24 41 48 2 46 12 38 12 9 40 31 2 34 20 2 46 36 41 2 11 40 8 47 41 32 8 30 29 17 26 13 6 23 31 12 44 20 2 
9 11 21 4 11 17 34 44 0 13 11 21 1 6 14 16 34 27 13 32 6 4 1 24 17 45 49 41 40 49 48 31 48 8 37 21 40 15 5 18 8 20 43 44 15 28 10 25 4 30 
27 46 6 39 7 47 36 24 13 0 25 1 20 14 19 42 49 31 32 24 35 5 30 7 24 39 34 11 26 8 12 13 14 43 41 22 47 35 10 11 31 49 29 23 39 37 36 3 21 47 
37 7 42 32 26 10 33 27 11 25 0 4 48 20 47 41 21 8 6 37 38 3 25 9 42 9 27 47 44 10 33 44 30 47 30 47 31 33 9 5 29 41 9 4 10 7 37 38 47 23 
49 37 25 42 18 31 48 33 21 1 4 0 37 18 23 27 45 17 6 3 45 4 27 25 16 1 43 11 6 34 2 8 44 6 3 5 46 10 38 42 1 32 24 23 28 5 7 14 2 24 
37 14 7 35 22 13 3 24 1 20 48 37 0 2 13 19 46 21 18 29 20 42 27 7 42 24 39 42 44 20 1 44 1 19 22 25 8 14 15 7 13 9 30 29 44 33 5 14 38 44 
42 42 40 42 10 33 41 41 6 14 20 18 2 0 30 45 32 40 25 16 27 5 26 17 9 44 32 14 8 8 3 13 41 10 32 20 46 9 19 7 7 1 37 39 6 23 12 23 15 47 
10 29 1 31 32 7 8 48 14 19 47 23 13 30 0 18 45 39 15 29 25 3 28 7 14 28 18 13 42 5 18 2 13 22 42 27 48 45 8 39 10 32 33 45 29 11 8 19 13 12 
15 29 5 12 44 17 15 2 16 42 41 27 19 45 18 0 13 31 19 38 26 29 19 9 21 27 18 18 41 36 4 17 16 11 6 42 40 47 43 41 49 5 48 35 45 9 26 32 9 18 
15 24 5 2 11 17 7 46 34 49 21 45 46 32 45 13 0 15 8 39 28 9 12 31 13 3 24 42 16 37 25 32 13 8 44 29 12 30 46 44 16 23 15 12 25 37 40 7 5 11 
36 30 42 10 9 29 5 12 27 31 8 17 21 40 39 31 15 0 10 6 47 18 27 30 36 21 23 27 13 42 21 2 3 34 36 45 12 13 26 15 33 24 22 2 6 49 20 42 46 13 
13 16 26 11 23 26 45 38 13 32 6 6 18 25 15 19 8 10 0 6 17 25 12 41 15 38 41 39 32 12 47 4 6 28 7 43 6 35 10 7 30 7 2 46 1 17 13 19 18 23 
40 9 15 49 23 18 42 12 32 24 37 3 29 16 29 38 39 6 6 0 18 6 23 30 2 22 41 28 9 41 37 47 22 43 24 31 2 11 7 40 20 25 11 23 33 1 32 40 25 6 
40 1 30 13 17 14 16 9 6 35 38 45 20 27 25 26 28 47 17 18 0 27 12 48 8 24 35 4 10 2 22 48 21 48 12 3 10 33 9 34 47 40 36 24 30 4 41 20 36 23 
23 41 28 6 48 26 9 40 4 5 3 4 42 5 3 29 9 18 25 6 27 0 10 11 10 17 15 37 31 34 25 27 5 47 23 26 37 25 28 43 19 46 48 38 16 9 48 17 26 37 
47 20 44 6 2 47 42 31 1 30 25 27 27 26 28 19 12 27 12 23 12 10 0 39 27 4 33 46 28 23 31 5 12 30 28 15 27 48 17 21 19 1 11 4 36 13 9 36 17 21 
33 20 16 22 18 33 26 2 24 7 9 25 7 17 7 9 31 30 41 30 48 11 39 0 49 5 6 4 45 45 34 7 31 29 33 32 5 3 22 47 13 18 18 15 8 30 48 33 35 4 
20 41 29 30 43 28 48 34 17 24 42 16 42 9 14 21 13 36 15 2 8 10 27 49 0 43 3 8 17 48 41 25 18 42 47 22 5 36 37 24 45 11 39 5 44 38 23 19 25 11 
12 24 37 32 23 43 26 20 45 39 9 1 24 44 28 27 3 21 38 22 24 17 4 5 43 0 46 21 13 20 2 31 8 36 22 41 6 3 25 46 20 30 34 36 26 4 46 48 38 14 
17 44 3 25 23 30 39 2 49 34 27 43 39 32 18 18 24 23 41 41 35 15 33 6 3 46 0 30 36 44 27 14 43 33 23 13 22 10 48 14 32 19 7 1 40 22 46 20 47 37 
46 46 33 18 29 36 20 46 41 11 47 11 42 14 13 18 42 27 39 28 4 37 46 4 8 21 30 0 4 20 38 20 49 23 26 49 49 48 24 25 41 29 44 7 30 5 22 8 46 2 
10 40 49 17 17 32 43 36 40 26 44 6 44 8 42 41 16 13 32 9 10 31 28 45 17 13 36 4 0 27 35 36 16 33 16 46 6 12 35 18 32 40 46 12 17 6 4 30 1 27 
33 1 37 17 23 18 14 41 49 8 10 34 20 8 5 36 37 42 12 41 2 34 23 45 48 20 44 20 27 0 31 26 11 11 35 18 10 44 44 16 18 12 47 26 44 24 26 28 19 18 
16 16 23 42 19 5 8 2 48 12 33 2 1 3 18 4 25 21 47 37 22 25 31 34 41 2 27 38 35 31 0 5 48 36 46 22 14 18 40 28 49 45 32 36 18 45 8 26 34 41 
14 6 7 22 22 10 43 11 31 13 44 8 44 13 2 17 32 2 4 47 48 27 5 7 25 31 14 20 36 26 5 0 8 3 32 27 1 15 37 39 3 20 9 5 13 22 26 45 42 24 
14 6 49 38 29 6 37 40 48 14 30 44 1 41 13 16 13 3 6 22 21 5 12 31 18 8 43 49 16 11 48 8 0 30 31 20 28 5 18 31 46 2 31 23 9 39 5 43 41 7 
18 22 11 7 24 13 16 8 8 43 47 6 19 10 22 11 8 34 28 43 48 47 30 29 42 36 33 23 33 11 36 3 30 0 34 26 4 40 27 31 45 22 41 48 9 3 7 27 34 19 
16 38 3 34 42 45 14 47 37 41 30 3 22 32 42 6 44 36 7 24 12 23 28 33 47 22 23 26 16 35 46 32 31 34 0 4 22 19 34 34 44 15 46 4 18 15 37 12 23 33 
41 32 38 4 20 10 30 41 21 22 47 5 25 20 27 42 29 45 43 31 3 26 15 32 22 41 13 49 46 18 22 27 20 26 4 0 39 38 7 8 7 39 14 22 4 1 42 20 38 11 
11 40 41 11 5 36 1 32 40 47 31 46 8 46 48 40 12 12 6 2 10 37 27 5 5 6 22 49 6 10 14 1 28 4 22 39 0 11 47 49 17 37 44 13 41 8 34 7 24 33 
2 16 31 9 11 48 31 8 15 35 33 10 14 9 45 47 30 13 35 11 33 25 48 3 36 3 10 48 12 44 18 15 5 40 19 38 11 0 19 29 25 27 35 49 6 29 26 45 43 3 
1 38 16 29 8 22 44 30 5 10 9 38 15 19 8 43 46 26 10 7 9 28 17 22 37 25 48 24 35 44 40 37 18 27 34 7 47 19 0 32 21 8 19 17 27 15 19 14 27 41 
44 42 46 37 32 4 48 29 18 11 5 42 7 7 39 41 44 15 7 40 34 43 21 47 24 46 14 25 18 16 28 39 31 31 34 8 49 29 32 0 26 33 36 46 29 21 43 2 22 41 
21 22 15 45 15 43 43 17 8 31 29 1 13 7 10 49 16 33 30 20 47 19 19 13 45 20 32 41 32 18 49 3 46 45 44 7 17 25 21 26 0 35 43 23 15 48 18 17 21 32 
13 27 37 8 17 31 31 26 20 49 41 32 9 1 32 5 23 24 7 25 40 46 1 18 11 30 19 29 40 12 45 20 2 22 15 39 37 27 8 33 35 0 48 49 7 26 11 34 46 9 
3 24 10 20 7 25 40 13 43 29 9 24 30 37 33 48 15 22 2 11 36 48 11 18 39 34 7 44 46 47 32 9 31 41 46 14 44 35 19 36 43 48 0 39 19 44 11 32 49 23 
40 8 3 4 11 32 37 6 44 23 4 23 29 39 45 35 12 2 46 23 24 38 4 15 5 36 1 7 12 26 36 5 23 48 4 22 13 49 17 46 23 49 39 0 37 23 10 13 44 14 
47 36 16 45 32 37 9 23 15 39 10 28 44 6 29 45 25 6 1 33 30 16 36 8 44 26 40 30 17 44 18 13 9 9 18 4 41 6 27 29 15 7 19 37 0 49 45 36 7 9 
40 49 1 2 33 9 25 31 28 37 7 5 33 23 11 9 37 49 17 1 4 9 13 30 38 4 22 5 6 24 45 22 39 3 15 1 8 29 15 21 48 26 44 23 49 0 23 14 44 42 
39 29 38 47 48 48 45 12 10 36 37 7 5 12 8 26 40 20 13 32 41 48 9 48 23 46 46 22 4 26 8 26 5 7 37 42 34 26 19 43 18 11 11 10 45 23 0 12 28 20 
5 24 49 15 29 27 20 44 25 3 38 14 14 23 19 32 7 42 19 40 20 17 36 33 19 48 20 8 30 28 26 45 43 27 12 20 7 45 14 2 17 34 32 13 36 14 12 0 37 11 
17 34 22 21 6 14 7 20 4 21 47 2 38 15 13 9 5 46 18 25 36 26 17 35 25 38 47 46 1 19 34 42 41 34 23 38 24 43 27 22 21 46 49 44 7 44 28 37 0 41 
2 35 30 12 25 45 30 2 30 47 23 24 44 47 12 18 11 13 23 6 23 37 21 4 11 14 37 2 27 18 41 24 7 19 33 11 33 3 41 41 32 9 23 14 9 42 20 11 41 0 
