0 4 29 29 31 19 29 24 40 43 20 31 15 36 9 14 28 25 48 45 34 2 13 6 29 22 18 16 47 42 13 40 44 5 22 20 22 18 23 26 35 6 3 45 22 7 7 5 49 9 
4 0 30 33 3 34 25 47 21 15 2 34 25 21 36 33 6 39 41 5 19 9 17 24 30 16 5 31 41 44 36 6 45 30 6 36 14 43 6 24 3 45 26 28 34 31 25 42 30 35 
29 30 0 13 9 11 29 1 24 32 4 42 14 47 7 9 25 3 14 37 1 8 13 33 36 23 29 11 46 12 36 24 15 38 29 20 25 24 18 33 39 41 27 26 19 49 3 39 24 26 
29 33 13 0 27 42 3 41 34 23 11 20 33 3 27 40 38 38 13 12 29 45 45 1 14 27 2 47 5 26 33 35 45 16 2 19 17 33 28 42 8 9 49 15 2 7 30 37 37 44 
31 3 9 27 0 40 24 34 31 44 21 46 34 14 22 45 29 12 2 49 17 40 28 48 17 26 9 26 26 46 4 28 16 12 11 22 22 16 2 7 30 38 37 43 5 32 12 39 42 35 
19 34 11 42 40 0 43 33 6 34 4 45 15 4 9 18 3 12 21 49 45 16 47 21 45 14 7 31 43 19 4 6 14 30 10 24 42 2 2 9 10 23 7 37 21 5 38 10 39 16 
29 25 29 3 24 43 0 16 8 27 27 10 15 31 25 45 3 39 41 27 24 15 6 8 12 25 17 22 5 28 43 17 48 31 34 35 8 19 24 35 31 12 34 20 16 35 35 42 47 5 
24 47 1 41 34 33 16 0 30 8 33 42 24 38 35 23 16 3 47 4 3 28 20 31 34 5 15 29 27 19 27 21 30 18 25 29 35 6 23 43 12 7 37 14 35 34 13 43 10 43 
40 21 24 34 31 6 8 30 0 40 2 15 6 30 41 5 44 10 31 25 29 7 23 23 39 26 6 19 39 2 42 1 48 43 46 10 2 19 41 26 47 20 8 16 23 40 12 46 31 43 
43 15 32 23 44 34 27 8 40 0 30 16 36 16 19 34 8 23 12 46 16 24 40 31 16 19 5 31 35 39 6 38 30 10 42 27 8 47 22 7 24 17 4 32 26 46 41 11 41 38 
20 2 4 11 21 4 27 33 2 30 0 20 47 10 9 17 10 35 43 32 15 9 2 29 5 40 32 1 45 25 11 23 39 6 38 36 26 25 10 39 15 42 36 7 5 21 13 26 8 48 
31 34 42 20 46 45 10 42 15 16 20 0 47 30 12 24 17 25 47 21 45 8 37 24 44 44 41 25 3 16 28 1 28 46 27 13 46 16 36 12 45 41 18 31 5 14 27 35 43 6 
15 25 14 33 34 15 15 24 6 36 47 47 0 18 49 20 35 22 19 2 7 45 8 30 32 40 11 33 9 12 5 1 36 32 33 15 12 32 29 25 40 29 43 3 45 31 21 23 39 45 
36 21 47 3 14 4 31 38 30 16 10 30 18 0 7 3 26 20 29 22 30 11 16 46 22 10 10 44 21 2 10 27 19 10 7 1 28 32 48 20 20 41 18 44 24 6 34 15 13 25 
9 36 7 27 22 9 25 35 41 19 9 12 49 7 0 39 48 32 46 38 14 46 34 46 44 21 28 25 37 18 6 3 17 7 25 44 42 4 45 6 10 28 21 33 17 7 11 17 29 38 
14 33 9 40 45 18 45 23 5 34 17 24 20 3 39 0 3 16 7 12 39 26 28 40 43 7 43 39 7 25 2 6 21 42 10 19 10 42 5 22 22 26 42 41 5 6 7 39 28 11 
28 6 25 38 29 3 3 16 44 8 10 17 35 26 48 3 0 31 24 36 1 24 1 46 19 9 30 10 29 5 44 20 49 19 17 25 7 21 46 15 47 16 20 5 42 23 37 7 39 20 
25 39 3 38 12 12 39 3 10 23 35 25 22 20 32 16 31 0 17 33 29 21 11 3 9 15 21 5 19 15 18 49 47 25 44 15 5 25 25 38 7 42 37 48 4 28 32 12 25 44 
48 41 14 13 2 21 41 47 31 12 43 47 19 29 46 7 24 17 0 27 22 40 18 23 6 25 4 5 3 37 1 19 29 6 5 4 46 15 35 29 18 1 24 24 39 33 47 40 14 37 
45 5 37 12 49 49 27 4 25 46 32 21 2 22 38 12 36 33 27 0 14 33 6 32 20 14 7 10 2 34 17 19 45 14 8 22 39 31 10 28 6 39 47 9 26 38 47 29 29 14 
34 19 1 29 17 45 24 3 29 16 15 45 7 30 14 39 1 29 22 14 0 17 5 10 48 26 29 30 45 31 34 27 46 32 17 27 14 32 3 21 30 1 49 23 42 45 37 14 29 9 
2 9 8 45 40 16 15 28 7 24 9 8 45 11 46 26 24 21 40 33 17 0 11 7 33 38 18 44 30 29 48 30 28 10 3 6 37 47 42 35 7 3 22 30 5 26 43 13 19 45 
13 17 13 45 28 47 6 20 23 40 2 37 8 16 34 28 1 11 18 6 5 11 0 35 3 7 8 18 27 32 28 27 19 9 46 16 27 21 17 13 16 1 42 13 6 35 24 13 36 45 
6 24 33 1 48 21 8 31 23 31 29 24 30 46 46 40 46 3 23 32 10 7 35 0 11 21 25 7 16 1 24 11 2 10 33 47 23 16 1 15 9 4 39 5 35 48 10 38 44 20 
29 30 36 14 17 45 12 34 39 16 5 44 32 22 44 43 19 9 6 20 48 33 3 11 0 49 15 43 16 1 9 11 27 20 20 27 28 46 36 32 40 29 43 8 29 6 7 10 47 33 
22 16 23 27 26 14 25 5 26 19 40 44 40 10 21 7 9 15 25 14 26 38 7 21 49 0 35 40 6 28 9 41 27 15 2 48 21 7 30 47 40 15 1 44 45 48 3 46 32 20 
18 5 29 2 9 7 17 15 6 5 32 41 11 10 28 43 30 21 4 7 29 18 8 25 15 35 0 14 24 33 12 35 41 8 38 3 15 41 4 48 4 47 21 14 48 19 37 16 15 29 
16 31 11 47 26 31 22 29 19 31 1 25 33 44 25 39 10 5 5 10 30 44 18 7 43 40 14 0 12 5 38 46 1 30 42 45 5 32 46 12 42 6 6 38 18 26 30 48 44 16 
47 41 46 5 26 43 5 27 39 35 45 3 9 21 37 7 29 19 3 2 45 30 27 16 16 6 24 12 0 46 37 26 22 49 11 31 20 8 27 25 5 14 7 48 14 28 20 2 32 33 
42 44 12 26 46 19 28 19 2 39 25 16 12 2 18 25 5 15 37 34 31 29 32 1 1 28 33 5 46 0 34 3 36 26 17 48 21 40 40 27 10 44 20 34 38 8 23 13 26 40 
13 36 36 33 4 4 43 27 42 6 11 28 5 10 6 2 44 18 1 17 34 48 28 24 9 9 12 38 37 34 0 9 37 34 27 16 16 30 37 34 14 33 12 47 29 4 13 22 21 20 
40 6 24 35 28 6 17 21 1 38 23 1 1 27 3 6 20 49 19 19 27 30 27 11 11 41 35 46 26 3 9 0 15 15 48 36 44 41 29 5 16 30 8 16 49 32 28 34 43 27 
44 45 15 45 16 14 48 30 48 30 39 28 36 19 17 21 49 47 29 45 46 28 19 2 27 27 41 1 22 36 37 15 0 31 18 12 20 19 40 29 23 39 36 39 14 39 5 22 31 20 
5 30 38 16 12 30 31 18 43 10 6 46 32 10 7 42 19 25 6 14 32 10 9 10 20 15 8 30 49 26 34 15 31 0 13 4 6 28 23 34 17 3 12 35 47 2 22 17 48 4 
22 6 29 2 11 10 34 25 46 42 38 27 33 7 25 10 17 44 5 8 17 3 46 33 20 2 38 42 11 17 27 48 18 13 0 12 22 10 5 3 28 15 44 30 17 36 46 5 42 6 
20 36 20 19 22 24 35 29 10 27 36 13 15 1 44 19 25 15 4 22 27 6 16 47 27 48 3 45 31 48 16 36 12 4 12 0 15 19 17 45 4 43 32 20 49 29 16 28 4 27 
22 14 25 17 22 42 8 35 2 8 26 46 12 28 42 10 7 5 46 39 14 37 27 23 28 21 15 5 20 21 16 44 20 6 22 15 0 9 40 11 4 49 35 2 30 1 2 25 37 49 
18 43 24 33 16 2 19 6 19 47 25 16 32 32 4 42 21 25 15 31 32 47 21 16 46 7 41 32 8 40 30 41 19 28 10 19 9 0 48 6 15 11 45 11 42 22 28 32 13 24 
23 6 18 28 2 2 24 23 41 22 10 36 29 48 45 5 46 25 35 10 3 42 17 1 36 30 4 46 27 40 37 29 40 23 5 17 40 48 0 30 19 6 17 39 15 1 41 11 9 31 
26 24 33 42 7 9 35 43 26 7 39 12 25 20 6 22 15 38 29 28 21 35 13 15 32 47 48 12 25 27 34 5 29 34 3 45 11 6 30 0 13 25 31 37 18 19 40 32 15 47 
35 3 39 8 30 10 31 12 47 24 15 45 40 20 10 22 47 7 18 6 30 7 16 9 40 40 4 42 5 10 14 16 23 17 28 4 4 15 19 13 0 46 29 42 11 7 13 32 18 43 
6 45 41 9 38 23 12 7 20 17 42 41 29 41 28 26 16 42 1 39 1 3 1 4 29 15 47 6 14 44 33 30 39 3 15 43 49 11 6 25 46 0 43 20 38 8 4 12 37 33 
3 26 27 49 37 7 34 37 8 4 36 18 43 18 21 42 20 37 24 47 49 22 42 39 43 1 21 6 7 20 12 8 36 12 44 32 35 45 17 31 29 43 0 9 5 17 47 11 37 11 
45 28 26 15 43 37 20 14 16 32 7 31 3 44 33 41 5 48 24 9 23 30 13 5 8 44 14 38 48 34 47 16 39 35 30 20 2 11 39 37 42 20 9 0 27 27 16 47 24 41 
22 34 19 2 5 21 16 35 23 26 5 5 45 24 17 5 42 4 39 26 42 5 6 35 29 45 48 18 14 38 29 49 14 47 17 49 30 42 15 18 11 38 5 27 0 47 48 3 5 43 
7 31 49 7 32 5 35 34 40 46 21 14 31 6 7 6 23 28 33 38 45 26 35 48 6 48 19 26 28 8 4 32 39 2 36 29 1 22 1 19 7 8 17 27 47 0 15 4 19 38 
7 25 3 30 12 38 35 13 12 41 13 27 21 34 11 7 37 32 47 47 37 43 24 10 7 3 37 30 20 23 13 28 5 22 46 16 2 28 41 40 13 4 47 16 48 15 0 41 33 34 
5 42 39 37 39 10 42 43 46 11 26 35 23 15 17 39 7 12 40 29 14 13 13 38 10 46 16 48 2 13 22 34 22 17 5 28 25 32 11 32 32 12 11 47 3 4 41 0 20 15 
49 30 24 37 42 39 47 10 31 41 8 43 39 13 29 28 39 25 14 29 29 19 36 44 47 32 15 44 32 26 21 43 31 48 42 4 37 13 9 15 18 37 37 24 5 19 33 20 0 41 
9 35 26 44 35 16 5 43 43 38 48 6 45 25 38 11 20 44 37 14 9 45 45 20 33 20 29 16 33 40 20 27 20 4 6 27 49 24 31 47 43 33 11 41 43 38 34 15 41 0 
