0 29 28 13 36 38 11 22 19 33 23 42 14 17 11 28 21 39 25 43 2 38 1 45 22 26 28 40 47 30 31 8 5 49 9 23 46 3 38 29 49 17 24 13 28 10 20 48 11 47 
29 0 19 24 12 25 28 37 26 32 14 1 24 1 2 31 6 23 31 43 44 48 45 33 15 11 5 29 11 22 1 40 5 8 19 33 39 13 41 45 29 12 10 31 19 16 47 33 28 25 
28 19 0 23 32 25 31 20 12 31 17 25 47 46 1 23 7 23 36 17 48 36 17 43 18 31 9 22 46 20 27 19 20 18 35 28 19 45 11 12 13 42 45 7 4 45 27 31 19 10 
13 24 23 0 41 26 21 18 26 24 10 17 24 19 45 8 23 44 12 7 44 14 39 45 45 18 39 43 35 48 41 33 46 41 15 31 39 36 40 30 15 6 38 30 23 45 41 43 13 49 
36 12 32 41 0 31 26 20 41 23 18 44 45 35 27 25 13 18 43 19 36 37 6 4 47 12 11 30 45 3 28 32 48 14 18 37 22 7 33 14 41 34 23 29 6 11 32 49 29 41 
38 25 25 26 31 0 14 37 9 42 39 14 1 37 38 38 1 45 29 1 35 45 13 46 46 8 21 31 3 38 8 27 42 21 41 16 47 19 12 16 13 15 30 13 6 24 45 33 31 40 
11 28 31 21 26 14 0 39 22 6 37 28 44 10 22 32 10 21 49 14 49 16 31 7 22 21 27 8 25 33 39 6 9 38 4 21 26 13 11 4 32 11 26 32 13 46 14 26 21 33 
22 37 20 18 20 37 39 0 7 39 36 27 5 45 35 5 45 40 18 3 4 33 19 21 45 9 33 15 19 35 46 48 39 28 33 8 38 15 28 9 10 30 43 10 33 16 48 16 5 40 
19 26 12 26 41 9 22 7 0 8 16 37 24 46 7 45 41 28 24 25 7 43 45 36 24 22 30 21 48 1 41 44 4 38 12 11 9 2 9 48 48 2 11 17 11 48 41 7 34 32 
33 32 31 24 23 42 6 39 8 0 48 1 12 18 1 35 34 15 19 38 47 41 3 36 5 48 15 42 24 48 13 17 23 31 23 45 7 30 44 12 5 43 31 30 5 43 10 36 46 28 
23 14 17 10 18 39 37 36 16 48 0 41 39 26 44 34 27 39 16 21 17 1 27 44 14 14 10 21 34 6 30 33 48 30 40 22 45 16 26 30 26 22 45 36 31 27 13 31 2 39 
42 1 25 17 44 14 28 27 37 1 41 0 46 45 8 3 13 15 26 38 15 15 29 7 16 2 16 32 39 11 3 15 9 18 43 46 12 1 11 30 11 1 37 47 1 19 44 5 2 28 
14 24 47 24 45 1 44 5 24 12 39 46 0 8 43 45 11 41 11 27 48 36 5 41 15 28 24 33 38 41 41 8 17 40 17 20 24 17 30 48 35 39 43 6 43 33 5 44 42 19 
17 1 46 19 35 37 10 45 46 18 26 45 8 0 41 22 5 10 19 32 36 4 18 35 31 13 49 1 17 8 38 3 26 18 31 22 5 25 42 28 31 46 45 21 17 31 18 27 23 35 
11 2 1 45 27 38 22 35 7 1 44 8 43 41 0 15 45 33 30 25 8 31 41 20 35 33 9 41 7 43 19 36 14 44 20 9 3 7 5 5 8 12 8 9 42 39 28 15 29 14 
28 31 23 8 25 38 32 5 45 35 34 3 45 22 15 0 14 6 33 35 20 7 46 24 18 17 24 16 49 19 29 28 47 18 37 45 23 36 38 13 18 5 35 27 11 23 11 49 4 29 
21 6 7 23 13 1 10 45 41 34 27 13 11 5 45 14 0 42 21 49 1 33 8 2 5 9 2 12 36 22 40 33 36 40 20 11 49 39 15 5 29 23 33 19 6 23 22 46 15 11 
39 23 23 44 18 45 21 40 28 15 39 15 41 10 33 6 42 0 3 26 12 15 42 17 21 30 12 34 45 30 35 1 17 24 22 23 3 10 48 5 35 10 37 40 10 19 19 26 38 25 
25 31 36 12 43 29 49 18 24 19 16 26 11 19 30 33 21 3 0 15 19 45 46 7 4 10 10 9 13 7 47 39 30 21 33 27 20 19 46 1 5 2 44 32 45 40 17 4 47 6 
43 43 17 7 19 1 14 3 25 38 21 38 27 32 25 35 49 26 15 0 26 45 15 13 41 24 28 19 5 7 9 6 12 34 29 42 39 38 3 27 33 36 33 28 41 34 29 29 6 8 
2 44 48 44 36 35 49 4 7 47 17 15 48 36 8 20 1 12 19 26 0 44 17 47 29 26 25 25 39 35 14 49 21 49 38 7 3 9 46 11 44 44 30 17 33 10 4 46 29 44 
38 48 36 14 37 45 16 33 43 41 1 15 36 4 31 7 33 15 45 45 44 0 19 9 6 42 2 45 41 35 35 19 8 32 9 29 22 18 48 4 28 47 21 3 13 9 8 8 27 27 
1 45 17 39 6 13 31 19 45 3 27 29 5 18 41 46 8 42 46 15 17 19 0 28 12 30 23 46 26 47 41 13 33 3 46 48 48 6 9 9 24 40 8 11 2 34 35 9 36 33 
45 33 43 45 4 46 7 21 36 36 44 7 41 35 20 24 2 17 7 13 47 9 28 0 2 27 19 40 43 49 26 32 29 46 46 41 2 22 3 14 7 4 23 48 7 14 10 32 29 24 
22 15 18 45 47 46 22 45 24 5 14 16 15 31 35 18 5 21 4 41 29 6 12 2 0 5 34 44 1 20 8 6 41 15 17 19 8 10 27 44 15 29 21 40 40 30 29 28 37 21 
26 11 31 18 12 8 21 9 22 48 14 2 28 13 33 17 9 30 10 24 26 42 30 27 5 0 25 45 42 20 49 34 40 48 8 44 13 14 10 23 21 6 18 42 37 22 34 22 11 32 
28 5 9 39 11 21 27 33 30 15 10 16 24 49 9 24 2 12 10 28 25 2 23 19 34 25 0 15 4 40 16 24 11 23 33 34 21 28 30 35 19 22 2 7 36 46 32 18 13 8 
40 29 22 43 30 31 8 15 21 42 21 32 33 1 41 16 12 34 9 19 25 45 46 40 44 45 15 0 1 17 19 33 27 3 16 24 39 39 16 47 14 32 25 43 19 34 44 39 46 25 
47 11 46 35 45 3 25 19 48 24 34 39 38 17 7 49 36 45 13 5 39 41 26 43 1 42 4 1 0 46 36 18 4 46 26 29 38 4 37 7 3 46 27 22 40 43 37 4 1 15 
30 22 20 48 3 38 33 35 1 48 6 11 41 8 43 19 22 30 7 7 35 35 47 49 20 20 40 17 46 0 16 32 2 4 5 6 48 19 36 8 8 44 39 14 38 44 33 28 27 42 
31 1 27 41 28 8 39 46 41 13 30 3 41 38 19 29 40 35 47 9 14 35 41 26 8 49 16 19 36 16 0 41 17 6 32 42 40 35 21 26 42 44 31 1 30 40 19 43 5 36 
8 40 19 33 32 27 6 48 44 17 33 15 8 3 36 28 33 1 39 6 49 19 13 32 6 34 24 33 18 32 41 0 6 31 14 27 41 15 40 5 13 2 42 48 37 14 3 46 24 25 
5 5 20 46 48 42 9 39 4 23 48 9 17 26 14 47 36 17 30 12 21 8 33 29 41 40 11 27 4 2 17 6 0 27 46 44 5 9 35 45 28 49 23 36 17 46 6 41 30 34 
49 8 18 41 14 21 38 28 38 31 30 18 40 18 44 18 40 24 21 34 49 32 3 46 15 48 23 3 46 4 6 31 27 0 17 24 42 44 27 44 15 7 12 30 40 28 49 26 2 43 
9 19 35 15 18 41 4 33 12 23 40 43 17 31 20 37 20 22 33 29 38 9 46 46 17 8 33 16 26 5 32 14 46 17 0 2 9 5 25 24 20 18 24 25 30 23 45 35 41 12 
23 33 28 31 37 16 21 8 11 45 22 46 20 22 9 45 11 23 27 42 7 29 48 41 19 44 34 24 29 6 42 27 44 24 2 0 6 15 35 38 2 20 43 43 20 37 14 24 17 28 
46 39 19 39 22 47 26 38 9 7 45 12 24 5 3 23 49 3 20 39 3 22 48 2 8 13 21 39 38 48 40 41 5 42 9 6 0 44 39 21 20 8 48 6 27 38 33 39 20 29 
3 13 45 36 7 19 13 15 2 30 16 1 17 25 7 36 39 10 19 38 9 18 6 22 10 14 28 39 4 19 35 15 9 44 5 15 44 0 12 17 4 45 37 9 15 5 4 29 24 33 
38 41 11 40 33 12 11 28 9 44 26 11 30 42 5 38 15 48 46 3 46 48 9 3 27 10 30 16 37 36 21 40 35 27 25 35 39 12 0 9 5 8 2 33 18 8 4 10 13 23 
29 45 12 30 14 16 4 9 48 12 30 30 48 28 5 13 5 5 1 27 11 4 9 14 44 23 35 47 7 8 26 5 45 44 24 38 21 17 9 0 20 29 25 38 27 3 28 5 25 13 
49 29 13 15 41 13 32 10 48 5 26 11 35 31 8 18 29 35 5 33 44 28 24 7 15 21 19 14 3 8 42 13 28 15 20 2 20 4 5 20 0 43 33 13 3 39 28 22 5 39 
17 12 42 6 34 15 11 30 2 43 22 1 39 46 12 5 23 10 2 36 44 47 40 4 29 6 22 32 46 44 44 2 49 7 18 20 8 45 8 29 43 0 15 26 19 39 33 26 31 21 
24 10 45 38 23 30 26 43 11 31 45 37 43 45 8 35 33 37 44 33 30 21 8 23 21 18 2 25 27 39 31 42 23 12 24 43 48 37 2 25 33 15 0 1 49 9 14 32 32 30 
13 31 7 30 29 13 32 10 17 30 36 47 6 21 9 27 19 40 32 28 17 3 11 48 40 42 7 43 22 14 1 48 36 30 25 43 6 9 33 38 13 26 1 0 22 26 36 11 22 21 
28 19 4 23 6 6 13 33 11 5 31 1 43 17 42 11 6 10 45 41 33 13 2 7 40 37 36 19 40 38 30 37 17 40 30 20 27 15 18 27 3 19 49 22 0 11 48 45 42 1 
10 16 45 45 11 24 46 16 48 43 27 19 33 31 39 23 23 19 40 34 10 9 34 14 30 22 46 34 43 44 40 14 46 28 23 37 38 5 8 3 39 39 9 26 11 0 26 39 20 24 
20 47 27 41 32 45 14 48 41 10 13 44 5 18 28 11 22 19 17 29 4 8 35 10 29 34 32 44 37 33 19 3 6 49 45 14 33 4 4 28 28 33 14 36 48 26 0 19 37 32 
48 33 31 43 49 33 26 16 7 36 31 5 44 27 15 49 46 26 4 29 46 8 9 32 28 22 18 39 4 28 43 46 41 26 35 24 39 29 10 5 22 26 32 11 45 39 19 0 12 10 
11 28 19 13 29 31 21 5 34 46 2 2 42 23 29 4 15 38 47 6 29 27 36 29 37 11 13 46 1 27 5 24 30 2 41 17 20 24 13 25 5 31 32 22 42 20 37 12 0 31 
47 25 10 49 41 40 33 40 32 28 39 28 19 35 14 29 11 25 6 8 44 27 33 24 21 32 8 25 15 42 36 25 34 43 12 28 29 33 23 13 39 21 30 21 1 24 32 10 31 0 
