0 29 38 43 41 27 47 27 15 4 8 43 27 29 43 43 35 1 32 27 31 22 31 35 19 27 12 11 13 23 27 26 33 36 24 47 12 27 2 38 44 36 26 20 40 47 27 3 4 45 
29 0 36 30 7 27 46 22 9 11 3 20 22 7 22 28 34 33 21 33 25 3 25 23 18 20 25 8 48 19 32 16 21 24 30 9 5 6 5 37 23 39 18 41 38 15 19 19 30 33 
38 36 0 32 24 27 16 23 18 5 44 26 17 28 25 34 45 26 28 26 41 8 19 44 18 43 41 20 17 13 35 35 45 40 42 10 3 2 26 10 40 24 44 3 19 44 18 29 20 25 
43 30 32 0 8 32 40 32 19 33 48 47 1 14 47 44 15 7 2 32 6 39 34 33 48 32 10 29 22 27 25 27 48 42 31 7 2 25 13 30 9 16 36 2 44 29 38 23 16 20 
41 7 24 8 0 15 2 17 18 37 30 39 33 46 47 37 10 8 9 49 44 21 27 3 45 27 18 31 3 2 39 1 43 21 8 2 26 8 9 40 4 22 17 20 30 49 7 18 23 38 
27 27 27 32 15 0 43 5 37 10 43 13 1 40 9 34 38 25 40 29 13 15 34 18 23 7 43 21 30 37 42 29 31 9 21 8 21 13 14 42 7 9 49 26 7 22 35 27 17 46 
47 46 16 40 2 43 0 13 45 2 1 29 14 9 3 2 32 18 32 3 41 11 11 45 1 32 3 47 36 24 22 15 3 29 10 43 44 33 37 16 16 43 4 3 35 44 43 16 20 37 
27 22 23 32 17 5 13 0 49 3 45 49 27 11 39 23 31 9 14 16 28 1 17 16 1 41 15 21 27 14 7 47 26 11 20 20 1 44 22 28 10 14 20 47 16 28 35 24 49 30 
15 9 18 19 18 37 45 49 0 26 9 12 47 21 38 8 44 38 2 12 13 18 28 43 38 2 42 3 36 42 27 12 15 26 34 17 18 42 8 23 28 38 36 2 7 47 28 38 2 33 
4 11 5 33 37 10 2 3 26 0 48 6 35 28 8 17 30 44 8 42 45 3 6 26 35 22 20 9 18 45 17 29 39 46 6 40 19 3 18 46 36 43 32 23 11 13 39 22 25 27 
8 3 44 48 30 43 1 45 9 48 0 38 45 45 1 25 28 21 29 47 25 6 47 15 33 24 34 44 21 18 30 15 6 36 7 19 29 21 21 7 13 27 24 13 5 49 18 39 4 48 
43 20 26 47 39 13 29 49 12 6 38 0 46 45 13 23 28 33 11 17 11 38 41 8 3 39 39 4 49 43 47 35 13 35 24 7 48 10 44 30 13 28 36 40 44 6 10 18 45 10 
27 22 17 1 33 1 14 27 47 35 45 46 0 44 4 9 42 45 8 21 3 29 35 27 11 32 1 43 23 45 45 46 40 15 10 4 30 42 6 23 15 27 3 47 8 9 19 47 20 48 
29 7 28 14 46 40 9 11 21 28 45 45 44 0 20 34 16 1 29 29 4 19 39 23 40 48 27 15 10 35 32 47 8 39 28 5 12 9 39 17 9 45 10 26 6 35 26 40 24 30 
43 22 25 47 47 9 3 39 38 8 1 13 4 20 0 35 5 13 15 39 40 17 34 22 48 36 49 41 18 25 37 35 29 44 28 30 19 33 25 28 49 39 4 9 36 8 39 6 35 8 
43 28 34 44 37 34 2 23 8 17 25 23 9 34 35 0 37 12 13 43 41 40 40 44 46 14 10 26 20 32 44 8 25 24 33 47 38 34 35 49 45 5 37 28 8 49 33 31 33 48 
35 34 45 15 10 38 32 31 44 30 28 28 42 16 5 37 0 3 23 45 17 41 48 39 9 48 6 38 28 8 4 47 47 3 43 30 44 6 34 49 41 46 46 38 20 3 26 29 23 18 
1 33 26 7 8 25 18 9 38 44 21 33 45 1 13 12 3 0 39 34 9 46 3 48 8 6 42 30 18 37 25 12 21 40 17 30 37 24 27 21 34 23 26 19 33 5 1 1 45 19 
32 21 28 2 9 40 32 14 2 8 29 11 8 29 15 13 23 39 0 17 44 6 43 23 45 15 31 44 48 27 42 4 45 5 12 17 38 37 13 19 15 25 8 32 17 7 36 28 41 29 
27 33 26 32 49 29 3 16 12 42 47 17 21 29 39 43 45 34 17 0 25 4 16 49 16 23 47 47 39 1 30 10 19 28 5 44 23 36 39 11 16 47 34 37 45 37 17 11 31 4 
31 25 41 6 44 13 41 28 13 45 25 11 3 4 40 41 17 9 44 25 0 42 44 14 23 28 49 13 16 41 23 11 33 26 34 13 9 7 8 32 3 13 47 25 32 41 15 44 28 7 
22 3 8 39 21 15 11 1 18 3 6 38 29 19 17 40 41 46 6 4 42 0 10 39 32 24 21 16 49 31 41 32 2 36 11 22 39 18 8 19 41 2 47 13 26 5 40 42 37 14 
31 25 19 34 27 34 11 17 28 6 47 41 35 39 34 40 48 3 43 16 44 10 0 31 17 46 19 24 7 4 12 10 18 4 26 34 3 2 48 31 46 26 17 28 6 10 22 28 28 29 
35 23 44 33 3 18 45 16 43 26 15 8 27 23 22 44 39 48 23 49 14 39 31 0 33 14 28 40 35 15 33 33 31 34 35 11 32 42 42 14 16 5 23 44 46 38 46 31 33 24 
19 18 18 48 45 23 1 1 38 35 33 3 11 40 48 46 9 8 45 16 23 32 17 33 0 7 48 17 7 45 32 9 16 38 25 13 34 4 46 21 37 25 16 38 26 38 43 42 34 48 
27 20 43 32 27 7 32 41 2 22 24 39 32 48 36 14 48 6 15 23 28 24 46 14 7 0 17 8 4 26 10 8 40 24 18 29 1 31 5 16 19 34 23 21 42 30 1 5 20 39 
12 25 41 10 18 43 3 15 42 20 34 39 1 27 49 10 6 42 31 47 49 21 19 28 48 17 0 16 6 9 24 32 2 2 39 30 46 39 44 14 21 28 24 21 42 46 19 11 40 23 
11 8 20 29 31 21 47 21 3 9 44 4 43 15 41 26 38 30 44 47 13 16 24 40 17 8 16 0 31 32 33 36 46 13 34 35 21 36 11 3 23 8 46 6 43 25 49 5 31 43 
13 48 17 22 3 30 36 27 36 18 21 49 23 10 18 20 28 18 48 39 16 49 7 35 7 4 6 31 0 34 11 4 38 12 24 35 14 13 35 10 18 24 48 49 43 37 33 38 26 33 
23 19 13 27 2 37 24 14 42 45 18 43 45 35 25 32 8 37 27 1 41 31 4 15 45 26 9 32 34 0 42 21 29 23 17 8 44 24 12 33 7 3 7 31 21 19 43 39 17 32 
27 32 35 25 39 42 22 7 27 17 30 47 45 32 37 44 4 25 42 30 23 41 12 33 32 10 24 33 11 42 0 16 21 36 19 16 9 47 43 13 25 34 39 17 34 28 16 15 25 15 
26 16 35 27 1 29 15 47 12 29 15 35 46 47 35 8 47 12 4 10 11 32 10 33 9 8 32 36 4 21 16 0 20 29 33 12 8 36 16 40 24 38 49 45 38 4 17 14 15 12 
33 21 45 48 43 31 3 26 15 39 6 13 40 8 29 25 47 21 45 19 33 2 18 31 16 40 2 46 38 29 21 20 0 26 42 27 7 31 16 46 18 17 6 4 40 35 36 12 39 44 
36 24 40 42 21 9 29 11 26 46 36 35 15 39 44 24 3 40 5 28 26 36 4 34 38 24 2 13 12 23 36 29 26 0 48 31 13 3 24 17 24 11 47 2 14 48 8 40 45 24 
24 30 42 31 8 21 10 20 34 6 7 24 10 28 28 33 43 17 12 5 34 11 26 35 25 18 39 34 24 17 19 33 42 48 0 12 5 45 29 34 30 33 6 29 34 12 20 34 36 49 
47 9 10 7 2 8 43 20 17 40 19 7 4 5 30 47 30 30 17 44 13 22 34 11 13 29 30 35 35 8 16 12 27 31 12 0 27 21 43 11 17 21 18 15 21 16 15 33 32 42 
12 5 3 2 26 21 44 1 18 19 29 48 30 12 19 38 44 37 38 23 9 39 3 32 34 1 46 21 14 44 9 8 7 13 5 27 0 47 19 10 22 49 5 7 43 39 44 42 1 8 
27 6 2 25 8 13 33 44 42 3 21 10 42 9 33 34 6 24 37 36 7 18 2 42 4 31 39 36 13 24 47 36 31 3 45 21 47 0 39 24 45 14 19 43 43 18 34 20 46 42 
2 5 26 13 9 14 37 22 8 18 21 44 6 39 25 35 34 27 13 39 8 8 48 42 46 5 44 11 35 12 43 16 16 24 29 43 19 39 0 42 19 4 26 49 13 12 44 45 37 18 
38 37 10 30 40 42 16 28 23 46 7 30 23 17 28 49 49 21 19 11 32 19 31 14 21 16 14 3 10 33 13 40 46 17 34 11 10 24 42 0 34 42 38 13 12 22 8 27 20 39 
44 23 40 9 4 7 16 10 28 36 13 13 15 9 49 45 41 34 15 16 3 41 46 16 37 19 21 23 18 7 25 24 18 24 30 17 22 45 19 34 0 42 18 10 14 6 21 9 7 30 
36 39 24 16 22 9 43 14 38 43 27 28 27 45 39 5 46 23 25 47 13 2 26 5 25 34 28 8 24 3 34 38 17 11 33 21 49 14 4 42 42 0 11 22 7 16 31 27 18 15 
26 18 44 36 17 49 4 20 36 32 24 36 3 10 4 37 46 26 8 34 47 47 17 23 16 23 24 46 48 7 39 49 6 47 6 18 5 19 26 38 18 11 0 9 24 15 15 47 37 5 
20 41 3 2 20 26 3 47 2 23 13 40 47 26 9 28 38 19 32 37 25 13 28 44 38 21 21 6 49 31 17 45 4 2 29 15 7 43 49 13 10 22 9 0 25 27 5 18 4 24 
40 38 19 44 30 7 35 16 7 11 5 44 8 6 36 8 20 33 17 45 32 26 6 46 26 42 42 43 43 21 34 38 40 14 34 21 43 43 13 12 14 7 24 25 0 12 22 43 39 40 
47 15 44 29 49 22 44 28 47 13 49 6 9 35 8 49 3 5 7 37 41 5 10 38 38 30 46 25 37 19 28 4 35 48 12 16 39 18 12 22 6 16 15 27 12 0 4 12 23 1 
27 19 18 38 7 35 43 35 28 39 18 10 19 26 39 33 26 1 36 17 15 40 22 46 43 1 19 49 33 43 16 17 36 8 20 15 44 34 44 8 21 31 15 5 22 4 0 29 43 36 
3 19 29 23 18 27 16 24 38 22 39 18 47 40 6 31 29 1 28 11 44 42 28 31 42 5 11 5 38 39 15 14 12 40 34 33 42 20 45 27 9 27 47 18 43 12 29 0 43 44 
4 30 20 16 23 17 20 49 2 25 4 45 20 24 35 33 23 45 41 31 28 37 28 33 34 20 40 31 26 17 25 15 39 45 36 32 1 46 37 20 7 18 37 4 39 23 43 43 0 17 
45 33 25 20 38 46 37 30 33 27 48 10 48 30 8 48 18 19 29 4 7 14 29 24 48 39 23 43 33 32 15 12 44 24 49 42 8 42 18 39 30 15 5 24 40 1 36 44 17 0 
