0 37 47 2 24 26 32 23 48 20 20 43 43 1 37 5 30 5 40 31 3 36 30 14 32 13 4 15 49 32 4 30 42 1 30 34 11 20 32 18 36 38 37 45 2 24 32 27 26 14 
37 0 22 33 11 38 38 17 46 32 17 47 20 41 37 22 43 8 4 29 6 27 26 12 4 31 37 32 43 19 37 46 19 12 33 13 35 19 12 26 36 1 16 11 44 40 7 16 40 15 
47 22 0 26 19 12 29 26 8 42 34 24 43 15 23 35 7 34 38 31 9 48 25 9 37 40 11 14 34 32 26 19 26 35 49 46 33 27 27 34 4 16 25 42 3 2 29 8 38 28 
2 33 26 0 21 25 43 14 38 26 44 31 37 10 47 26 3 2 41 38 13 24 25 19 10 9 32 2 13 46 33 24 4 36 3 48 18 22 7 37 9 17 7 19 10 21 12 16 27 32 
24 11 19 21 0 26 44 42 49 42 37 27 7 16 27 28 13 26 5 18 28 39 31 4 12 29 25 12 10 15 10 21 18 31 2 43 25 24 37 18 6 14 13 46 10 43 28 32 27 36 
26 38 12 25 26 0 18 14 27 43 47 34 11 20 32 14 11 2 27 17 17 13 21 32 26 23 27 47 33 2 47 22 12 37 41 49 27 15 33 9 3 44 6 23 17 31 45 26 16 40 
32 38 29 43 44 18 0 43 1 6 14 48 18 8 1 21 5 19 43 24 46 10 13 44 6 1 13 10 33 13 28 31 44 42 14 3 48 3 48 16 14 11 30 5 34 13 48 29 45 16 
23 17 26 14 42 14 43 0 19 16 10 9 34 7 19 46 49 33 41 41 8 46 19 35 20 4 24 42 26 27 10 42 27 37 33 19 35 34 25 32 39 32 29 38 36 2 28 10 40 39 
48 46 8 38 49 27 1 19 0 18 34 34 31 13 31 33 7 10 34 34 2 37 24 36 27 25 16 46 19 47 11 2 45 25 31 21 10 26 29 36 9 41 20 27 4 41 29 25 49 25 
20 32 42 26 42 43 6 16 18 0 35 44 32 40 45 34 33 16 6 31 13 37 46 46 3 14 48 28 45 38 30 10 22 1 7 33 25 32 5 25 9 49 49 1 24 32 48 38 15 30 
20 17 34 44 37 47 14 10 34 35 0 10 36 30 5 24 10 23 16 15 43 12 22 21 33 33 26 11 15 39 12 46 33 5 38 13 49 41 20 41 49 49 32 17 41 38 40 47 31 26 
43 47 24 31 27 34 48 9 34 44 10 0 7 41 28 19 36 9 21 9 40 3 4 12 37 16 20 18 9 46 46 4 37 8 13 13 48 26 21 11 47 48 47 18 7 39 12 3 19 46 
43 20 43 37 7 11 18 34 31 32 36 7 0 2 49 39 34 3 40 39 11 21 44 48 45 27 8 10 21 21 30 9 32 10 25 26 37 9 25 10 25 46 47 46 32 16 43 40 35 12 
1 41 15 10 16 20 8 7 13 40 30 41 2 0 16 29 27 35 49 22 27 46 48 12 7 19 22 25 20 42 19 30 38 9 4 44 43 10 30 38 2 22 33 35 24 21 26 6 6 3 
37 37 23 47 27 32 1 19 31 45 5 28 49 16 0 35 45 46 35 9 7 31 21 32 43 5 40 11 37 49 14 41 34 10 44 21 34 46 13 15 46 13 48 31 16 11 25 13 26 48 
5 22 35 26 28 14 21 46 33 34 24 19 39 29 35 0 5 42 30 9 42 8 8 20 44 39 4 13 48 20 25 41 48 1 7 20 44 9 7 21 2 25 47 26 39 32 16 9 13 31 
30 43 7 3 13 11 5 49 7 33 10 36 34 27 45 5 0 8 46 29 31 40 3 12 49 44 23 31 15 28 40 30 11 19 39 5 20 22 23 47 27 47 24 3 49 20 16 9 25 11 
5 8 34 2 26 2 19 33 10 16 23 9 3 35 46 42 8 0 33 3 26 2 4 30 36 9 18 43 28 23 22 13 20 38 7 31 31 41 11 12 10 38 14 24 44 11 33 2 47 43 
40 4 38 41 5 27 43 41 34 6 16 21 40 49 35 30 46 33 0 28 12 39 15 26 22 7 5 37 30 20 44 33 42 39 48 47 22 46 38 29 37 1 13 14 5 15 33 40 1 32 
31 29 31 38 18 17 24 41 34 31 15 9 39 22 9 9 29 3 28 0 44 47 49 7 48 2 25 19 29 47 26 34 29 41 14 38 13 46 48 15 45 34 19 4 15 18 32 29 39 48 
3 6 9 13 28 17 46 8 2 13 43 40 11 27 7 42 31 26 12 44 0 28 35 22 45 28 43 11 49 35 22 47 26 23 12 40 20 37 48 1 27 14 7 23 14 3 24 43 46 16 
36 27 48 24 39 13 10 46 37 37 12 3 21 46 31 8 40 2 39 47 28 0 8 46 25 24 37 6 40 13 16 28 14 42 31 2 10 47 30 20 43 41 44 22 43 16 28 46 26 39 
30 26 25 25 31 21 13 19 24 46 22 4 44 48 21 8 3 4 15 49 35 8 0 12 31 33 7 5 6 27 45 13 28 23 4 25 36 42 12 13 11 31 40 39 7 44 6 24 18 25 
14 12 9 19 4 32 44 35 36 46 21 12 48 12 32 20 12 30 26 7 22 46 12 0 38 29 43 28 26 23 2 41 35 26 16 41 47 44 41 14 46 6 33 1 37 44 24 34 9 19 
32 4 37 10 12 26 6 20 27 3 33 37 45 7 43 44 49 36 22 48 45 25 31 38 0 15 43 19 18 22 37 21 38 46 13 18 4 20 45 16 24 4 33 13 46 16 35 2 9 23 
13 31 40 9 29 23 1 4 25 14 33 16 27 19 5 39 44 9 7 2 28 24 33 29 15 0 2 8 22 30 8 39 27 24 29 36 2 38 2 15 9 3 22 6 10 22 16 30 13 20 
4 37 11 32 25 27 13 24 16 48 26 20 8 22 40 4 23 18 5 25 43 37 7 43 43 2 0 37 7 28 1 3 24 25 27 17 18 38 6 31 42 26 40 1 19 27 12 35 4 7 
15 32 14 2 12 47 10 42 46 28 11 18 10 25 11 13 31 43 37 19 11 6 5 28 19 8 37 0 36 23 9 49 7 35 6 16 23 11 38 46 6 5 14 10 21 41 4 39 36 31 
49 43 34 13 10 33 33 26 19 45 15 9 21 20 37 48 15 28 30 29 49 40 6 26 18 22 7 36 0 43 33 47 7 39 5 44 37 43 15 18 2 38 32 19 43 30 30 3 39 25 
32 19 32 46 15 2 13 27 47 38 39 46 21 42 49 20 28 23 20 47 35 13 27 23 22 30 28 23 43 0 8 45 20 32 48 45 42 35 5 4 41 15 12 13 8 40 19 33 34 5 
4 37 26 33 10 47 28 10 11 30 12 46 30 19 14 25 40 22 44 26 22 16 45 2 37 8 1 9 33 8 0 20 8 2 43 42 41 47 42 26 49 20 13 26 22 42 46 11 23 1 
30 46 19 24 21 22 31 42 2 10 46 4 9 30 41 41 30 13 33 34 47 28 13 41 21 39 3 49 47 45 20 0 41 26 6 36 14 11 25 16 32 32 30 19 38 39 28 3 49 8 
42 19 26 4 18 12 44 27 45 22 33 37 32 38 34 48 11 20 42 29 26 14 28 35 38 27 24 7 7 20 8 41 0 46 36 9 19 39 9 38 25 20 42 47 31 9 42 25 10 8 
1 12 35 36 31 37 42 37 25 1 5 8 10 9 10 1 19 38 39 41 23 42 23 26 46 24 25 35 39 32 2 26 46 0 22 3 16 19 9 7 26 6 12 37 22 35 16 18 23 6 
30 33 49 3 2 41 14 33 31 7 38 13 25 4 44 7 39 7 48 14 12 31 4 16 13 29 27 6 5 48 43 6 36 22 0 36 1 21 42 19 16 1 20 38 39 1 25 16 8 21 
34 13 46 48 43 49 3 19 21 33 13 13 26 44 21 20 5 31 47 38 40 2 25 41 18 36 17 16 44 45 42 36 9 3 36 0 29 47 14 39 4 9 26 7 43 21 28 32 8 31 
11 35 33 18 25 27 48 35 10 25 49 48 37 43 34 44 20 31 22 13 20 10 36 47 4 2 18 23 37 42 41 14 19 16 1 29 0 45 18 29 31 33 40 44 37 43 40 12 34 17 
20 19 27 22 24 15 3 34 26 32 41 26 9 10 46 9 22 41 46 46 37 47 42 44 20 38 38 11 43 35 47 11 39 19 21 47 45 0 33 46 23 7 14 12 41 16 20 6 2 26 
32 12 27 7 37 33 48 25 29 5 20 21 25 30 13 7 23 11 38 48 48 30 12 41 45 2 6 38 15 5 42 25 9 9 42 14 18 33 0 29 33 7 24 32 30 21 17 3 16 32 
18 26 34 37 18 9 16 32 36 25 41 11 10 38 15 21 47 12 29 15 1 20 13 14 16 15 31 46 18 4 26 16 38 7 19 39 29 46 29 0 36 2 19 9 4 43 29 3 39 6 
36 36 4 9 6 3 14 39 9 9 49 47 25 2 46 2 27 10 37 45 27 43 11 46 24 9 42 6 2 41 49 32 25 26 16 4 31 23 33 36 0 1 21 27 31 22 35 21 15 17 
38 1 16 17 14 44 11 32 41 49 49 48 46 22 13 25 47 38 1 34 14 41 31 6 4 3 26 5 38 15 20 32 20 6 1 9 33 7 7 2 1 0 48 47 4 1 5 20 8 14 
37 16 25 7 13 6 30 29 20 49 32 47 47 33 48 47 24 14 13 19 7 44 40 33 33 22 40 14 32 12 13 30 42 12 20 26 40 14 24 19 21 48 0 27 11 46 29 45 1 23 
45 11 42 19 46 23 5 38 27 1 17 18 46 35 31 26 3 24 14 4 23 22 39 1 13 6 1 10 19 13 26 19 47 37 38 7 44 12 32 9 27 47 27 0 29 32 34 45 6 43 
2 44 3 10 10 17 34 36 4 24 41 7 32 24 16 39 49 44 5 15 14 43 7 37 46 10 19 21 43 8 22 38 31 22 39 43 37 41 30 4 31 4 11 29 0 18 10 32 37 7 
24 40 2 21 43 31 13 2 41 32 38 39 16 21 11 32 20 11 15 18 3 16 44 44 16 22 27 41 30 40 42 39 9 35 1 21 43 16 21 43 22 1 46 32 18 0 32 27 46 38 
32 7 29 12 28 45 48 28 29 48 40 12 43 26 25 16 16 33 33 32 24 28 6 24 35 16 12 4 30 19 46 28 42 16 25 28 40 20 17 29 35 5 29 34 10 32 0 3 39 30 
27 16 8 16 32 26 29 10 25 38 47 3 40 6 13 9 9 2 40 29 43 46 24 34 2 30 35 39 3 33 11 3 25 18 16 32 12 6 3 3 21 20 45 45 32 27 3 0 30 9 
26 40 38 27 27 16 45 40 49 15 31 19 35 6 26 13 25 47 1 39 46 26 18 9 9 13 4 36 39 34 23 49 10 23 8 8 34 2 16 39 15 8 1 6 37 46 39 30 0 48 
14 15 28 32 36 40 16 39 25 30 26 46 12 3 48 31 11 43 32 48 16 39 25 19 23 20 7 31 25 5 1 8 8 6 21 31 17 26 32 6 17 14 23 43 7 38 30 9 48 0 
