0 30 26 5 34 10 17 20 33 35 31 25 24 22 6 44 26 9 45 9 46 11 32 10 10 12 38 19 17 31 14 7 2 40 37 5 14 30 44 45 36 31 46 26 38 28 21 17 20 28 
30 0 42 45 25 8 37 45 4 23 15 39 48 23 20 25 19 19 12 10 18 43 10 19 32 27 26 9 39 47 25 18 11 44 9 22 22 40 15 39 23 42 43 48 49 27 16 45 32 48 
26 42 0 25 5 16 27 44 6 40 38 3 6 43 4 28 10 15 41 41 24 42 32 16 5 34 14 32 4 41 38 22 7 8 25 7 20 27 24 35 46 47 7 40 45 36 40 43 21 43 
5 45 25 0 34 21 26 11 47 8 47 8 42 26 40 43 40 1 3 19 17 29 33 29 47 34 36 49 38 30 8 11 33 21 36 42 49 31 17 23 43 20 4 6 29 38 27 12 35 33 
34 25 5 34 0 17 34 34 15 22 21 15 37 44 35 16 40 45 38 43 40 18 43 29 13 42 40 46 2 9 47 49 1 42 6 27 37 6 17 35 10 24 24 25 32 21 21 39 20 5 
10 8 16 21 17 0 32 43 30 10 4 10 15 1 26 31 30 18 47 37 7 47 30 7 26 16 39 28 24 44 2 39 38 26 2 15 10 22 1 16 22 24 25 10 45 24 45 9 30 32 
17 37 27 26 34 32 0 26 35 28 33 17 35 3 15 15 27 41 11 6 3 35 21 1 34 25 48 45 25 22 8 22 32 17 11 36 12 33 41 39 2 45 26 12 41 29 29 47 32 31 
20 45 44 11 34 43 26 0 42 35 40 13 26 27 35 4 45 36 26 24 36 7 30 17 1 36 23 44 19 36 16 43 7 13 20 27 49 5 20 31 29 4 43 9 44 26 30 9 9 21 
33 4 6 47 15 30 35 42 0 6 26 24 19 9 27 25 18 20 38 10 11 42 17 15 16 15 14 42 31 8 45 7 3 9 26 45 49 20 36 6 37 30 44 42 31 7 30 23 47 32 
35 23 40 8 22 10 28 35 6 0 15 6 19 9 48 48 15 17 14 25 4 11 48 48 47 37 4 13 22 6 20 49 5 7 27 4 32 47 41 33 38 24 33 17 40 17 45 22 13 41 
31 15 38 47 21 4 33 40 26 15 0 36 9 44 45 32 27 15 49 37 40 21 33 13 24 17 49 42 5 17 32 40 8 10 31 23 41 17 8 36 14 35 25 7 41 41 28 39 18 26 
25 39 3 8 15 10 17 13 24 6 36 0 5 28 49 40 2 18 23 18 8 32 9 17 36 4 36 7 36 42 10 3 2 14 24 29 11 16 30 42 12 19 29 28 30 31 18 21 48 43 
24 48 6 42 37 15 35 26 19 19 9 5 0 16 3 33 1 14 26 33 42 34 33 10 41 7 49 8 26 27 20 9 37 28 37 22 22 33 35 2 10 40 8 1 3 16 29 21 5 14 
22 23 43 26 44 1 3 27 9 9 44 28 16 0 43 48 47 16 48 11 24 38 4 3 39 41 34 1 11 11 1 21 4 25 10 27 12 6 10 2 4 16 39 48 6 10 16 48 27 7 
6 20 4 40 35 26 15 35 27 48 45 49 3 43 0 31 37 22 17 8 3 44 11 41 9 21 23 46 7 39 48 47 23 28 17 36 22 20 32 37 46 28 44 37 40 45 10 7 15 17 
44 25 28 43 16 31 15 4 25 48 32 40 33 48 31 0 30 27 5 45 8 17 36 16 38 31 40 34 46 5 22 15 16 46 39 6 12 45 9 31 30 4 29 31 11 17 29 40 22 16 
26 19 10 40 40 30 27 45 18 15 27 2 1 47 37 30 0 26 11 18 38 15 12 3 47 11 11 38 49 2 8 45 2 19 18 40 37 46 36 34 40 32 47 10 25 36 11 22 39 27 
9 19 15 1 45 18 41 36 20 17 15 18 14 16 22 27 26 0 37 5 24 27 24 7 43 44 7 8 10 14 29 27 46 45 16 47 31 14 49 47 42 39 13 34 43 46 18 44 34 13 
45 12 41 3 38 47 11 26 38 14 49 23 26 48 17 5 11 37 0 40 6 9 7 41 2 6 43 15 43 30 26 8 17 3 33 16 28 22 33 38 34 48 36 47 23 31 17 31 11 22 
9 10 41 19 43 37 6 24 10 25 37 18 33 11 8 45 18 5 40 0 31 26 17 18 47 18 10 43 46 17 16 12 3 20 25 22 46 14 5 33 19 6 43 47 9 30 48 43 37 2 
46 18 24 17 40 7 3 36 11 4 40 8 42 24 3 8 38 24 6 31 0 3 41 11 46 8 8 19 29 9 21 14 32 9 33 10 20 49 9 45 19 30 37 41 19 14 23 8 42 42 
11 43 42 29 18 47 35 7 42 11 21 32 34 38 44 17 15 27 9 26 3 0 25 40 18 38 17 49 18 2 37 49 10 38 39 12 46 21 33 29 47 47 49 17 26 18 20 25 27 29 
32 10 32 33 43 30 21 30 17 48 33 9 33 4 11 36 12 24 7 17 41 25 0 9 42 27 20 26 33 41 42 32 30 2 40 5 44 25 41 28 47 47 47 30 1 28 25 21 17 22 
10 19 16 29 29 7 1 17 15 48 13 17 10 3 41 16 3 7 41 18 11 40 9 0 41 46 1 26 23 25 35 38 32 34 34 35 8 20 18 12 39 36 5 6 21 47 9 21 9 16 
10 32 5 47 13 26 34 1 16 47 24 36 41 39 9 38 47 43 2 47 46 18 42 41 0 29 49 2 30 11 38 6 49 4 2 9 49 5 38 33 48 33 41 37 21 12 25 39 38 29 
12 27 34 34 42 16 25 36 15 37 17 4 7 41 21 31 11 44 6 18 8 38 27 46 29 0 2 11 5 16 37 9 42 11 13 9 28 7 7 37 9 40 48 1 41 38 32 47 44 45 
38 26 14 36 40 39 48 23 14 4 49 36 49 34 23 40 11 7 43 10 8 17 20 1 49 2 0 48 23 37 35 49 38 44 28 15 45 22 13 12 45 27 48 24 25 47 1 2 19 23 
19 9 32 49 46 28 45 44 42 13 42 7 8 1 46 34 38 8 15 43 19 49 26 26 2 11 48 0 35 32 23 13 37 45 8 15 38 24 22 4 25 5 35 13 12 18 11 18 16 25 
17 39 4 38 2 24 25 19 31 22 5 36 26 11 7 46 49 10 43 46 29 18 33 23 30 5 23 35 0 42 37 35 27 24 17 6 30 40 3 37 36 12 23 28 25 30 34 46 19 7 
31 47 41 30 9 44 22 36 8 6 17 42 27 11 39 5 2 14 30 17 9 2 41 25 11 16 37 32 42 0 28 47 2 45 34 43 5 25 3 35 25 13 5 33 38 5 42 5 9 1 
14 25 38 8 47 2 8 16 45 20 32 10 20 1 48 22 8 29 26 16 21 37 42 35 38 37 35 23 37 28 0 19 11 48 7 16 2 14 25 9 8 3 13 38 36 28 40 5 19 37 
7 18 22 11 49 39 22 43 7 49 40 3 9 21 47 15 45 27 8 12 14 49 32 38 6 9 49 13 35 47 19 0 32 17 14 24 11 14 12 4 7 2 42 13 29 35 40 46 12 21 
2 11 7 33 1 38 32 7 3 5 8 2 37 4 23 16 2 46 17 3 32 10 30 32 49 42 38 37 27 2 11 32 0 46 19 33 32 25 16 48 26 38 26 2 23 42 13 4 22 22 
40 44 8 21 42 26 17 13 9 7 10 14 28 25 28 46 19 45 3 20 9 38 2 34 4 11 44 45 24 45 48 17 46 0 18 46 11 27 43 41 4 36 25 45 17 48 8 6 1 26 
37 9 25 36 6 2 11 20 26 27 31 24 37 10 17 39 18 16 33 25 33 39 40 34 2 13 28 8 17 34 7 14 19 18 0 18 43 1 22 28 45 24 37 36 1 16 6 1 45 49 
5 22 7 42 27 15 36 27 45 4 23 29 22 27 36 6 40 47 16 22 10 12 5 35 9 9 15 15 6 43 16 24 33 46 18 0 5 30 47 7 25 12 12 44 12 13 30 28 6 18 
14 22 20 49 37 10 12 49 49 32 41 11 22 12 22 12 37 31 28 46 20 46 44 8 49 28 45 38 30 5 2 11 32 11 43 5 0 7 47 39 33 49 14 40 39 2 30 13 25 47 
30 40 27 31 6 22 33 5 20 47 17 16 33 6 20 45 46 14 22 14 49 21 25 20 5 7 22 24 40 25 14 14 25 27 1 30 7 0 44 2 48 40 11 21 30 20 11 35 2 13 
44 15 24 17 17 1 41 20 36 41 8 30 35 10 32 9 36 49 33 5 9 33 41 18 38 7 13 22 3 3 25 12 16 43 22 47 47 44 0 20 33 8 20 42 18 35 14 12 27 14 
45 39 35 23 35 16 39 31 6 33 36 42 2 2 37 31 34 47 38 33 45 29 28 12 33 37 12 4 37 35 9 4 48 41 28 7 39 2 20 0 30 21 20 48 46 31 41 35 22 12 
36 23 46 43 10 22 2 29 37 38 14 12 10 4 46 30 40 42 34 19 19 47 47 39 48 9 45 25 36 25 8 7 26 4 45 25 33 48 33 30 0 20 25 29 11 31 25 28 41 25 
31 42 47 20 24 24 45 4 30 24 35 19 40 16 28 4 32 39 48 6 30 47 47 36 33 40 27 5 12 13 3 2 38 36 24 12 49 40 8 21 20 0 11 20 32 38 39 22 6 10 
46 43 7 4 24 25 26 43 44 33 25 29 8 39 44 29 47 13 36 43 37 49 47 5 41 48 48 35 23 5 13 42 26 25 37 12 14 11 20 20 25 11 0 38 18 21 13 37 26 18 
26 48 40 6 25 10 12 9 42 17 7 28 1 48 37 31 10 34 47 47 41 17 30 6 37 1 24 13 28 33 38 13 2 45 36 44 40 21 42 48 29 20 38 0 45 16 17 34 44 28 
38 49 45 29 32 45 41 44 31 40 41 30 3 6 40 11 25 43 23 9 19 26 1 21 21 41 25 12 25 38 36 29 23 17 1 12 39 30 18 46 11 32 18 45 0 7 6 43 13 13 
28 27 36 38 21 24 29 26 7 17 41 31 16 10 45 17 36 46 31 30 14 18 28 47 12 38 47 18 30 5 28 35 42 48 16 13 2 20 35 31 31 38 21 16 7 0 5 25 39 47 
21 16 40 27 21 45 29 30 30 45 28 18 29 16 10 29 11 18 17 48 23 20 25 9 25 32 1 11 34 42 40 40 13 8 6 30 30 11 14 41 25 39 13 17 6 5 0 25 49 2 
17 45 43 12 39 9 47 9 23 22 39 21 21 48 7 40 22 44 31 43 8 25 21 21 39 47 2 18 46 5 5 46 4 6 1 28 13 35 12 35 28 22 37 34 43 25 25 0 1 24 
20 32 21 35 20 30 32 9 47 13 18 48 5 27 15 22 39 34 11 37 42 27 17 9 38 44 19 16 19 9 19 12 22 1 45 6 25 2 27 22 41 6 26 44 13 39 49 1 0 5 
28 48 43 33 5 32 31 21 32 41 26 43 14 7 17 16 27 13 22 2 42 29 22 16 29 45 23 25 7 1 37 21 22 26 49 18 47 13 14 12 25 10 18 28 13 47 2 24 5 0 
