0 4 25 15 21 38 34 35 22 2 43 2 18 23 10 42 9 14 26 11 44 22 14 47 45 12 32 14 4 1 23 8 27 46 3 23 10 11 43 12 30 1 10 9 42 29 30 47 9 35 
4 0 13 40 35 23 16 30 10 37 9 24 20 44 34 33 34 2 49 36 23 25 37 39 49 33 45 22 24 15 39 31 36 47 30 16 36 35 11 30 3 17 38 10 37 27 10 34 29 16 
25 13 0 15 24 41 17 3 43 40 7 25 41 9 26 25 37 34 8 43 47 7 3 35 11 29 7 34 16 48 14 49 36 35 10 25 35 35 18 15 27 33 26 35 37 46 49 41 17 13 
15 40 15 0 45 36 38 23 15 11 23 29 27 42 22 29 11 23 44 44 14 13 30 38 31 48 1 20 32 18 13 22 39 4 24 28 23 10 35 35 38 13 26 9 23 15 32 44 8 48 
21 35 24 45 0 48 46 41 11 13 14 44 31 25 9 30 17 13 4 12 38 15 3 7 6 14 43 3 48 40 20 27 39 44 33 8 48 24 29 20 30 18 17 48 48 10 29 47 12 45 
38 23 41 36 48 0 17 20 33 28 17 5 46 41 20 46 6 31 26 33 37 48 22 27 39 14 39 47 45 43 19 2 14 26 32 9 5 32 36 27 48 37 3 40 45 24 30 26 14 1 
34 16 17 38 46 17 0 22 45 6 47 21 30 18 4 9 24 27 16 34 26 14 16 48 4 18 29 11 44 33 42 13 1 42 24 20 42 39 25 22 23 36 46 24 33 8 24 22 40 19 
35 30 3 23 41 20 22 0 10 32 18 35 1 42 42 22 9 39 48 43 38 9 13 3 41 7 17 17 15 33 34 8 32 8 21 19 4 48 3 26 14 4 42 20 14 41 31 39 48 35 
22 10 43 15 11 33 45 10 0 42 42 2 11 9 31 28 8 1 28 14 17 49 41 47 41 18 39 10 14 4 41 27 8 27 36 31 43 40 23 7 16 12 38 9 7 6 9 49 30 43 
2 37 40 11 13 28 6 32 42 0 41 2 37 43 5 3 43 20 22 27 14 5 40 16 12 16 12 26 43 4 45 34 16 28 35 29 30 2 12 43 13 12 3 33 5 28 21 1 36 42 
43 9 7 23 14 17 47 18 42 41 0 45 42 15 43 12 39 3 26 49 43 21 34 31 33 39 5 40 32 11 13 6 28 34 1 3 22 29 7 29 4 24 44 44 25 49 12 23 6 24 
2 24 25 29 44 5 21 35 2 2 45 0 24 22 4 33 49 9 44 34 44 19 30 9 33 7 2 2 3 46 14 48 28 2 2 11 43 1 28 36 47 46 41 47 42 48 3 38 48 25 
18 20 41 27 31 46 30 1 11 37 42 24 0 20 9 3 44 42 12 31 49 45 31 45 7 9 17 36 16 11 1 40 12 11 3 41 42 41 25 28 31 47 39 24 46 31 48 7 40 36 
23 44 9 42 25 41 18 42 9 43 15 22 20 0 32 3 38 13 15 42 14 2 28 9 33 35 41 12 23 45 47 25 11 19 9 7 16 14 3 2 18 18 35 26 34 16 7 2 20 10 
10 34 26 22 9 20 4 42 31 5 43 4 9 32 0 18 19 49 3 19 14 43 33 31 1 37 44 12 3 21 41 44 14 38 22 11 25 2 34 38 39 17 16 46 44 6 17 49 13 19 
42 33 25 29 30 46 9 22 28 3 12 33 3 3 18 0 30 7 37 8 3 32 42 43 32 18 30 8 38 11 28 13 7 40 49 7 17 45 44 12 4 28 12 47 49 20 13 3 15 44 
9 34 37 11 17 6 24 9 8 43 39 49 44 38 19 30 0 31 15 43 30 44 12 27 16 8 47 21 24 33 9 9 42 39 17 26 16 46 34 7 24 2 38 49 24 47 31 28 41 45 
14 2 34 23 13 31 27 39 1 20 3 9 42 13 49 7 31 0 18 11 38 19 5 5 24 26 48 28 9 38 10 11 43 4 43 28 15 29 5 15 31 33 24 24 48 45 7 38 41 35 
26 49 8 44 4 26 16 48 28 22 26 44 12 15 3 37 15 18 0 30 49 30 16 13 24 20 11 24 36 16 22 19 45 11 47 44 10 39 45 40 4 45 18 34 30 19 47 6 24 32 
11 36 43 44 12 33 34 43 14 27 49 34 31 42 19 8 43 11 30 0 41 28 15 8 39 36 30 20 18 46 7 27 1 34 42 46 42 28 44 49 21 22 38 21 23 1 11 33 35 24 
44 23 47 14 38 37 26 38 17 14 43 44 49 14 14 3 30 38 49 41 0 9 1 13 39 30 38 1 19 46 33 4 1 37 7 17 49 15 2 8 45 6 12 42 29 33 29 23 12 24 
22 25 7 13 15 48 14 9 49 5 21 19 45 2 43 32 44 19 30 28 9 0 42 46 40 48 18 43 5 3 5 21 35 24 24 10 8 10 10 14 21 12 28 12 21 10 5 5 5 31 
14 37 3 30 3 22 16 13 41 40 34 30 31 28 33 42 12 5 16 15 1 42 0 21 45 47 17 12 24 30 15 8 31 16 46 26 2 8 13 22 3 46 11 10 11 1 9 31 1 21 
47 39 35 38 7 27 48 3 47 16 31 9 45 9 31 43 27 5 13 8 13 46 21 0 39 38 47 24 25 41 12 2 9 28 38 38 40 10 45 17 24 34 37 33 31 2 33 2 7 40 
45 49 11 31 6 39 4 41 41 12 33 33 7 33 1 32 16 24 24 39 39 40 45 39 0 16 30 7 34 10 33 10 40 20 4 10 26 25 13 31 3 17 6 23 31 16 49 14 25 18 
12 33 29 48 14 14 18 7 18 16 39 7 9 35 37 18 8 26 20 36 30 48 47 38 16 0 17 49 8 37 8 1 39 45 4 45 44 34 21 43 40 11 29 6 7 45 7 6 2 24 
32 45 7 1 43 39 29 17 39 12 5 2 17 41 44 30 47 48 11 30 38 18 17 47 30 17 0 1 12 40 27 47 27 24 16 7 44 41 22 43 48 23 43 8 43 17 33 47 27 48 
14 22 34 20 3 47 11 17 10 26 40 2 36 12 12 8 21 28 24 20 1 43 12 24 7 49 1 0 29 25 38 13 48 19 42 35 32 47 29 14 16 40 27 31 41 37 45 18 3 25 
4 24 16 32 48 45 44 15 14 43 32 3 16 23 3 38 24 9 36 18 19 5 24 25 34 8 12 29 0 19 11 34 5 45 42 6 25 45 20 13 47 25 20 23 24 41 8 2 38 28 
1 15 48 18 40 43 33 33 4 4 11 46 11 45 21 11 33 38 16 46 46 3 30 41 10 37 40 25 19 0 23 34 7 21 40 21 7 8 36 9 4 18 3 27 48 18 24 49 13 28 
23 39 14 13 20 19 42 34 41 45 13 14 1 47 41 28 9 10 22 7 33 5 15 12 33 8 27 38 11 23 0 14 24 27 22 14 42 13 48 2 15 32 29 17 39 41 16 19 8 17 
8 31 49 22 27 2 13 8 27 34 6 48 40 25 44 13 9 11 19 27 4 21 8 2 10 1 47 13 34 34 14 0 48 5 30 19 32 47 1 20 24 40 23 29 35 9 28 45 16 46 
27 36 36 39 39 14 1 32 8 16 28 28 12 11 14 7 42 43 45 1 1 35 31 9 40 39 27 48 5 7 24 48 0 30 3 30 3 17 36 39 44 26 8 26 21 23 7 40 4 42 
46 47 35 4 44 26 42 8 27 28 34 2 11 19 38 40 39 4 11 34 37 24 16 28 20 45 24 19 45 21 27 5 30 0 33 4 47 45 47 1 14 29 41 5 32 17 11 34 33 47 
3 30 10 24 33 32 24 21 36 35 1 2 3 9 22 49 17 43 47 42 7 24 46 38 4 4 16 42 42 40 22 30 3 33 0 48 16 47 31 37 48 6 39 8 16 36 15 6 12 7 
23 16 25 28 8 9 20 19 31 29 3 11 41 7 11 7 26 28 44 46 17 10 26 38 10 45 7 35 6 21 14 19 30 4 48 0 6 8 10 10 16 21 24 9 43 19 19 13 17 43 
10 36 35 23 48 5 42 4 43 30 22 43 42 16 25 17 16 15 10 42 49 8 2 40 26 44 44 32 25 7 42 32 3 47 16 6 0 18 34 11 35 44 16 22 45 32 12 2 12 7 
11 35 35 10 24 32 39 48 40 2 29 1 41 14 2 45 46 29 39 28 15 10 8 10 25 34 41 47 45 8 13 47 17 45 47 8 18 0 32 43 19 27 34 45 4 32 2 38 7 46 
43 11 18 35 29 36 25 3 23 12 7 28 25 3 34 44 34 5 45 44 2 10 13 45 13 21 22 29 20 36 48 1 36 47 31 10 34 32 0 41 34 43 1 37 47 22 38 39 1 34 
12 30 15 35 20 27 22 26 7 43 29 36 28 2 38 12 7 15 40 49 8 14 22 17 31 43 43 14 13 9 2 20 39 1 37 10 11 43 41 0 20 12 22 26 46 4 26 19 31 25 
30 3 27 38 30 48 23 14 16 13 4 47 31 18 39 4 24 31 4 21 45 21 3 24 3 40 48 16 47 4 15 24 44 14 48 16 35 19 34 20 0 3 1 14 9 37 49 38 14 23 
1 17 33 13 18 37 36 4 12 12 24 46 47 18 17 28 2 33 45 22 6 12 46 34 17 11 23 40 25 18 32 40 26 29 6 21 44 27 43 12 3 0 14 24 8 15 3 16 8 1 
10 38 26 26 17 3 46 42 38 3 44 41 39 35 16 12 38 24 18 38 12 28 11 37 6 29 43 27 20 3 29 23 8 41 39 24 16 34 1 22 1 14 0 44 15 12 6 42 48 12 
9 10 35 9 48 40 24 20 9 33 44 47 24 26 46 47 49 24 34 21 42 12 10 33 23 6 8 31 23 27 17 29 26 5 8 9 22 45 37 26 14 24 44 0 39 21 42 12 10 1 
42 37 37 23 48 45 33 14 7 5 25 42 46 34 44 49 24 48 30 23 29 21 11 31 31 7 43 41 24 48 39 35 21 32 16 43 45 4 47 46 9 8 15 39 0 23 3 14 15 15 
29 27 46 15 10 24 8 41 6 28 49 48 31 16 6 20 47 45 19 1 33 10 1 2 16 45 17 37 41 18 41 9 23 17 36 19 32 32 22 4 37 15 12 21 23 0 8 32 41 37 
30 10 49 32 29 30 24 31 9 21 12 3 48 7 17 13 31 7 47 11 29 5 9 33 49 7 33 45 8 24 16 28 7 11 15 19 12 2 38 26 49 3 6 42 3 8 0 8 43 32 
47 34 41 44 47 26 22 39 49 1 23 38 7 2 49 3 28 38 6 33 23 5 31 2 14 6 47 18 2 49 19 45 40 34 6 13 2 38 39 19 38 16 42 12 14 32 8 0 38 18 
9 29 17 8 12 14 40 48 30 36 6 48 40 20 13 15 41 41 24 35 12 5 1 7 25 2 27 3 38 13 8 16 4 33 12 17 12 7 1 31 14 8 48 10 15 41 43 38 0 20 
35 16 13 48 45 1 19 35 43 42 24 25 36 10 19 44 45 35 32 24 24 31 21 40 18 24 48 25 28 28 17 46 42 47 7 43 7 46 34 25 23 1 12 1 15 37 32 18 20 0 
