0 23 29 9 43 41 44 12 44 37 15 3 21 1 38 16 22 42 46 44 35 16 32 13 28 34 15 7 33 45 13 20 33 49 46 26 18 14 44 42 2 37 7 8 47 12 13 35 19 28 
23 0 19 6 20 1 16 12 28 11 3 49 2 21 38 3 22 33 15 39 49 38 44 1 34 29 25 6 39 32 4 21 26 35 18 46 21 2 9 36 10 19 19 23 33 16 10 21 49 20 
29 19 0 33 3 5 41 18 25 27 13 26 7 46 34 23 15 24 31 7 48 8 14 2 6 44 20 29 20 28 39 31 4 11 30 43 23 46 14 20 8 39 4 5 1 35 24 34 33 14 
9 6 33 0 48 37 31 32 23 21 20 7 12 9 27 3 45 30 49 35 45 16 8 18 28 21 18 37 42 26 22 33 45 4 48 3 21 33 19 30 40 41 45 34 26 22 8 8 33 7 
43 20 3 48 0 41 47 35 25 30 15 42 34 24 5 49 11 4 21 42 40 10 44 28 12 19 2 34 7 42 28 6 33 26 12 6 7 27 19 32 46 36 1 27 18 23 42 49 16 36 
41 1 5 37 41 0 4 48 41 10 43 35 41 14 40 5 49 33 17 47 8 10 27 27 42 47 37 20 30 37 29 46 18 30 39 40 33 32 3 23 13 11 4 30 18 42 36 30 37 32 
44 16 41 31 47 4 0 16 20 10 5 35 3 25 28 22 9 13 40 17 39 11 13 9 7 13 27 42 4 13 49 17 14 45 13 39 17 19 1 35 39 20 22 35 42 45 40 2 1 24 
12 12 18 32 35 48 16 0 21 47 41 37 11 7 40 22 48 25 47 24 18 34 49 25 16 40 31 1 9 1 35 41 41 15 12 32 46 47 38 6 29 41 35 23 26 22 21 15 29 48 
44 28 25 23 25 41 20 21 0 42 43 39 4 25 42 9 11 40 22 11 26 18 12 31 12 16 29 5 7 29 11 42 7 38 24 2 15 31 21 39 5 4 2 33 44 39 8 46 8 28 
37 11 27 21 30 10 10 47 42 0 29 26 47 33 15 48 15 7 45 36 41 8 17 36 44 41 31 7 32 24 5 21 13 46 13 29 2 19 23 32 7 41 19 26 49 40 39 47 40 17 
15 3 13 20 15 43 5 41 43 29 0 37 33 16 8 20 12 28 45 48 14 29 46 21 12 41 38 23 19 26 44 40 37 9 16 15 47 35 7 10 42 38 6 47 34 41 9 23 20 9 
3 49 26 7 42 35 35 37 39 26 37 0 47 46 44 48 23 9 3 44 21 36 34 12 6 24 15 43 41 37 46 25 8 10 12 37 43 41 47 4 11 35 49 44 40 15 23 38 46 33 
21 2 7 12 34 41 3 11 4 47 33 47 0 17 18 37 16 27 43 32 18 43 25 11 49 7 30 36 27 30 29 15 35 2 12 20 14 31 6 49 34 11 22 14 32 12 39 28 7 45 
1 21 46 9 24 14 25 7 25 33 16 46 17 0 12 5 33 21 19 17 19 10 6 43 22 12 46 15 4 38 40 20 31 32 11 3 33 42 24 35 34 39 13 21 48 15 13 6 1 26 
38 38 34 27 5 40 28 40 42 15 8 44 18 12 0 29 41 17 12 4 36 4 39 44 15 34 25 14 19 1 35 41 2 2 38 26 16 26 25 16 48 45 47 32 39 49 21 13 34 2 
16 3 23 3 49 5 22 22 9 48 20 48 37 5 29 0 23 22 3 27 44 24 36 4 23 10 26 14 24 42 2 2 10 48 29 47 31 4 7 26 28 46 14 23 5 37 45 14 47 42 
22 22 15 45 11 49 9 48 11 15 12 23 16 33 41 23 0 19 17 16 11 41 39 33 29 48 19 42 48 37 49 42 2 41 41 43 12 40 33 3 8 29 33 45 30 21 29 2 43 31 
42 33 24 30 4 33 13 25 40 7 28 9 27 21 17 22 19 0 36 6 35 5 47 18 2 10 15 42 35 17 11 36 11 22 9 19 35 31 10 24 10 47 48 32 21 39 9 36 24 8 
46 15 31 49 21 17 40 47 22 45 45 3 43 19 12 3 17 36 0 46 15 43 49 25 21 47 10 27 28 32 31 23 44 15 7 30 22 32 32 5 33 22 46 39 32 35 47 24 39 27 
44 39 7 35 42 47 17 24 11 36 48 44 32 17 4 27 16 6 46 0 35 44 32 29 20 21 39 15 34 34 37 35 13 35 47 10 37 11 6 36 49 22 41 42 41 13 3 26 49 11 
35 49 48 45 40 8 39 18 26 41 14 21 18 19 36 44 11 35 15 35 0 3 41 42 23 17 17 20 33 45 17 41 43 20 47 26 42 44 10 31 46 48 15 42 6 4 13 15 17 16 
16 38 8 16 10 10 11 34 18 8 29 36 43 10 4 24 41 5 43 44 3 0 13 30 6 1 49 48 7 27 32 13 25 18 35 30 16 48 7 47 45 39 18 27 44 8 15 10 36 42 
32 44 14 8 44 27 13 49 12 17 46 34 25 6 39 36 39 47 49 32 41 13 0 29 6 46 19 24 46 20 20 28 43 3 21 16 8 39 38 31 38 31 33 28 2 34 47 3 12 3 
13 1 2 18 28 27 9 25 31 36 21 12 11 43 44 4 33 18 25 29 42 30 29 0 32 43 37 49 11 3 36 12 30 22 15 9 48 11 23 33 47 4 32 34 32 2 4 29 15 40 
28 34 6 28 12 42 7 16 12 44 12 6 49 22 15 23 29 2 21 20 23 6 6 32 0 19 8 19 49 44 8 26 4 27 22 21 35 30 1 25 19 28 41 13 4 41 19 48 24 1 
34 29 44 21 19 47 13 40 16 41 41 24 7 12 34 10 48 10 47 21 17 1 46 43 19 0 4 38 1 30 34 32 38 9 27 4 38 27 17 23 49 19 45 1 49 35 19 29 44 9 
15 25 20 18 2 37 27 31 29 31 38 15 30 46 25 26 19 15 10 39 17 49 19 37 8 4 0 7 45 5 25 41 20 5 7 22 29 20 26 48 17 11 48 7 9 21 24 34 1 35 
7 6 29 37 34 20 42 1 5 7 23 43 36 15 14 14 42 42 27 15 20 48 24 49 19 38 7 0 31 18 14 1 8 13 2 1 25 12 41 24 31 26 1 32 47 34 23 13 3 7 
33 39 20 42 7 30 4 9 7 32 19 41 27 4 19 24 48 35 28 34 33 7 46 11 49 1 45 31 0 5 49 24 26 9 42 18 11 37 40 25 19 27 45 30 43 47 19 18 43 35 
45 32 28 26 42 37 13 1 29 24 26 37 30 38 1 42 37 17 32 34 45 27 20 3 44 30 5 18 5 0 46 30 22 6 35 34 4 31 16 10 4 35 36 31 11 16 13 48 13 4 
13 4 39 22 28 29 49 35 11 5 44 46 29 40 35 2 49 11 31 37 17 32 20 36 8 34 25 14 49 46 0 15 3 7 26 45 16 40 8 13 25 46 47 31 26 39 32 44 31 1 
20 21 31 33 6 46 17 41 42 21 40 25 15 20 41 2 42 36 23 35 41 13 28 12 26 32 41 1 24 30 15 0 9 38 34 33 18 4 47 11 45 18 8 20 31 43 38 7 18 7 
33 26 4 45 33 18 14 41 7 13 37 8 35 31 2 10 2 11 44 13 43 25 43 30 4 38 20 8 26 22 3 9 0 10 6 45 15 46 14 4 19 43 8 47 42 24 11 32 41 38 
49 35 11 4 26 30 45 15 38 46 9 10 2 32 2 48 41 22 15 35 20 18 3 22 27 9 5 13 9 6 7 38 10 0 15 35 32 38 32 28 8 27 6 2 9 27 43 10 3 31 
46 18 30 48 12 39 13 12 24 13 16 12 12 11 38 29 41 9 7 47 47 35 21 15 22 27 7 2 42 35 26 34 6 15 0 6 14 8 39 12 26 4 12 11 26 37 25 25 28 29 
26 46 43 3 6 40 39 32 2 29 15 37 20 3 26 47 43 19 30 10 26 30 16 9 21 4 22 1 18 34 45 33 45 35 6 0 43 21 27 7 44 19 3 7 39 20 25 34 14 27 
18 21 23 21 7 33 17 46 15 2 47 43 14 33 16 31 12 35 22 37 42 16 8 48 35 38 29 25 11 4 16 18 15 32 14 43 0 40 49 21 45 32 6 48 29 9 2 34 14 48 
14 2 46 33 27 32 19 47 31 19 35 41 31 42 26 4 40 31 32 11 44 48 39 11 30 27 20 12 37 31 40 4 46 38 8 21 40 0 47 45 48 14 2 29 38 6 16 28 20 40 
44 9 14 19 19 3 1 38 21 23 7 47 6 24 25 7 33 10 32 6 10 7 38 23 1 17 26 41 40 16 8 47 14 32 39 27 49 47 0 20 21 5 37 24 47 19 18 2 7 34 
42 36 20 30 32 23 35 6 39 32 10 4 49 35 16 26 3 24 5 36 31 47 31 33 25 23 48 24 25 10 13 11 4 28 12 7 21 45 20 0 45 5 44 2 29 15 27 46 17 22 
2 10 8 40 46 13 39 29 5 7 42 11 34 34 48 28 8 10 33 49 46 45 38 47 19 49 17 31 19 4 25 45 19 8 26 44 45 48 21 45 0 33 25 29 21 34 28 46 6 26 
37 19 39 41 36 11 20 41 4 41 38 35 11 39 45 46 29 47 22 22 48 39 31 4 28 19 11 26 27 35 46 18 43 27 4 19 32 14 5 5 33 0 42 3 39 30 1 7 33 26 
7 19 4 45 1 4 22 35 2 19 6 49 22 13 47 14 33 48 46 41 15 18 33 32 41 45 48 1 45 36 47 8 8 6 12 3 6 2 37 44 25 42 0 4 19 6 9 38 27 6 
8 23 5 34 27 30 35 23 33 26 47 44 14 21 32 23 45 32 39 42 42 27 28 34 13 1 7 32 30 31 31 20 47 2 11 7 48 29 24 2 29 3 4 0 28 11 7 47 20 1 
47 33 1 26 18 18 42 26 44 49 34 40 32 48 39 5 30 21 32 41 6 44 2 32 4 49 9 47 43 11 26 31 42 9 26 39 29 38 47 29 21 39 19 28 0 16 33 28 41 4 
12 16 35 22 23 42 45 22 39 40 41 15 12 15 49 37 21 39 35 13 4 8 34 2 41 35 21 34 47 16 39 43 24 27 37 20 9 6 19 15 34 30 6 11 16 0 2 2 13 14 
13 10 24 8 42 36 40 21 8 39 9 23 39 13 21 45 29 9 47 3 13 15 47 4 19 19 24 23 19 13 32 38 11 43 25 25 2 16 18 27 28 1 9 7 33 2 0 31 4 37 
35 21 34 8 49 30 2 15 46 47 23 38 28 6 13 14 2 36 24 26 15 10 3 29 48 29 34 13 18 48 44 7 32 10 25 34 34 28 2 46 46 7 38 47 28 2 31 0 33 27 
19 49 33 33 16 37 1 29 8 40 20 46 7 1 34 47 43 24 39 49 17 36 12 15 24 44 1 3 43 13 31 18 41 3 28 14 14 20 7 17 6 33 27 20 41 13 4 33 0 1 
28 20 14 7 36 32 24 48 28 17 9 33 45 26 2 42 31 8 27 11 16 42 3 40 1 9 35 7 35 4 1 7 38 31 29 27 48 40 34 22 26 26 6 1 4 14 37 27 1 0 
