0 47 46 3 38 26 41 36 2 24 12 33 19 18 34 27 36 4 13 33 18 8 20 13 12 37 34 45 27 8 15 10 34 34 9 16 37 14 45 5 39 45 34 6 44 14 40 48 7 17 
47 0 20 45 23 29 8 18 41 26 38 43 29 44 28 35 26 11 34 25 39 19 21 40 39 32 26 3 36 13 29 38 32 26 48 30 23 44 19 41 22 42 43 42 20 27 42 27 29 5 
46 20 0 18 16 25 11 39 29 10 24 31 22 10 20 13 31 36 29 13 45 1 31 22 19 2 9 34 49 11 34 47 39 23 42 22 33 38 45 19 36 14 19 30 7 4 5 3 42 18 
3 45 18 0 34 29 3 8 33 44 45 48 29 9 1 44 30 38 41 17 45 12 9 12 31 16 28 28 36 25 49 23 35 16 40 27 3 42 28 18 4 6 5 1 49 1 16 40 36 28 
38 23 16 34 0 24 28 14 4 4 20 38 26 46 29 2 47 45 36 11 13 22 28 41 37 48 36 33 30 33 32 2 9 37 38 38 42 10 27 26 2 10 22 40 34 49 35 37 23 13 
26 29 25 29 24 0 49 3 4 41 26 20 30 10 47 30 38 43 40 29 36 47 33 13 22 20 26 19 19 40 44 25 20 4 13 15 16 28 36 26 6 47 39 23 42 49 42 37 32 27 
41 8 11 3 28 49 0 24 3 12 37 26 25 3 48 26 27 49 36 39 7 42 37 5 4 4 31 30 20 39 45 43 34 41 25 46 13 48 7 4 20 23 24 13 11 5 18 6 49 33 
36 18 39 8 14 3 24 0 32 34 6 37 40 38 13 36 5 39 22 11 17 24 31 20 25 6 4 29 28 6 13 43 29 20 11 11 8 18 40 3 32 11 20 29 12 17 11 4 48 32 
2 41 29 33 4 4 3 32 0 9 18 36 22 25 13 17 12 5 38 13 7 4 6 45 34 22 6 6 42 21 22 5 44 21 32 23 7 49 14 3 46 25 42 41 47 12 5 9 33 32 
24 26 10 44 4 41 12 34 9 0 14 44 31 7 14 38 37 33 1 7 18 10 35 35 4 19 36 34 42 44 12 16 23 3 37 42 24 7 14 25 43 40 7 8 39 46 22 18 17 9 
12 38 24 45 20 26 37 6 18 14 0 49 42 3 7 18 2 27 14 1 16 34 20 31 47 46 2 3 36 43 6 49 16 5 7 37 41 12 40 40 12 40 16 27 14 26 37 41 42 11 
33 43 31 48 38 20 26 37 36 44 49 0 21 15 30 34 8 13 44 6 24 39 31 26 33 5 34 6 40 28 18 47 42 16 25 22 16 25 29 39 3 41 30 22 32 29 43 9 16 11 
19 29 22 29 26 30 25 40 22 31 42 21 0 7 8 43 22 29 11 13 27 34 38 23 36 22 43 43 23 2 34 26 23 29 32 4 24 27 24 33 42 7 3 29 35 33 13 5 48 27 
18 44 10 9 46 10 3 38 25 7 3 15 7 0 40 39 47 17 17 18 9 34 1 36 38 8 9 5 14 16 3 32 40 26 18 39 9 26 31 12 43 10 10 36 7 37 21 49 31 7 
34 28 20 1 29 47 48 13 13 14 7 30 8 40 0 26 42 17 30 28 22 3 43 32 17 21 35 29 34 14 8 25 44 10 46 26 17 35 29 26 43 36 9 13 18 44 10 14 36 37 
27 35 13 44 2 30 26 36 17 38 18 34 43 39 26 0 15 45 14 22 42 5 34 37 34 16 49 20 24 34 3 36 25 49 39 7 5 24 11 33 32 27 37 16 14 49 13 44 13 3 
36 26 31 30 47 38 27 5 12 37 2 8 22 47 42 15 0 8 20 29 2 27 2 41 9 49 44 29 38 22 23 3 44 48 20 17 45 7 4 36 23 38 7 33 4 16 3 11 48 31 
4 11 36 38 45 43 49 39 5 33 27 13 29 17 17 45 8 0 43 8 30 4 32 20 13 48 29 40 23 3 41 38 40 11 16 44 8 9 13 25 48 11 14 3 8 36 25 23 4 9 
13 34 29 41 36 40 36 22 38 1 14 44 11 17 30 14 20 43 0 32 28 47 35 23 40 41 34 39 23 48 37 15 33 22 37 41 20 42 22 26 27 8 3 48 36 41 28 32 34 25 
33 25 13 17 11 29 39 11 13 7 1 6 13 18 28 22 29 8 32 0 29 22 24 2 16 30 40 30 18 5 45 20 40 30 35 45 40 13 23 42 14 4 6 15 15 4 18 13 8 6 
18 39 45 45 13 36 7 17 7 18 16 24 27 9 22 42 2 30 28 29 0 20 38 13 2 37 4 13 28 31 31 28 19 31 28 18 35 5 37 40 48 30 41 38 47 4 17 20 15 19 
8 19 1 12 22 47 42 24 4 10 34 39 34 34 3 5 27 4 47 22 20 0 38 28 21 45 37 29 32 2 8 28 35 14 16 43 7 8 22 21 5 4 34 9 17 24 34 26 22 5 
20 21 31 9 28 33 37 31 6 35 20 31 38 1 43 34 2 32 35 24 38 38 0 37 33 16 42 24 20 40 44 2 49 5 22 11 47 23 24 20 33 10 11 45 11 38 4 33 27 13 
13 40 22 12 41 13 5 20 45 35 31 26 23 36 32 37 41 20 23 2 13 28 37 0 33 46 32 24 44 8 35 40 18 36 39 38 22 33 29 40 9 3 45 39 26 34 27 39 36 41 
12 39 19 31 37 22 4 25 34 4 47 33 36 38 17 34 9 13 40 16 2 21 33 33 0 12 21 35 22 19 28 9 38 44 47 34 25 25 1 9 18 34 38 35 21 27 47 20 48 33 
37 32 2 16 48 20 4 6 22 19 46 5 22 8 21 16 49 48 41 30 37 45 16 46 12 0 27 5 3 17 2 26 8 39 42 20 18 23 30 4 46 32 12 19 43 17 17 31 32 28 
34 26 9 28 36 26 31 4 6 36 2 34 43 9 35 49 44 29 34 40 4 37 42 32 21 27 0 28 35 49 27 41 34 10 45 11 32 2 4 5 4 42 42 2 45 40 48 36 32 23 
45 3 34 28 33 19 30 29 6 34 3 6 43 5 29 20 29 40 39 30 13 29 24 24 35 5 28 0 12 47 10 40 29 49 7 23 17 13 17 11 16 8 45 37 30 39 25 36 6 5 
27 36 49 36 30 19 20 28 42 42 36 40 23 14 34 24 38 23 23 18 28 32 20 44 22 3 35 12 0 10 19 28 37 24 27 14 28 1 6 12 25 20 36 36 10 22 6 14 48 31 
8 13 11 25 33 40 39 6 21 44 43 28 2 16 14 34 22 3 48 5 31 2 40 8 19 17 49 47 10 0 8 45 5 7 5 26 42 15 23 26 33 17 28 33 32 49 33 33 9 37 
15 29 34 49 32 44 45 13 22 12 6 18 34 3 8 3 23 41 37 45 31 8 44 35 28 2 27 10 19 8 0 26 24 44 37 10 2 49 18 45 45 6 31 35 32 32 15 27 14 45 
10 38 47 23 2 25 43 43 5 16 49 47 26 32 25 36 3 38 15 20 28 28 2 40 9 26 41 40 28 45 26 0 5 16 42 35 22 8 30 42 5 25 11 32 31 42 1 49 15 36 
34 32 39 35 9 20 34 29 44 23 16 42 23 40 44 25 44 40 33 40 19 35 49 18 38 8 34 29 37 5 24 5 0 23 2 11 31 34 14 4 9 4 13 16 11 38 22 46 49 32 
34 26 23 16 37 4 41 20 21 3 5 16 29 26 10 49 48 11 22 30 31 14 5 36 44 39 10 49 24 7 44 16 23 0 5 46 29 6 5 4 11 10 14 40 2 12 14 19 30 35 
9 48 42 40 38 13 25 11 32 37 7 25 32 18 46 39 20 16 37 35 28 16 22 39 47 42 45 7 27 5 37 42 2 5 0 46 30 6 16 21 42 30 20 36 35 43 22 35 48 42 
16 30 22 27 38 15 46 11 23 42 37 22 4 39 26 7 17 44 41 45 18 43 11 38 34 20 11 23 14 26 10 35 11 46 46 0 4 43 40 4 20 17 7 19 24 4 33 26 25 45 
37 23 33 3 42 16 13 8 7 24 41 16 24 9 17 5 45 8 20 40 35 7 47 22 25 18 32 17 28 42 2 22 31 29 30 4 0 26 30 35 39 21 1 24 41 44 35 21 23 7 
14 44 38 42 10 28 48 18 49 7 12 25 27 26 35 24 7 9 42 13 5 8 23 33 25 23 2 13 1 15 49 8 34 6 6 43 26 0 16 48 15 30 2 49 29 16 39 18 42 19 
45 19 45 28 27 36 7 40 14 14 40 29 24 31 29 11 4 13 22 23 37 22 24 29 1 30 4 17 6 23 18 30 14 5 16 40 30 16 0 32 45 17 20 42 32 27 34 31 34 30 
5 41 19 18 26 26 4 3 3 25 40 39 33 12 26 33 36 25 26 42 40 21 20 40 9 4 5 11 12 26 45 42 4 4 21 4 35 48 32 0 35 33 44 24 28 2 39 14 32 27 
39 22 36 4 2 6 20 32 46 43 12 3 42 43 43 32 23 48 27 14 48 5 33 9 18 46 4 16 25 33 45 5 9 11 42 20 39 15 45 35 0 23 32 44 48 7 23 43 9 31 
45 42 14 6 10 47 23 11 25 40 40 41 7 10 36 27 38 11 8 4 30 4 10 3 34 32 42 8 20 17 6 25 4 10 30 17 21 30 17 33 23 0 41 30 24 9 22 33 37 35 
34 43 19 5 22 39 24 20 42 7 16 30 3 10 9 37 7 14 3 6 41 34 11 45 38 12 42 45 36 28 31 11 13 14 20 7 1 2 20 44 32 41 0 18 14 31 47 10 40 19 
6 42 30 1 40 23 13 29 41 8 27 22 29 36 13 16 33 3 48 15 38 9 45 39 35 19 2 37 36 33 35 32 16 40 36 19 24 49 42 24 44 30 18 0 5 4 49 9 21 22 
44 20 7 49 34 42 11 12 47 39 14 32 35 7 18 14 4 8 36 15 47 17 11 26 21 43 45 30 10 32 32 31 11 2 35 24 41 29 32 28 48 24 14 5 0 9 25 4 2 24 
14 27 4 1 49 49 5 17 12 46 26 29 33 37 44 49 16 36 41 4 4 24 38 34 27 17 40 39 22 49 32 42 38 12 43 4 44 16 27 2 7 9 31 4 9 0 29 36 45 10 
40 42 5 16 35 42 18 11 5 22 37 43 13 21 10 13 3 25 28 18 17 34 4 27 47 17 48 25 6 33 15 1 22 14 22 33 35 39 34 39 23 22 47 49 25 29 0 45 46 13 
48 27 3 40 37 37 6 4 9 18 41 9 5 49 14 44 11 23 32 13 20 26 33 39 20 31 36 36 14 33 27 49 46 19 35 26 21 18 31 14 43 33 10 9 4 36 45 0 7 37 
7 29 42 36 23 32 49 48 33 17 42 16 48 31 36 13 48 4 34 8 15 22 27 36 48 32 32 6 48 9 14 15 49 30 48 25 23 42 34 32 9 37 40 21 2 45 46 7 0 9 
17 5 18 28 13 27 33 32 32 9 11 11 27 7 37 3 31 9 25 6 19 5 13 41 33 28 23 5 31 37 45 36 32 35 42 45 7 19 30 27 31 35 19 22 24 10 13 37 9 0 
