0 6 48 13 17 2 36 40 10 19 45 33 42 36 22 23 11 43 45 48 12 36 4 20 28 22 7 1 7 49 22 24 35 24 41 27 44 34 7 1 27 11 18 43 21 10 44 39 22 44 
6 0 31 16 24 36 49 45 29 25 9 45 46 31 17 38 26 13 44 46 32 34 18 23 40 42 16 31 35 5 26 38 23 48 31 49 19 31 19 41 47 38 2 18 25 46 48 32 43 25 
48 31 0 27 22 22 26 11 41 2 28 42 38 33 45 20 37 45 27 4 32 8 28 3 28 4 1 46 28 23 21 30 12 11 34 35 14 48 13 36 38 24 40 47 45 18 2 29 12 16 
13 16 27 0 10 37 31 13 22 30 20 34 1 47 6 12 47 38 22 11 12 20 1 46 3 11 19 18 1 10 48 1 49 2 3 36 41 47 29 31 8 34 25 21 16 32 25 30 44 21 
17 24 22 10 0 13 8 2 14 9 38 2 46 45 33 6 33 43 13 13 6 46 11 6 5 3 27 5 20 10 37 4 10 12 15 35 13 49 43 48 34 27 41 18 15 27 17 22 42 23 
2 36 22 37 13 0 43 43 14 27 11 7 6 41 10 40 28 31 14 9 15 30 39 37 33 42 46 4 26 15 49 28 38 21 4 8 41 44 29 12 43 33 27 24 2 19 34 36 29 18 
36 49 26 31 8 43 0 44 5 2 36 46 17 37 42 19 38 21 35 11 15 14 15 12 12 7 15 6 18 41 42 30 14 43 33 28 36 4 16 12 42 44 35 10 36 19 23 43 27 9 
40 45 11 13 2 43 44 0 32 46 31 33 45 30 33 10 37 9 20 47 39 49 24 39 12 26 22 48 5 25 18 49 48 13 44 20 27 23 36 40 30 29 25 6 41 47 47 30 23 22 
10 29 41 22 14 14 5 32 0 30 4 30 22 32 39 1 44 44 39 49 10 10 45 9 32 17 19 17 34 3 49 15 28 36 28 47 30 6 49 44 9 29 47 39 40 15 33 18 30 45 
19 25 2 30 9 27 2 46 30 0 46 9 26 42 13 43 39 24 37 2 23 30 9 27 19 8 49 48 16 16 18 22 6 24 21 20 34 17 29 34 41 9 38 14 30 8 18 33 45 33 
45 9 28 20 38 11 36 31 4 46 0 18 28 19 17 28 35 17 13 30 20 32 5 41 15 3 15 43 7 17 42 14 24 49 22 39 37 11 44 45 16 6 34 34 25 39 36 21 37 40 
33 45 42 34 2 7 46 33 30 9 18 0 16 18 46 42 10 28 40 4 30 5 34 17 25 29 46 44 46 9 29 39 22 21 10 8 26 39 14 4 27 2 12 47 49 19 19 28 30 47 
42 46 38 1 46 6 17 45 22 26 28 16 0 5 20 5 1 12 25 46 13 14 27 2 44 8 2 45 23 37 22 18 46 26 43 27 4 2 5 6 44 10 29 9 30 11 31 8 8 1 
36 31 33 47 45 41 37 30 32 42 19 18 5 0 19 42 32 12 45 23 19 12 35 20 25 34 5 22 5 15 18 34 30 3 8 26 29 6 3 18 36 16 12 47 31 30 22 49 35 40 
22 17 45 6 33 10 42 33 39 13 17 46 20 19 0 33 42 11 45 16 30 23 36 37 29 35 6 15 42 19 1 23 3 3 26 41 20 15 17 24 46 10 48 18 47 14 6 43 8 9 
23 38 20 12 6 40 19 10 1 43 28 42 5 42 33 0 22 37 22 44 3 47 37 28 23 24 35 44 33 7 24 29 19 13 20 20 1 4 17 39 34 12 18 33 47 19 32 12 17 16 
11 26 37 47 33 28 38 37 44 39 35 10 1 32 42 22 0 4 9 10 21 43 49 21 6 6 7 40 20 44 24 47 29 10 27 12 13 15 3 11 38 32 27 12 23 15 6 17 22 24 
43 13 45 38 43 31 21 9 44 24 17 28 12 12 11 37 4 0 40 33 32 25 41 8 4 15 31 8 22 18 27 41 40 42 18 28 24 39 4 49 15 48 38 22 45 43 28 5 44 3 
45 44 27 22 13 14 35 20 39 37 13 40 25 45 45 22 9 40 0 28 16 1 13 11 12 10 43 4 38 17 14 23 46 21 4 11 12 30 8 16 41 33 43 40 13 11 27 48 17 25 
48 46 4 11 13 9 11 47 49 2 30 4 46 23 16 44 10 33 28 0 34 40 42 31 21 8 13 21 13 39 23 18 43 33 25 30 46 14 43 3 7 11 40 1 9 42 21 35 16 42 
12 32 32 12 6 15 15 39 10 23 20 30 13 19 30 3 21 32 16 34 0 42 22 12 2 26 17 1 39 10 15 9 18 9 26 34 35 36 4 34 8 42 47 37 9 3 22 14 34 26 
36 34 8 20 46 30 14 49 10 30 32 5 14 12 23 47 43 25 1 40 42 0 46 16 47 6 36 28 47 33 21 38 26 43 23 41 19 3 23 25 38 22 20 33 18 33 38 37 22 5 
4 18 28 1 11 39 15 24 45 9 5 34 27 35 36 37 49 41 13 42 22 46 0 32 45 17 29 17 6 46 39 31 38 14 47 24 13 32 38 6 13 10 41 21 48 40 14 10 17 30 
20 23 3 46 6 37 12 39 9 27 41 17 2 20 37 28 21 8 11 31 12 16 32 0 34 48 31 34 42 35 12 32 9 23 26 19 15 3 28 16 12 29 14 48 37 30 23 43 37 42 
28 40 28 3 5 33 12 12 32 19 15 25 44 25 29 23 6 4 12 21 2 47 45 34 0 32 17 17 3 30 5 9 20 48 13 13 10 45 39 27 42 5 41 26 1 49 37 5 21 18 
22 42 4 11 3 42 7 26 17 8 3 29 8 34 35 24 6 15 10 8 26 6 17 48 32 0 44 29 27 17 7 2 46 15 44 33 43 19 21 27 6 26 9 17 28 7 32 12 33 24 
7 16 1 19 27 46 15 22 19 49 15 46 2 5 6 35 7 31 43 13 17 36 29 31 17 44 0 7 30 35 40 14 3 43 47 36 33 13 25 31 28 14 24 26 19 4 16 15 32 37 
1 31 46 18 5 4 6 48 17 48 43 44 45 22 15 44 40 8 4 21 1 28 17 34 17 29 7 0 4 45 15 27 46 46 40 45 8 49 27 2 18 5 23 29 42 44 46 37 16 44 
7 35 28 1 20 26 18 5 34 16 7 46 23 5 42 33 20 22 38 13 39 47 6 42 3 27 30 4 0 22 21 6 47 9 29 35 8 46 22 12 21 15 45 6 17 30 7 20 35 30 
49 5 23 10 10 15 41 25 3 16 17 9 37 15 19 7 44 18 17 39 10 33 46 35 30 17 35 45 22 0 40 44 1 4 32 42 13 11 46 39 45 39 15 18 36 42 35 7 3 40 
22 26 21 48 37 49 42 18 49 18 42 29 22 18 1 24 24 27 14 23 15 21 39 12 5 7 40 15 21 40 0 41 15 9 33 10 32 31 28 17 49 19 19 43 19 37 11 35 31 44 
24 38 30 1 4 28 30 49 15 22 14 39 18 34 23 29 47 41 23 18 9 38 31 32 9 2 14 27 6 44 41 0 2 45 3 3 11 7 40 10 16 7 29 30 39 25 24 5 10 11 
35 23 12 49 10 38 14 48 28 6 24 22 46 30 3 19 29 40 46 43 18 26 38 9 20 46 3 46 47 1 15 2 0 5 5 18 14 13 13 30 28 39 35 16 2 27 13 35 15 43 
24 48 11 2 12 21 43 13 36 24 49 21 26 3 3 13 10 42 21 33 9 43 14 23 48 15 43 46 9 4 9 45 5 0 34 13 29 43 44 14 14 3 49 38 33 37 20 38 32 7 
41 31 34 3 15 4 33 44 28 21 22 10 43 8 26 20 27 18 4 25 26 23 47 26 13 44 47 40 29 32 33 3 5 34 0 27 19 42 47 3 44 10 11 12 31 20 44 13 42 9 
27 49 35 36 35 8 28 20 47 20 39 8 27 26 41 20 12 28 11 30 34 41 24 19 13 33 36 45 35 42 10 3 18 13 27 0 8 49 22 28 33 19 37 35 34 31 39 32 6 40 
44 19 14 41 13 41 36 27 30 34 37 26 4 29 20 1 13 24 12 46 35 19 13 15 10 43 33 8 8 13 32 11 14 29 19 8 0 26 40 38 19 1 23 16 20 12 21 3 47 15 
34 31 48 47 49 44 4 23 6 17 11 39 2 6 15 4 15 39 30 14 36 3 32 3 45 19 13 49 46 11 31 7 13 43 42 49 26 0 10 13 13 48 20 2 26 33 36 48 35 22 
7 19 13 29 43 29 16 36 49 29 44 14 5 3 17 17 3 4 8 43 4 23 38 28 39 21 25 27 22 46 28 40 13 44 47 22 40 10 0 13 9 39 13 16 45 35 16 29 7 49 
1 41 36 31 48 12 12 40 44 34 45 4 6 18 24 39 11 49 16 3 34 25 6 16 27 27 31 2 12 39 17 10 30 14 3 28 38 13 13 0 21 26 43 39 12 37 29 46 1 23 
27 47 38 8 34 43 42 30 9 41 16 27 44 36 46 34 38 15 41 7 8 38 13 12 42 6 28 18 21 45 49 16 28 14 44 33 19 13 9 21 0 33 13 41 12 27 6 45 33 46 
11 38 24 34 27 33 44 29 29 9 6 2 10 16 10 12 32 48 33 11 42 22 10 29 5 26 14 5 15 39 19 7 39 3 10 19 1 48 39 26 33 0 38 29 46 3 44 31 30 44 
18 2 40 25 41 27 35 25 47 38 34 12 29 12 48 18 27 38 43 40 47 20 41 14 41 9 24 23 45 15 19 29 35 49 11 37 23 20 13 43 13 38 0 29 10 11 40 30 29 47 
43 18 47 21 18 24 10 6 39 14 34 47 9 47 18 33 12 22 40 1 37 33 21 48 26 17 26 29 6 18 43 30 16 38 12 35 16 2 16 39 41 29 29 0 29 7 33 3 28 42 
21 25 45 16 15 2 36 41 40 30 25 49 30 31 47 47 23 45 13 9 9 18 48 37 1 28 19 42 17 36 19 39 2 33 31 34 20 26 45 12 12 46 10 29 0 48 8 49 39 19 
10 46 18 32 27 19 19 47 15 8 39 19 11 30 14 19 15 43 11 42 3 33 40 30 49 7 4 44 30 42 37 25 27 37 20 31 12 33 35 37 27 3 11 7 48 0 21 15 1 39 
44 48 2 25 17 34 23 47 33 18 36 19 31 22 6 32 6 28 27 21 22 38 14 23 37 32 16 46 7 35 11 24 13 20 44 39 21 36 16 29 6 44 40 33 8 21 0 25 31 6 
39 32 29 30 22 36 43 30 18 33 21 28 8 49 43 12 17 5 48 35 14 37 10 43 5 12 15 37 20 7 35 5 35 38 13 32 3 48 29 46 45 31 30 3 49 15 25 0 40 30 
22 43 12 44 42 29 27 23 30 45 37 30 8 35 8 17 22 44 17 16 34 22 17 37 21 33 32 16 35 3 31 10 15 32 42 6 47 35 7 1 33 30 29 28 39 1 31 40 0 43 
44 25 16 21 23 18 9 22 45 33 40 47 1 40 9 16 24 3 25 42 26 5 30 42 18 24 37 44 30 40 44 11 43 7 9 40 15 22 49 23 46 44 47 42 19 39 6 30 43 0 
