0 35 2 25 22 31 45 23 34 22 13 48 28 15 34 42 48 14 39 24 16 2 13 10 21 5 41 46 48 13 18 17 46 13 37 48 2 36 8 37 17 35 6 36 3 45 25 29 28 26 
35 0 35 10 29 47 20 45 12 26 49 13 30 45 46 15 5 33 4 30 31 9 9 22 2 31 21 12 6 41 10 26 11 43 5 49 13 19 9 15 35 18 12 23 24 8 23 24 31 38 
2 35 0 20 41 12 5 48 13 10 22 48 48 46 47 13 23 13 48 14 4 23 47 49 35 10 32 6 40 14 6 48 4 3 44 36 29 38 37 39 27 13 9 32 29 4 37 35 49 21 
25 10 20 0 26 15 27 47 27 43 48 30 11 22 20 21 33 24 45 31 16 4 6 9 49 15 39 44 31 44 21 7 42 41 43 7 14 21 15 19 37 10 28 37 1 28 30 35 18 44 
22 29 41 26 0 47 3 28 31 32 28 1 13 25 19 44 14 36 18 8 47 27 23 36 33 18 18 20 45 42 49 37 34 45 43 30 45 37 33 32 40 49 39 34 49 6 32 12 41 3 
31 47 12 15 47 0 34 48 20 16 26 47 3 45 25 1 41 3 15 15 18 30 46 39 19 48 18 7 34 16 20 17 13 45 12 47 40 30 17 16 10 15 15 36 47 35 7 43 17 35 
45 20 5 27 3 34 0 41 23 3 4 38 29 31 44 33 7 11 37 33 4 39 19 16 40 35 49 44 4 3 48 7 26 10 2 39 25 18 21 46 30 3 14 15 8 44 26 24 29 15 
23 45 48 47 28 48 41 0 31 49 49 9 27 12 13 45 3 39 29 38 45 28 49 5 29 46 26 5 14 16 5 39 6 1 26 20 15 38 25 16 1 3 37 17 31 36 45 26 13 4 
34 12 13 27 31 20 23 31 0 26 8 42 4 38 13 15 48 8 44 19 49 37 28 3 44 29 5 26 2 20 16 36 15 46 9 20 22 26 18 4 26 25 40 12 16 32 33 32 21 24 
22 26 10 43 32 16 3 49 26 0 11 36 14 5 47 11 13 24 45 3 19 33 22 25 44 48 23 32 46 11 40 3 3 30 30 33 21 37 22 20 5 47 46 36 25 47 49 46 44 4 
13 49 22 48 28 26 4 49 8 11 0 37 43 30 37 12 46 45 34 2 10 44 21 28 49 14 42 49 23 25 34 4 17 49 31 20 10 41 44 41 19 10 12 1 14 8 23 10 14 31 
48 13 48 30 1 47 38 9 42 36 37 0 18 21 49 2 23 3 4 47 8 29 20 42 25 47 48 19 23 25 31 11 44 37 16 25 13 5 15 20 21 16 7 31 9 41 46 8 10 42 
28 30 48 11 13 3 29 27 4 14 43 18 0 27 28 12 15 5 12 9 8 40 43 19 44 4 46 12 48 49 21 4 35 36 35 5 48 15 35 5 29 45 46 7 1 41 16 32 35 8 
15 45 46 22 25 45 31 12 38 5 30 21 27 0 31 27 8 33 40 42 40 24 15 19 43 45 6 39 4 24 30 10 13 19 23 14 29 3 29 8 27 12 20 15 9 28 30 11 26 13 
34 46 47 20 19 25 44 13 13 47 37 49 28 31 0 2 26 46 27 9 25 47 46 26 22 37 13 5 36 2 47 49 13 5 36 7 44 18 19 37 30 24 42 39 40 24 29 31 36 27 
42 15 13 21 44 1 33 45 15 11 12 2 12 27 2 0 6 1 18 1 49 4 31 45 10 8 45 49 43 5 33 5 4 9 18 34 40 13 49 10 40 2 5 26 49 14 35 37 2 5 
48 5 23 33 14 41 7 3 48 13 46 23 15 8 26 6 0 13 29 29 18 22 25 42 15 16 32 16 43 44 32 48 10 39 18 43 32 21 43 46 16 35 38 49 15 24 25 42 4 38 
14 33 13 24 36 3 11 39 8 24 45 3 5 33 46 1 13 0 10 6 26 26 7 37 14 49 16 24 4 22 5 30 26 25 19 33 26 16 25 31 45 32 34 45 13 45 36 15 22 5 
39 4 48 45 18 15 37 29 44 45 34 4 12 40 27 18 29 10 0 19 48 44 21 31 11 21 21 36 22 10 19 42 42 35 12 33 28 7 5 19 26 34 24 6 15 5 39 36 47 7 
24 30 14 31 8 15 33 38 19 3 2 47 9 42 9 1 29 6 19 0 25 25 9 10 17 11 12 21 23 3 36 47 48 23 33 3 39 26 49 47 46 36 27 49 16 6 20 47 31 45 
16 31 4 16 47 18 4 45 49 19 10 8 8 40 25 49 18 26 48 25 0 5 45 11 44 8 4 43 5 35 18 32 6 11 28 29 23 32 17 34 42 22 12 29 35 26 40 38 43 6 
2 9 23 4 27 30 39 28 37 33 44 29 40 24 47 4 22 26 44 25 5 0 10 28 18 39 31 47 13 35 3 24 25 1 19 6 8 30 44 14 45 38 20 24 35 47 10 13 16 11 
13 9 47 6 23 46 19 49 28 22 21 20 43 15 46 31 25 7 21 9 45 10 0 6 30 33 39 29 2 5 38 39 6 14 42 19 27 26 18 40 17 32 4 49 4 25 38 33 13 22 
10 22 49 9 36 39 16 5 3 25 28 42 19 19 26 45 42 37 31 10 11 28 6 0 12 31 9 21 1 34 38 30 48 25 22 16 11 38 30 42 47 2 17 8 7 21 35 28 24 9 
21 2 35 49 33 19 40 29 44 44 49 25 44 43 22 10 15 14 11 17 44 18 30 12 0 26 10 41 19 4 3 16 37 21 24 8 4 40 12 23 5 29 11 41 32 46 9 1 40 28 
5 31 10 15 18 48 35 46 29 48 14 47 4 45 37 8 16 49 21 11 8 39 33 31 26 0 42 1 6 8 39 8 37 12 39 21 26 3 10 4 12 45 24 7 40 11 14 41 20 23 
41 21 32 39 18 18 49 26 5 23 42 48 46 6 13 45 32 16 21 12 4 31 39 9 10 42 0 39 10 22 49 35 37 33 41 22 48 38 28 43 17 28 41 47 43 1 11 21 30 11 
46 12 6 44 20 7 44 5 26 32 49 19 12 39 5 49 16 24 36 21 43 47 29 21 41 1 39 0 27 11 45 1 20 39 45 37 15 42 47 3 12 17 21 38 23 22 18 45 43 21 
48 6 40 31 45 34 4 14 2 46 23 23 48 4 36 43 43 4 22 23 5 13 2 1 19 6 10 27 0 38 3 48 46 44 14 44 38 29 14 47 18 6 37 16 33 28 18 35 19 34 
13 41 14 44 42 16 3 16 20 11 25 25 49 24 2 5 44 22 10 3 35 35 5 34 4 8 22 11 38 0 3 48 47 31 12 28 46 24 19 22 36 43 4 48 39 28 26 4 8 49 
18 10 6 21 49 20 48 5 16 40 34 31 21 30 47 33 32 5 19 36 18 3 38 38 3 39 49 45 3 3 0 47 38 37 35 30 47 28 18 22 45 37 10 7 42 14 43 30 24 27 
17 26 48 7 37 17 7 39 36 3 4 11 4 10 49 5 48 30 42 47 32 24 39 30 16 8 35 1 48 48 47 0 37 30 20 37 23 32 49 30 28 37 3 17 34 7 19 41 36 7 
46 11 4 42 34 13 26 6 15 3 17 44 35 13 13 4 10 26 42 48 6 25 6 48 37 37 37 20 46 47 38 37 0 19 30 41 36 7 5 4 45 34 11 31 14 45 26 47 43 14 
13 43 3 41 45 45 10 1 46 30 49 37 36 19 5 9 39 25 35 23 11 1 14 25 21 12 33 39 44 31 37 30 19 0 43 15 15 31 44 41 16 26 11 34 46 49 5 47 38 2 
37 5 44 43 43 12 2 26 9 30 31 16 35 23 36 18 18 19 12 33 28 19 42 22 24 39 41 45 14 12 35 20 30 43 0 39 12 27 29 35 22 26 24 24 30 9 17 19 30 13 
48 49 36 7 30 47 39 20 20 33 20 25 5 14 7 34 43 33 33 3 29 6 19 16 8 21 22 37 44 28 30 37 41 15 39 0 23 4 2 36 37 15 38 49 35 1 40 3 10 19 
2 13 29 14 45 40 25 15 22 21 10 13 48 29 44 40 32 26 28 39 23 8 27 11 4 26 48 15 38 46 47 23 36 15 12 23 0 42 15 27 49 26 43 25 44 49 13 33 27 39 
36 19 38 21 37 30 18 38 26 37 41 5 15 3 18 13 21 16 7 26 32 30 26 38 40 3 38 42 29 24 28 32 7 31 27 4 42 0 18 17 25 48 26 41 20 17 46 6 5 46 
8 9 37 15 33 17 21 25 18 22 44 15 35 29 19 49 43 25 5 49 17 44 18 30 12 10 28 47 14 19 18 49 5 44 29 2 15 18 0 2 47 44 43 49 31 20 47 48 29 47 
37 15 39 19 32 16 46 16 4 20 41 20 5 8 37 10 46 31 19 47 34 14 40 42 23 4 43 3 47 22 22 30 4 41 35 36 27 17 2 0 1 24 26 4 42 27 19 39 18 31 
17 35 27 37 40 10 30 1 26 5 19 21 29 27 30 40 16 45 26 46 42 45 17 47 5 12 17 12 18 36 45 28 45 16 22 37 49 25 47 1 0 46 21 20 40 36 25 41 32 42 
35 18 13 10 49 15 3 3 25 47 10 16 45 12 24 2 35 32 34 36 22 38 32 2 29 45 28 17 6 43 37 37 34 26 26 15 26 48 44 24 46 0 2 25 39 47 40 31 36 44 
6 12 9 28 39 15 14 37 40 46 12 7 46 20 42 5 38 34 24 27 12 20 4 17 11 24 41 21 37 4 10 3 11 11 24 38 43 26 43 26 21 2 0 24 9 48 37 23 8 11 
36 23 32 37 34 36 15 17 12 36 1 31 7 15 39 26 49 45 6 49 29 24 49 8 41 7 47 38 16 48 7 17 31 34 24 49 25 41 49 4 20 25 24 0 47 25 42 14 10 20 
3 24 29 1 49 47 8 31 16 25 14 9 1 9 40 49 15 13 15 16 35 35 4 7 32 40 43 23 33 39 42 34 14 46 30 35 44 20 31 42 40 39 9 47 0 4 38 6 28 28 
45 8 4 28 6 35 44 36 32 47 8 41 41 28 24 14 24 45 5 6 26 47 25 21 46 11 1 22 28 28 14 7 45 49 9 1 49 17 20 27 36 47 48 25 4 0 6 46 37 36 
25 23 37 30 32 7 26 45 33 49 23 46 16 30 29 35 25 36 39 20 40 10 38 35 9 14 11 18 18 26 43 19 26 5 17 40 13 46 47 19 25 40 37 42 38 6 0 7 26 47 
29 24 35 35 12 43 24 26 32 46 10 8 32 11 31 37 42 15 36 47 38 13 33 28 1 41 21 45 35 4 30 41 47 47 19 3 33 6 48 39 41 31 23 14 6 46 7 0 47 13 
28 31 49 18 41 17 29 13 21 44 14 10 35 26 36 2 4 22 47 31 43 16 13 24 40 20 30 43 19 8 24 36 43 38 30 10 27 5 29 18 32 36 8 10 28 37 26 47 0 6 
26 38 21 44 3 35 15 4 24 4 31 42 8 13 27 5 38 5 7 45 6 11 22 9 28 23 11 21 34 49 27 7 14 2 13 19 39 46 47 31 42 44 11 20 28 36 47 13 6 0 
