0 26 9 2 41 19 34 30 7 15 22 7 43 36 29 3 40 10 48 27 22 43 30 19 7 47 40 40 5 30 12 12 43 14 11 16 26 38 16 2 40 19 47 42 40 34 29 39 11 33 
26 0 3 49 43 39 5 47 31 47 6 19 23 13 20 28 34 32 22 25 5 22 28 43 38 38 23 48 12 31 3 13 30 30 28 48 43 43 24 29 48 16 4 8 46 38 3 30 13 32 
9 3 0 4 46 40 39 38 10 4 22 16 32 19 4 1 38 36 4 30 46 36 26 27 24 32 43 48 14 39 40 33 17 6 12 26 7 5 43 20 31 41 1 10 23 40 47 10 15 18 
2 49 4 0 37 17 34 8 12 49 23 17 25 15 38 1 28 43 11 47 24 44 25 21 6 48 12 2 9 46 37 1 47 49 13 32 24 17 45 36 21 31 27 38 10 5 14 31 13 48 
41 43 46 37 0 18 34 31 34 27 48 13 36 31 45 23 22 43 34 1 15 3 25 2 7 42 43 8 21 4 33 34 3 14 24 30 22 25 2 34 8 3 12 20 44 44 42 41 17 36 
19 39 40 17 18 0 34 5 45 27 13 24 22 25 41 30 41 27 25 4 13 30 49 44 49 20 40 32 30 46 21 45 3 26 41 28 38 28 23 26 11 29 46 17 42 23 47 14 41 40 
34 5 39 34 34 34 0 48 18 35 15 39 43 40 45 27 47 13 17 28 1 2 37 21 22 4 42 29 31 46 7 15 26 21 29 36 20 17 23 23 46 19 16 14 29 20 43 21 18 4 
30 47 38 8 31 5 48 0 1 46 1 42 33 29 16 42 43 38 12 35 45 49 46 15 15 37 21 13 42 39 29 16 39 33 48 8 6 3 5 12 36 49 40 15 16 18 14 14 44 13 
7 31 10 12 34 45 18 1 0 3 30 17 33 40 48 10 16 29 12 1 45 49 29 11 34 20 1 31 10 46 20 39 10 15 31 6 14 43 21 4 14 7 6 13 49 7 1 33 4 12 
15 47 4 49 27 27 35 46 3 0 42 49 47 37 12 45 49 31 19 41 41 33 35 21 22 1 32 24 15 30 29 1 36 46 22 18 5 11 34 19 24 31 40 36 18 33 36 44 5 18 
22 6 22 23 48 13 15 1 30 42 0 43 45 16 25 48 27 11 23 10 8 42 29 44 20 23 47 43 13 21 29 31 42 44 29 48 47 30 18 4 48 11 34 12 43 11 36 28 42 29 
7 19 16 17 13 24 39 42 17 49 43 0 2 20 23 46 26 3 6 11 24 17 8 15 21 6 49 19 37 6 48 48 28 21 1 4 44 29 23 32 5 12 44 34 6 46 6 16 39 19 
43 23 32 25 36 22 43 33 33 47 45 2 0 47 30 14 43 31 44 9 26 48 6 36 17 33 1 3 23 47 4 2 31 18 29 40 34 9 13 29 34 4 11 23 33 40 48 49 5 21 
36 13 19 15 31 25 40 29 40 37 16 20 47 0 17 7 34 16 2 32 18 34 36 49 42 13 47 27 38 33 17 38 42 10 32 45 16 21 29 40 22 48 5 38 10 49 46 6 43 44 
29 20 4 38 45 41 45 16 48 12 25 23 30 17 0 31 27 19 49 3 1 30 6 30 47 11 11 14 33 8 35 13 4 12 32 16 3 23 31 17 25 15 43 15 42 47 5 15 19 41 
3 28 1 1 23 30 27 42 10 45 48 46 14 7 31 0 41 2 3 40 8 17 26 2 25 44 31 40 26 45 40 31 25 33 39 21 3 44 49 5 18 7 2 42 38 2 48 41 2 12 
40 34 38 28 22 41 47 43 16 49 27 26 43 34 27 41 0 26 23 36 1 40 13 4 11 4 18 37 20 15 39 15 24 33 49 41 15 24 20 15 44 27 40 28 33 47 7 19 13 6 
10 32 36 43 43 27 13 38 29 31 11 3 31 16 19 2 26 0 20 46 11 44 11 21 3 16 45 8 44 36 4 1 34 3 12 31 41 4 9 14 34 45 20 45 19 41 38 1 42 5 
48 22 4 11 34 25 17 12 12 19 23 6 44 2 49 3 23 20 0 27 36 20 30 36 13 47 25 40 43 20 32 12 16 29 25 46 25 6 17 33 22 45 11 48 27 21 5 38 17 30 
27 25 30 47 1 4 28 35 1 41 10 11 9 32 3 40 36 46 27 0 28 23 4 30 24 26 9 32 17 16 30 30 21 47 31 46 26 11 18 29 10 32 32 38 35 45 9 28 3 29 
22 5 46 24 15 13 1 45 45 41 8 24 26 18 1 8 1 11 36 28 0 37 33 25 6 1 31 41 37 22 15 37 10 47 4 36 35 19 8 3 48 24 22 39 32 35 38 38 16 36 
43 22 36 44 3 30 2 49 49 33 42 17 48 34 30 17 40 44 20 23 37 0 29 20 32 1 1 39 21 36 32 6 38 21 10 41 1 31 22 25 20 35 14 22 23 34 9 23 25 23 
30 28 26 25 25 49 37 46 29 35 29 8 6 36 6 26 13 11 30 4 33 29 0 3 3 6 22 40 20 12 21 46 46 10 39 39 41 29 41 2 13 12 34 24 39 24 45 10 35 44 
19 43 27 21 2 44 21 15 11 21 44 15 36 49 30 2 4 21 36 30 25 20 3 0 45 48 40 29 23 35 7 6 38 15 23 19 16 49 45 42 39 46 26 43 4 2 47 5 25 8 
7 38 24 6 7 49 22 15 34 22 20 21 17 42 47 25 11 3 13 24 6 32 3 45 0 4 17 21 7 20 15 17 18 41 11 18 5 48 41 43 48 16 34 16 4 47 45 4 37 23 
47 38 32 48 42 20 4 37 20 1 23 6 33 13 11 44 4 16 47 26 1 1 6 48 4 0 6 35 46 39 8 5 35 23 3 43 29 40 22 30 14 13 35 3 6 37 34 29 1 32 
40 23 43 12 43 40 42 21 1 32 47 49 1 47 11 31 18 45 25 9 31 1 22 40 17 6 0 4 14 17 28 18 4 16 47 41 11 49 7 37 9 10 28 22 18 45 39 48 39 41 
40 48 48 2 8 32 29 13 31 24 43 19 3 27 14 40 37 8 40 32 41 39 40 29 21 35 4 0 9 32 18 40 44 19 3 32 13 8 36 3 11 11 37 7 31 40 28 48 18 24 
5 12 14 9 21 30 31 42 10 15 13 37 23 38 33 26 20 44 43 17 37 21 20 23 7 46 14 9 0 43 26 38 40 14 19 16 10 13 19 23 48 32 40 39 40 27 28 37 16 4 
30 31 39 46 4 46 46 39 46 30 21 6 47 33 8 45 15 36 20 16 22 36 12 35 20 39 17 32 43 0 43 21 11 25 46 43 23 31 45 8 39 38 16 40 41 13 40 30 45 45 
12 3 40 37 33 21 7 29 20 29 29 48 4 17 35 40 39 4 32 30 15 32 21 7 15 8 28 18 26 43 0 1 1 26 12 21 33 23 4 15 39 17 42 18 32 17 2 45 18 49 
12 13 33 1 34 45 15 16 39 1 31 48 2 38 13 31 15 1 12 30 37 6 46 6 17 5 18 40 38 21 1 0 3 40 14 32 43 34 34 12 45 27 17 39 9 32 29 28 20 45 
43 30 17 47 3 3 26 39 10 36 42 28 31 42 4 25 24 34 16 21 10 38 46 38 18 35 4 44 40 11 1 3 0 41 34 11 42 38 13 48 1 14 13 2 7 33 31 12 31 17 
14 30 6 49 14 26 21 33 15 46 44 21 18 10 12 33 33 3 29 47 47 21 10 15 41 23 16 19 14 25 26 40 41 0 47 19 48 37 49 3 41 41 20 33 7 22 40 30 45 27 
11 28 12 13 24 41 29 48 31 22 29 1 29 32 32 39 49 12 25 31 4 10 39 23 11 3 47 3 19 46 12 14 34 47 0 23 32 24 30 21 47 31 47 9 23 47 6 7 18 37 
16 48 26 32 30 28 36 8 6 18 48 4 40 45 16 21 41 31 46 46 36 41 39 19 18 43 41 32 16 43 21 32 11 19 23 0 11 28 21 7 4 25 45 24 45 24 45 7 31 49 
26 43 7 24 22 38 20 6 14 5 47 44 34 16 3 3 15 41 25 26 35 1 41 16 5 29 11 13 10 23 33 43 42 48 32 11 0 13 45 9 29 30 7 28 17 32 38 42 9 32 
38 43 5 17 25 28 17 3 43 11 30 29 9 21 23 44 24 4 6 11 19 31 29 49 48 40 49 8 13 31 23 34 38 37 24 28 13 0 15 38 38 24 17 38 36 41 1 4 44 22 
16 24 43 45 2 23 23 5 21 34 18 23 13 29 31 49 20 9 17 18 8 22 41 45 41 22 7 36 19 45 4 34 13 49 30 21 45 15 0 40 39 45 46 7 48 26 8 22 4 10 
2 29 20 36 34 26 23 12 4 19 4 32 29 40 17 5 15 14 33 29 3 25 2 42 43 30 37 3 23 8 15 12 48 3 21 7 9 38 40 0 3 7 13 2 23 15 20 36 3 45 
40 48 31 21 8 11 46 36 14 24 48 5 34 22 25 18 44 34 22 10 48 20 13 39 48 14 9 11 48 39 39 45 1 41 47 4 29 38 39 3 0 3 39 26 34 3 1 35 26 18 
19 16 41 31 3 29 19 49 7 31 11 12 4 48 15 7 27 45 45 32 24 35 12 46 16 13 10 11 32 38 17 27 14 41 31 25 30 24 45 7 3 0 15 35 18 44 28 16 47 41 
47 4 1 27 12 46 16 40 6 40 34 44 11 5 43 2 40 20 11 32 22 14 34 26 34 35 28 37 40 16 42 17 13 20 47 45 7 17 46 13 39 15 0 31 41 47 14 27 1 36 
42 8 10 38 20 17 14 15 13 36 12 34 23 38 15 42 28 45 48 38 39 22 24 43 16 3 22 7 39 40 18 39 2 33 9 24 28 38 7 2 26 35 31 0 16 39 28 25 21 32 
40 46 23 10 44 42 29 16 49 18 43 6 33 10 42 38 33 19 27 35 32 23 39 4 4 6 18 31 40 41 32 9 7 7 23 45 17 36 48 23 34 18 41 16 0 48 11 32 27 45 
34 38 40 5 44 23 20 18 7 33 11 46 40 49 47 2 47 41 21 45 35 34 24 2 47 37 45 40 27 13 17 32 33 22 47 24 32 41 26 15 3 44 47 39 48 0 25 9 47 47 
29 3 47 14 42 47 43 14 1 36 36 6 48 46 5 48 7 38 5 9 38 9 45 47 45 34 39 28 28 40 2 29 31 40 6 45 38 1 8 20 1 28 14 28 11 25 0 35 19 38 
39 30 10 31 41 14 21 14 33 44 28 16 49 6 15 41 19 1 38 28 38 23 10 5 4 29 48 48 37 30 45 28 12 30 7 7 42 4 22 36 35 16 27 25 32 9 35 0 14 40 
11 13 15 13 17 41 18 44 4 5 42 39 5 43 19 2 13 42 17 3 16 25 35 25 37 1 39 18 16 45 18 20 31 45 18 31 9 44 4 3 26 47 1 21 27 47 19 14 0 9 
33 32 18 48 36 40 4 13 12 18 29 19 21 44 41 12 6 5 30 29 36 23 44 8 23 32 41 24 4 45 49 45 17 27 37 49 32 22 10 45 18 41 36 32 45 47 38 40 9 0 
