0 12 46 44 18 6 47 47 41 43 13 5 40 32 25 13 38 19 30 42 18 23 29 44 29 27 29 43 34 15 43 42 41 12 26 43 25 45 37 42 35 4 43 16 44 6 47 19 35 6 
12 0 45 12 28 14 25 19 36 9 18 47 48 10 37 45 3 22 4 48 43 34 10 23 25 1 15 27 24 47 17 44 22 37 23 19 19 47 13 1 48 20 25 20 43 30 5 42 25 26 
46 45 0 34 29 30 28 22 3 49 6 42 11 45 28 6 2 32 27 32 9 4 8 28 13 30 13 28 16 39 9 47 16 40 12 15 46 12 5 30 47 27 30 48 24 15 44 16 31 18 
44 12 34 0 17 7 19 10 2 21 40 2 5 21 40 38 12 44 5 29 5 39 43 10 17 32 43 15 47 29 6 24 10 14 36 29 6 43 9 26 30 10 29 16 11 11 45 26 31 44 
18 28 29 17 0 41 13 16 42 8 1 26 7 27 33 47 24 8 23 21 33 26 7 8 8 1 4 24 5 36 16 7 1 45 12 26 14 7 13 35 45 29 32 22 31 6 43 47 41 1 
6 14 30 7 41 0 6 27 48 24 37 17 24 28 34 49 9 27 43 36 8 28 23 20 25 19 8 3 8 39 8 43 2 15 5 34 27 43 29 6 49 35 38 17 42 22 29 17 47 12 
47 25 28 19 13 6 0 22 41 13 14 22 34 48 34 46 23 11 4 13 41 5 22 32 19 21 29 13 11 11 38 44 20 46 38 31 45 30 32 10 27 20 40 10 22 41 19 21 16 35 
47 19 22 10 16 27 22 0 44 48 9 42 11 30 43 15 21 13 28 35 9 4 17 8 5 8 43 3 43 4 28 34 30 3 14 7 5 6 18 14 15 17 44 35 43 41 45 26 49 17 
41 36 3 2 42 48 41 44 0 32 7 10 29 12 18 37 15 21 33 38 8 39 10 10 20 38 18 25 16 40 9 34 5 29 20 46 26 23 25 5 2 19 5 41 13 13 21 1 14 5 
43 9 49 21 8 24 13 48 32 0 12 5 47 10 5 40 40 40 27 40 5 14 20 37 24 47 12 45 21 47 23 2 17 25 31 41 20 1 14 10 31 14 15 28 48 33 7 44 40 29 
13 18 6 40 1 37 14 9 7 12 0 33 43 39 9 5 41 39 15 42 15 28 48 9 26 48 10 38 31 10 19 24 17 36 5 2 27 49 35 49 7 11 2 9 42 11 35 44 47 31 
5 47 42 2 26 17 22 42 10 5 33 0 3 26 40 4 45 21 47 43 16 1 27 41 11 9 5 33 7 15 27 32 20 16 14 37 35 17 22 6 19 14 38 42 32 23 36 28 37 17 
40 48 11 5 7 24 34 11 29 47 43 3 0 6 42 23 14 14 34 14 26 35 20 30 26 18 12 41 9 9 21 28 35 24 48 20 40 15 40 15 49 12 15 34 22 33 32 2 47 37 
32 10 45 21 27 28 48 30 12 10 39 26 6 0 12 47 36 36 48 36 33 40 46 20 46 7 14 2 9 36 43 16 44 21 17 12 39 36 38 10 30 16 31 40 47 42 33 12 5 16 
25 37 28 40 33 34 34 43 18 5 9 40 42 12 0 10 43 31 6 24 6 15 48 34 12 30 5 37 31 20 11 17 15 31 25 7 10 6 31 22 13 8 7 24 6 20 16 32 14 4 
13 45 6 38 47 49 46 15 37 40 5 4 23 47 10 0 21 14 34 43 10 38 13 26 32 40 5 41 38 49 13 37 29 1 37 11 24 18 35 35 30 14 2 39 41 36 40 48 49 17 
38 3 2 12 24 9 23 21 15 40 41 45 14 36 43 21 0 16 27 17 46 8 40 34 45 9 41 23 14 24 28 45 34 11 34 10 38 16 2 6 26 23 8 34 48 48 27 16 25 33 
19 22 32 44 8 27 11 13 21 40 39 21 14 36 31 14 16 0 28 7 37 19 38 9 27 8 4 7 12 27 2 15 31 5 17 48 44 21 7 31 14 45 7 3 22 11 5 20 10 47 
30 4 27 5 23 43 4 28 33 27 15 47 34 48 6 34 27 28 0 16 15 44 18 45 45 6 14 15 14 26 34 21 14 5 28 31 43 41 2 15 39 39 1 11 36 45 26 8 11 4 
42 48 32 29 21 36 13 35 38 40 42 43 14 36 24 43 17 7 16 0 37 38 41 24 31 40 19 25 46 35 26 3 43 46 21 25 29 14 34 12 43 10 13 10 34 28 1 5 44 6 
18 43 9 5 33 8 41 9 8 5 15 16 26 33 6 10 46 37 15 37 0 5 46 9 3 1 34 26 20 23 23 44 22 11 1 9 49 11 9 23 9 33 21 39 27 4 11 40 22 40 
23 34 4 39 26 28 5 4 39 14 28 1 35 40 15 38 8 19 44 38 5 0 48 46 38 49 19 25 42 2 18 38 36 49 3 37 20 45 3 36 16 45 4 38 24 44 29 23 26 48 
29 10 8 43 7 23 22 17 10 20 48 27 20 46 48 13 40 38 18 41 46 48 0 25 22 38 49 24 1 44 15 12 5 46 8 4 47 27 29 37 22 17 13 12 21 30 21 35 33 17 
44 23 28 10 8 20 32 8 10 37 9 41 30 20 34 26 34 9 45 24 9 46 25 0 44 21 49 22 32 43 40 39 5 23 13 20 9 1 1 41 46 9 6 37 23 3 19 13 36 12 
29 25 13 17 8 25 19 5 20 24 26 11 26 46 12 32 45 27 45 31 3 38 22 44 0 43 43 28 13 47 18 18 21 26 47 6 33 17 2 8 42 49 22 47 46 2 49 16 13 24 
27 1 30 32 1 19 21 8 38 47 48 9 18 7 30 40 9 8 6 40 1 49 38 21 43 0 7 2 23 42 35 47 5 49 47 21 45 29 28 16 1 16 35 31 24 11 12 40 48 12 
29 15 13 43 4 8 29 43 18 12 10 5 12 14 5 5 41 4 14 19 34 19 49 49 43 7 0 26 39 42 23 5 17 40 20 16 42 23 24 35 46 41 43 35 48 24 25 46 3 39 
43 27 28 15 24 3 13 3 25 45 38 33 41 2 37 41 23 7 15 25 26 25 24 22 28 2 26 0 13 3 37 42 38 42 46 2 12 40 45 40 43 11 17 41 42 34 13 23 39 15 
34 24 16 47 5 8 11 43 16 21 31 7 9 9 31 38 14 12 14 46 20 42 1 32 13 23 39 13 0 17 18 23 5 9 47 22 2 42 7 4 30 45 27 25 12 19 12 21 45 30 
15 47 39 29 36 39 11 4 40 47 10 15 9 36 20 49 24 27 26 35 23 2 44 43 47 42 42 3 17 0 9 8 47 39 4 44 40 46 38 29 36 20 47 4 21 46 9 5 44 22 
43 17 9 6 16 8 38 28 9 23 19 27 21 43 11 13 28 2 34 26 23 18 15 40 18 35 23 37 18 9 0 33 23 42 11 44 5 3 34 13 49 10 43 15 9 49 25 10 43 18 
42 44 47 24 7 43 44 34 34 2 24 32 28 16 17 37 45 15 21 3 44 38 12 39 18 47 5 42 23 8 33 0 45 27 44 40 43 30 14 33 35 41 39 6 1 11 39 45 24 28 
41 22 16 10 1 2 20 30 5 17 17 20 35 44 15 29 34 31 14 43 22 36 5 5 21 5 17 38 5 47 23 45 0 29 12 6 33 22 33 38 29 21 30 19 26 20 20 10 12 12 
12 37 40 14 45 15 46 3 29 25 36 16 24 21 31 1 11 5 5 46 11 49 46 23 26 49 40 42 9 39 42 27 29 0 12 43 16 46 16 16 8 39 11 15 48 27 42 7 33 38 
26 23 12 36 12 5 38 14 20 31 5 14 48 17 25 37 34 17 28 21 1 3 8 13 47 47 20 46 47 4 11 44 12 12 0 7 30 31 49 5 2 39 13 25 40 18 38 2 28 21 
43 19 15 29 26 34 31 7 46 41 2 37 20 12 7 11 10 48 31 25 9 37 4 20 6 21 16 2 22 44 44 40 6 43 7 0 41 30 46 44 1 22 36 23 35 39 2 10 5 34 
25 19 46 6 14 27 45 5 26 20 27 35 40 39 10 24 38 44 43 29 49 20 47 9 33 45 42 12 2 40 5 43 33 16 30 41 0 34 33 29 35 23 31 37 28 48 29 6 21 33 
45 47 12 43 7 43 30 6 23 1 49 17 15 36 6 18 16 21 41 14 11 45 27 1 17 29 23 40 42 46 3 30 22 46 31 30 34 0 6 42 46 19 42 38 6 34 40 22 21 27 
37 13 5 9 13 29 32 18 25 14 35 22 40 38 31 35 2 7 2 34 9 3 29 1 2 28 24 45 7 38 34 14 33 16 49 46 33 6 0 11 44 41 45 36 11 49 19 17 37 14 
42 1 30 26 35 6 10 14 5 10 49 6 15 10 22 35 6 31 15 12 23 36 37 41 8 16 35 40 4 29 13 33 38 16 5 44 29 42 11 0 14 26 8 36 3 35 20 22 6 22 
35 48 47 30 45 49 27 15 2 31 7 19 49 30 13 30 26 14 39 43 9 16 22 46 42 1 46 43 30 36 49 35 29 8 2 1 35 46 44 14 0 39 10 18 15 34 43 25 17 24 
4 20 27 10 29 35 20 17 19 14 11 14 12 16 8 14 23 45 39 10 33 45 17 9 49 16 41 11 45 20 10 41 21 39 39 22 23 19 41 26 39 0 11 1 34 24 14 30 8 30 
43 25 30 29 32 38 40 44 5 15 2 38 15 31 7 2 8 7 1 13 21 4 13 6 22 35 43 17 27 47 43 39 30 11 13 36 31 42 45 8 10 11 0 15 16 39 39 44 45 7 
16 20 48 16 22 17 10 35 41 28 9 42 34 40 24 39 34 3 11 10 39 38 12 37 47 31 35 41 25 4 15 6 19 15 25 23 37 38 36 36 18 1 15 0 41 6 17 16 15 33 
44 43 24 11 31 42 22 43 13 48 42 32 22 47 6 41 48 22 36 34 27 24 21 23 46 24 48 42 12 21 9 1 26 48 40 35 28 6 11 3 15 34 16 41 0 5 19 25 46 29 
6 30 15 11 6 22 41 41 13 33 11 23 33 42 20 36 48 11 45 28 4 44 30 3 2 11 24 34 19 46 49 11 20 27 18 39 48 34 49 35 34 24 39 6 5 0 5 16 40 6 
47 5 44 45 43 29 19 45 21 7 35 36 32 33 16 40 27 5 26 1 11 29 21 19 49 12 25 13 12 9 25 39 20 42 38 2 29 40 19 20 43 14 39 17 19 5 0 40 32 22 
19 42 16 26 47 17 21 26 1 44 44 28 2 12 32 48 16 20 8 5 40 23 35 13 16 40 46 23 21 5 10 45 10 7 2 10 6 22 17 22 25 30 44 16 25 16 40 0 42 25 
35 25 31 31 41 47 16 49 14 40 47 37 47 5 14 49 25 10 11 44 22 26 33 36 13 48 3 39 45 44 43 24 12 33 28 5 21 21 37 6 17 8 45 15 46 40 32 42 0 15 
6 26 18 44 1 12 35 17 5 29 31 17 37 16 4 17 33 47 4 6 40 48 17 12 24 12 39 15 30 22 18 28 12 38 21 34 33 27 14 22 24 30 7 33 29 6 22 25 15 0 
