0 41 44 36 43 34 7 9 20 37 11 31 45 5 38 17 44 9 29 28 11 16 25 41 43 44 16 3 20 36 9 11 26 7 38 38 20 38 4 43 9 31 16 38 36 26 42 34 42 20 
41 0 3 45 37 19 14 17 35 47 48 16 41 37 46 13 4 45 3 33 22 29 11 47 40 35 9 38 7 17 19 33 37 37 24 34 3 36 39 15 19 46 16 24 5 35 8 9 6 6 
44 3 0 7 19 42 21 24 13 7 18 18 35 48 39 29 27 1 17 2 25 30 49 11 29 16 49 40 37 43 34 49 32 37 31 14 15 43 15 29 25 39 10 15 3 29 43 49 13 37 
36 45 7 0 3 1 17 4 33 17 22 32 46 24 30 20 16 14 41 29 32 32 14 39 38 26 24 10 32 49 17 44 37 20 21 3 49 34 43 10 42 36 33 10 48 44 11 45 5 19 
43 37 19 3 0 38 25 16 17 43 20 32 1 43 10 42 16 4 7 45 32 4 35 44 35 33 17 27 21 39 2 45 28 1 24 28 49 44 24 14 9 18 3 5 28 28 47 41 41 22 
34 19 42 1 38 0 13 27 33 42 19 41 45 23 20 6 42 19 37 42 19 49 16 5 23 45 32 47 20 18 24 9 42 43 19 2 14 48 14 25 46 20 47 47 46 31 46 30 46 13 
7 14 21 17 25 13 0 43 33 34 44 49 44 36 5 45 39 24 13 35 26 12 23 41 10 2 29 7 10 42 40 29 11 41 2 4 16 19 8 10 44 34 4 21 42 12 38 31 11 5 
9 17 24 4 16 27 43 0 42 21 16 24 21 45 37 37 3 40 43 9 2 49 26 39 31 8 6 48 31 37 40 17 8 17 30 9 25 18 10 37 41 11 34 2 43 47 43 46 49 23 
20 35 13 33 17 33 33 42 0 14 22 1 47 33 18 6 13 29 48 27 31 21 13 13 37 22 28 21 11 26 45 45 8 22 19 22 15 36 28 42 28 32 22 4 43 24 10 47 34 49 
37 47 7 17 43 42 34 21 14 0 27 28 11 43 47 28 41 43 19 4 10 32 1 15 29 7 14 14 16 10 18 16 45 25 38 27 34 42 18 16 45 47 10 13 27 4 6 2 49 7 
11 48 18 22 20 19 44 16 22 27 0 49 47 36 1 41 18 37 39 39 1 48 46 9 32 13 48 17 30 38 26 27 48 15 24 4 4 36 37 38 36 24 13 7 7 5 3 15 41 36 
31 16 18 32 32 41 49 24 1 28 49 0 22 25 20 5 16 48 10 47 34 23 28 44 43 44 24 47 46 30 46 48 8 12 35 36 1 4 3 47 18 6 9 28 24 6 5 30 29 4 
45 41 35 46 1 45 44 21 47 11 47 22 0 31 29 35 26 19 32 11 22 27 40 21 38 24 41 38 49 38 34 34 32 32 16 30 29 39 16 37 42 35 47 22 3 48 35 10 31 26 
5 37 48 24 43 23 36 45 33 43 36 25 31 0 3 43 28 46 22 6 23 8 6 10 34 40 38 22 49 42 20 48 43 41 4 45 22 29 31 34 10 20 7 37 23 41 35 4 11 43 
38 46 39 30 10 20 5 37 18 47 1 20 29 3 0 33 40 27 22 37 10 46 8 15 20 28 17 41 38 19 28 28 22 39 5 6 9 46 34 18 1 45 44 21 26 12 36 14 10 47 
17 13 29 20 42 6 45 37 6 28 41 5 35 43 33 0 12 30 40 27 22 39 5 5 13 45 5 29 34 13 42 15 47 22 20 29 40 11 2 47 49 7 8 31 19 19 7 12 23 21 
44 4 27 16 16 42 39 3 13 41 18 16 26 28 40 12 0 23 19 22 27 30 11 45 39 23 19 47 31 48 11 28 37 3 2 8 35 32 27 3 7 39 10 32 18 30 15 45 45 38 
9 45 1 14 4 19 24 40 29 43 37 48 19 46 27 30 23 0 42 11 35 39 7 3 4 30 27 29 34 46 39 32 25 30 27 38 13 45 26 41 29 31 8 24 11 48 10 21 40 29 
29 3 17 41 7 37 13 43 48 19 39 10 32 22 22 40 19 42 0 18 49 5 26 12 26 8 32 29 19 13 3 48 11 11 26 21 23 29 7 16 42 42 27 26 23 8 21 14 30 37 
28 33 2 29 45 42 35 9 27 4 39 47 11 6 37 27 22 11 18 0 16 47 48 6 32 37 11 19 39 48 44 46 17 16 44 15 26 31 11 12 29 16 13 31 13 2 4 10 49 37 
11 22 25 32 32 19 26 2 31 10 1 34 22 23 10 22 27 35 49 16 0 29 41 12 5 11 49 12 27 7 26 36 41 36 25 5 3 30 1 16 5 32 5 19 48 34 43 36 25 1 
16 29 30 32 4 49 12 49 21 32 48 23 27 8 46 39 30 39 5 47 29 0 16 32 47 13 47 44 6 10 20 1 27 25 41 15 38 28 6 30 26 37 44 38 43 21 38 10 11 21 
25 11 49 14 35 16 23 26 13 1 46 28 40 6 8 5 11 7 26 48 41 16 0 4 19 46 4 20 44 35 18 14 23 25 43 36 15 35 42 5 22 6 6 6 20 1 35 18 11 23 
41 47 11 39 44 5 41 39 13 15 9 44 21 10 15 5 45 3 12 6 12 32 4 0 5 33 38 11 21 42 16 1 7 1 47 4 40 39 25 14 4 5 19 28 7 26 34 23 24 14 
43 40 29 38 35 23 10 31 37 29 32 43 38 34 20 13 39 4 26 32 5 47 19 5 0 10 7 40 28 30 7 28 47 43 9 47 8 41 6 16 46 10 15 42 40 1 8 49 11 3 
44 35 16 26 33 45 2 8 22 7 13 44 24 40 28 45 23 30 8 37 11 13 46 33 10 0 35 32 33 47 42 40 33 29 25 21 28 17 10 20 37 37 37 37 38 12 42 35 24 31 
16 9 49 24 17 32 29 6 28 14 48 24 41 38 17 5 19 27 32 11 49 47 4 38 7 35 0 19 45 35 49 2 7 5 49 8 31 21 49 48 48 38 40 29 2 22 49 22 4 38 
3 38 40 10 27 47 7 48 21 14 17 47 38 22 41 29 47 29 29 19 12 44 20 11 40 32 19 0 13 19 38 38 28 22 41 4 9 34 46 19 32 24 45 48 12 31 33 11 44 34 
20 7 37 32 21 20 10 31 11 16 30 46 49 49 38 34 31 34 19 39 27 6 44 21 28 33 45 13 0 24 7 25 20 3 27 36 30 43 29 26 40 28 34 32 6 43 5 33 35 43 
36 17 43 49 39 18 42 37 26 10 38 30 38 42 19 13 48 46 13 48 7 10 35 42 30 47 35 19 24 0 30 28 14 21 30 32 37 13 12 13 14 49 25 10 7 20 4 7 13 44 
9 19 34 17 2 24 40 40 45 18 26 46 34 20 28 42 11 39 3 44 26 20 18 16 7 42 49 38 7 30 0 7 24 8 1 1 34 17 31 49 7 48 32 41 19 35 34 2 17 13 
11 33 49 44 45 9 29 17 45 16 27 48 34 48 28 15 28 32 48 46 36 1 14 1 28 40 2 38 25 28 7 0 20 23 4 29 49 19 48 1 19 37 37 42 47 17 23 38 23 5 
26 37 32 37 28 42 11 8 8 45 48 8 32 43 22 47 37 25 11 17 41 27 23 7 47 33 7 28 20 14 24 20 0 34 43 28 38 28 17 3 36 22 20 28 23 29 23 20 10 4 
7 37 37 20 1 43 41 17 22 25 15 12 32 41 39 22 3 30 11 16 36 25 25 1 43 29 5 22 3 21 8 23 34 0 39 36 37 7 42 28 37 13 2 1 45 23 23 16 48 6 
38 24 31 21 24 19 2 30 19 38 24 35 16 4 5 20 2 27 26 44 25 41 43 47 9 25 49 41 27 30 1 4 43 39 0 20 35 48 19 2 28 45 6 30 13 46 10 8 18 13 
38 34 14 3 28 2 4 9 22 27 4 36 30 45 6 29 8 38 21 15 5 15 36 4 47 21 8 4 36 32 1 29 28 36 20 0 22 8 2 46 15 16 2 40 39 9 38 26 10 45 
20 3 15 49 49 14 16 25 15 34 4 1 29 22 9 40 35 13 23 26 3 38 15 40 8 28 31 9 30 37 34 49 38 37 35 22 0 25 40 25 32 23 38 43 1 20 25 1 49 6 
38 36 43 34 44 48 19 18 36 42 36 4 39 29 46 11 32 45 29 31 30 28 35 39 41 17 21 34 43 13 17 19 28 7 48 8 25 0 38 18 27 46 38 43 19 21 2 11 47 2 
4 39 15 43 24 14 8 10 28 18 37 3 16 31 34 2 27 26 7 11 1 6 42 25 6 10 49 46 29 12 31 48 17 42 19 2 40 38 0 17 32 42 1 8 23 44 36 34 25 23 
43 15 29 10 14 25 10 37 42 16 38 47 37 34 18 47 3 41 16 12 16 30 5 14 16 20 48 19 26 13 49 1 3 28 2 46 25 18 17 0 2 20 32 18 39 7 4 21 8 38 
9 19 25 42 9 46 44 41 28 45 36 18 42 10 1 49 7 29 42 29 5 26 22 4 46 37 48 32 40 14 7 19 36 37 28 15 32 27 32 2 0 20 10 12 24 33 9 1 22 48 
31 46 39 36 18 20 34 11 32 47 24 6 35 20 45 7 39 31 42 16 32 37 6 5 10 37 38 24 28 49 48 37 22 13 45 16 23 46 42 20 20 0 35 47 14 40 32 11 26 44 
16 16 10 33 3 47 4 34 22 10 13 9 47 7 44 8 10 8 27 13 5 44 6 19 15 37 40 45 34 25 32 37 20 2 6 2 38 38 1 32 10 35 0 8 16 31 18 46 3 37 
38 24 15 10 5 47 21 2 4 13 7 28 22 37 21 31 32 24 26 31 19 38 6 28 42 37 29 48 32 10 41 42 28 1 30 40 43 43 8 18 12 47 8 0 17 9 1 14 47 4 
36 5 3 48 28 46 42 43 43 27 7 24 3 23 26 19 18 11 23 13 48 43 20 7 40 38 2 12 6 7 19 47 23 45 13 39 1 19 23 39 24 14 16 17 0 24 1 31 2 24 
26 35 29 44 28 31 12 47 24 4 5 6 48 41 12 19 30 48 8 2 34 21 1 26 1 12 22 31 43 20 35 17 29 23 46 9 20 21 44 7 33 40 31 9 24 0 36 46 33 47 
42 8 43 11 47 46 38 43 10 6 3 5 35 35 36 7 15 10 21 4 43 38 35 34 8 42 49 33 5 4 34 23 23 23 10 38 25 2 36 4 9 32 18 1 1 36 0 42 49 46 
34 9 49 45 41 30 31 46 47 2 15 30 10 4 14 12 45 21 14 10 36 10 18 23 49 35 22 11 33 7 2 38 20 16 8 26 1 11 34 21 1 11 46 14 31 46 42 0 31 42 
42 6 13 5 41 46 11 49 34 49 41 29 31 11 10 23 45 40 30 49 25 11 11 24 11 24 4 44 35 13 17 23 10 48 18 10 49 47 25 8 22 26 3 47 2 33 49 31 0 35 
20 6 37 19 22 13 5 23 49 7 36 4 26 43 47 21 38 29 37 37 1 21 23 14 3 31 38 34 43 44 13 5 4 6 13 45 6 2 23 38 48 44 37 4 24 47 46 42 35 0 
