0 10 23 30 26 7 21 18 18 21 11 27 23 14 2 17 42 29 7 29 2 41 41 18 7 20 44 38 49 9 41 21 23 12 42 35 24 1 19 20 41 14 31 30 24 22 19 19 29 23 
10 0 33 1 21 38 7 7 38 18 2 18 37 27 34 36 28 46 29 29 43 45 26 17 45 45 47 2 35 25 32 45 47 4 23 38 8 42 11 22 21 10 35 32 29 11 18 25 23 45 
23 33 0 30 43 4 15 47 39 40 32 36 39 39 32 3 36 38 45 44 39 8 19 38 29 26 9 11 48 40 1 29 8 29 19 33 4 30 37 10 9 27 36 37 31 18 39 43 28 44 
30 1 30 0 11 34 35 16 27 3 47 48 4 32 17 26 9 32 24 3 21 46 38 10 32 4 26 12 38 40 2 49 20 9 17 25 47 16 17 25 20 32 36 8 12 42 7 26 10 43 
26 21 43 11 0 16 22 41 25 46 5 29 24 20 38 24 46 16 23 26 9 18 28 3 46 42 6 43 43 5 32 46 48 14 43 23 41 7 39 27 12 43 23 8 16 31 14 31 12 34 
7 38 4 34 16 0 25 16 4 28 31 21 41 16 18 48 30 33 33 7 25 6 11 42 45 25 18 47 12 23 27 31 13 35 35 35 38 31 12 36 3 22 29 17 30 18 34 43 26 26 
21 7 15 35 22 25 0 7 27 3 6 10 21 2 49 39 34 25 20 23 37 7 33 35 47 6 42 37 27 47 40 44 7 27 15 26 8 15 12 4 24 23 16 36 46 46 19 21 43 47 
18 7 47 16 41 16 7 0 6 16 1 18 33 21 33 24 20 30 16 27 17 6 15 2 28 23 8 34 6 24 13 41 7 12 7 27 22 23 23 22 28 8 21 14 41 22 11 26 26 32 
18 38 39 27 25 4 27 6 0 26 18 1 8 49 40 46 46 46 4 2 16 45 37 37 14 33 26 18 8 15 3 20 21 27 43 9 32 24 33 3 24 25 2 28 32 28 3 18 24 33 
21 18 40 3 46 28 3 16 26 0 6 9 5 13 3 12 17 34 36 20 43 47 46 46 39 25 45 29 39 38 1 7 24 33 39 9 43 3 28 29 16 19 1 11 42 37 19 3 10 16 
11 2 32 47 5 31 6 1 18 6 0 1 43 14 29 38 49 49 37 49 25 4 29 22 4 49 24 37 44 13 25 20 11 49 47 31 45 33 17 2 41 13 37 31 48 1 20 3 47 40 
27 18 36 48 29 21 10 18 1 9 1 0 40 23 18 27 47 33 19 44 22 18 8 21 42 31 40 27 32 16 45 20 17 9 14 13 35 45 26 3 18 35 49 16 21 20 30 32 47 41 
23 37 39 4 24 41 21 33 8 5 43 40 0 28 5 3 8 35 1 48 30 10 25 5 18 25 40 12 29 15 5 31 25 28 38 46 35 44 32 3 25 26 9 14 10 44 8 1 14 30 
14 27 39 32 20 16 2 21 49 13 14 23 28 0 10 35 43 29 27 27 21 4 28 33 38 31 31 4 12 44 35 12 20 18 23 29 43 12 37 31 27 32 42 17 14 16 37 14 22 35 
2 34 32 17 38 18 49 33 40 3 29 18 5 10 0 2 24 6 20 26 35 32 32 37 24 48 29 5 23 32 11 3 4 36 32 19 18 8 1 25 33 48 22 13 37 18 8 4 20 15 
17 36 3 26 24 48 39 24 46 12 38 27 3 35 2 0 26 11 4 15 41 44 18 3 32 48 35 8 4 7 31 5 48 10 35 27 16 6 21 44 16 17 18 34 21 11 47 48 47 49 
42 28 36 9 46 30 34 20 46 17 49 47 8 43 24 26 0 12 48 29 24 28 35 28 14 31 14 39 17 15 29 20 20 12 25 11 21 19 35 10 36 42 40 43 18 21 7 26 9 32 
29 46 38 32 16 33 25 30 46 34 49 33 35 29 6 11 12 0 3 3 8 48 42 29 30 36 18 36 40 40 39 9 35 27 17 10 38 25 12 4 41 25 44 27 7 44 37 48 22 27 
7 29 45 24 23 33 20 16 4 36 37 19 1 27 20 4 48 3 0 31 13 47 7 4 33 25 9 28 20 34 43 15 24 38 47 35 49 8 18 40 2 37 20 15 46 43 7 2 6 45 
29 29 44 3 26 7 23 27 2 20 49 44 48 27 26 15 29 3 31 0 32 26 18 47 32 43 31 15 40 30 33 24 46 25 37 19 4 4 21 27 3 4 38 36 40 39 9 47 22 5 
2 43 39 21 9 25 37 17 16 43 25 22 30 21 35 41 24 8 13 32 0 35 48 43 43 48 6 49 42 46 17 39 45 8 13 48 9 5 33 8 1 30 6 28 42 5 23 34 43 9 
41 45 8 46 18 6 7 6 45 47 4 18 10 4 32 44 28 48 47 26 35 0 16 40 13 17 12 44 35 48 3 2 4 13 6 45 39 6 28 35 43 17 4 12 23 7 38 20 31 48 
41 26 19 38 28 11 33 15 37 46 29 8 25 28 32 18 35 42 7 18 48 16 0 27 12 39 40 14 21 11 10 47 32 25 32 48 24 34 29 35 44 17 9 20 11 25 37 27 23 31 
18 17 38 10 3 42 35 2 37 46 22 21 5 33 37 3 28 29 4 47 43 40 27 0 31 31 14 6 14 45 31 27 15 26 36 20 17 7 30 26 8 29 21 12 10 12 1 5 15 36 
7 45 29 32 46 45 47 28 14 39 4 42 18 38 24 32 14 30 33 32 43 13 12 31 0 46 49 16 28 1 22 27 36 18 10 17 1 10 15 2 15 18 25 31 30 35 26 49 15 43 
20 45 26 4 42 25 6 23 33 25 49 31 25 31 48 48 31 36 25 43 48 17 39 31 46 0 9 32 27 48 40 12 33 49 25 8 10 13 20 45 17 28 33 19 1 27 42 3 17 8 
44 47 9 26 6 18 42 8 26 45 24 40 40 31 29 35 14 18 9 31 6 12 40 14 49 9 0 23 23 32 20 49 45 15 27 25 9 26 29 6 6 47 29 4 22 38 31 4 8 30 
38 2 11 12 43 47 37 34 18 29 37 27 12 4 5 8 39 36 28 15 49 44 14 6 16 32 23 0 26 28 45 44 18 21 14 46 17 23 32 21 33 47 33 38 41 32 10 18 13 20 
49 35 48 38 43 12 27 6 8 39 44 32 29 12 23 4 17 40 20 40 42 35 21 14 28 27 23 26 0 36 16 10 5 21 42 7 12 43 8 11 31 38 2 36 24 31 37 48 14 38 
9 25 40 40 5 23 47 24 15 38 13 16 15 44 32 7 15 40 34 30 46 48 11 45 1 48 32 28 36 0 49 38 36 5 49 35 43 35 13 7 2 47 14 6 43 40 15 14 16 35 
41 32 1 2 32 27 40 13 3 1 25 45 5 35 11 31 29 39 43 33 17 3 10 31 22 40 20 45 16 49 0 15 27 20 49 18 19 46 38 41 8 30 27 23 39 21 4 38 31 20 
21 45 29 49 46 31 44 41 20 7 20 20 31 12 3 5 20 9 15 24 39 2 47 27 27 12 49 44 10 38 15 0 5 35 9 30 8 43 35 16 8 13 21 43 48 41 6 14 45 13 
23 47 8 20 48 13 7 7 21 24 11 17 25 20 4 48 20 35 24 46 45 4 32 15 36 33 45 18 5 36 27 5 0 39 32 20 13 47 10 38 12 14 40 29 31 26 30 22 4 46 
12 4 29 9 14 35 27 12 27 33 49 9 28 18 36 10 12 27 38 25 8 13 25 26 18 49 15 21 21 5 20 35 39 0 1 41 40 1 35 34 40 1 19 33 17 29 13 48 35 29 
42 23 19 17 43 35 15 7 43 39 47 14 38 23 32 35 25 17 47 37 13 6 32 36 10 25 27 14 42 49 49 9 32 1 0 15 7 40 28 23 1 7 4 31 44 7 39 17 2 13 
35 38 33 25 23 35 26 27 9 9 31 13 46 29 19 27 11 10 35 19 48 45 48 20 17 8 25 46 7 35 18 30 20 41 15 0 3 48 10 1 3 26 28 32 9 32 30 3 8 10 
24 8 4 47 41 38 8 22 32 43 45 35 35 43 18 16 21 38 49 4 9 39 24 17 1 10 9 17 12 43 19 8 13 40 7 3 0 4 8 12 2 18 46 7 14 12 2 43 32 28 
1 42 30 16 7 31 15 23 24 3 33 45 44 12 8 6 19 25 8 4 5 6 34 7 10 13 26 23 43 35 46 43 47 1 40 48 4 0 18 26 1 44 14 36 10 46 37 3 40 10 
19 11 37 17 39 12 12 23 33 28 17 26 32 37 1 21 35 12 18 21 33 28 29 30 15 20 29 32 8 13 38 35 10 35 28 10 8 18 0 34 40 44 46 27 17 24 15 16 24 42 
20 22 10 25 27 36 4 22 3 29 2 3 3 31 25 44 10 4 40 27 8 35 35 26 2 45 6 21 11 7 41 16 38 34 23 1 12 26 34 0 7 36 28 22 5 30 3 31 12 32 
41 21 9 20 12 3 24 28 24 16 41 18 25 27 33 16 36 41 2 3 1 43 44 8 15 17 6 33 31 2 8 8 12 40 1 3 2 1 40 7 0 11 15 27 8 3 22 42 1 4 
14 10 27 32 43 22 23 8 25 19 13 35 26 32 48 17 42 25 37 4 30 17 17 29 18 28 47 47 38 47 30 13 14 1 7 26 18 44 44 36 11 0 33 40 45 47 35 4 3 27 
31 35 36 36 23 29 16 21 2 1 37 49 9 42 22 18 40 44 20 38 6 4 9 21 25 33 29 33 2 14 27 21 40 19 4 28 46 14 46 28 15 33 0 42 41 22 25 2 26 40 
30 32 37 8 8 17 36 14 28 11 31 16 14 17 13 34 43 27 15 36 28 12 20 12 31 19 4 38 36 6 23 43 29 33 31 32 7 36 27 22 27 40 42 0 38 22 12 46 21 16 
24 29 31 12 16 30 46 41 32 42 48 21 10 14 37 21 18 7 46 40 42 23 11 10 30 1 22 41 24 43 39 48 31 17 44 9 14 10 17 5 8 45 41 38 0 31 43 27 41 19 
22 11 18 42 31 18 46 22 28 37 1 20 44 16 18 11 21 44 43 39 5 7 25 12 35 27 38 32 31 40 21 41 26 29 7 32 12 46 24 30 3 47 22 22 31 0 48 49 40 20 
19 18 39 7 14 34 19 11 3 19 20 30 8 37 8 47 7 37 7 9 23 38 37 1 26 42 31 10 37 15 4 6 30 13 39 30 2 37 15 3 22 35 25 12 43 48 0 2 47 34 
19 25 43 26 31 43 21 26 18 3 3 32 1 14 4 48 26 48 2 47 34 20 27 5 49 3 4 18 48 14 38 14 22 48 17 3 43 3 16 31 42 4 2 46 27 49 2 0 28 46 
29 23 28 10 12 26 43 26 24 10 47 47 14 22 20 47 9 22 6 22 43 31 23 15 15 17 8 13 14 16 31 45 4 35 2 8 32 40 24 12 1 3 26 21 41 40 47 28 0 38 
23 45 44 43 34 26 47 32 33 16 40 41 30 35 15 49 32 27 45 5 9 48 31 36 43 8 30 20 38 35 20 13 46 29 13 10 28 10 42 32 4 27 40 16 19 20 34 46 38 0 
