0 29 37 8 37 49 44 25 28 23 45 4 34 6 34 47 21 49 27 17 43 23 7 34 7 28 35 43 24 18 49 19 15 39 35 41 39 1 42 9 10 13 12 35 11 15 45 1 18 10 
29 0 29 1 7 31 45 39 6 29 26 40 38 47 22 28 16 6 42 11 33 8 23 25 15 15 14 45 26 40 33 11 23 14 45 20 24 25 30 18 35 31 37 26 33 6 23 8 9 29 
37 29 0 7 19 43 27 8 24 22 24 42 43 35 41 18 49 11 35 5 38 30 33 3 22 21 1 18 48 33 46 4 11 5 2 13 32 7 45 44 7 18 27 14 12 1 48 1 47 28 
8 1 7 0 5 32 49 14 39 31 48 9 45 15 9 44 1 30 9 3 24 21 29 9 1 8 31 25 7 23 24 14 19 8 22 20 47 31 19 8 11 8 7 49 20 18 27 10 37 38 
37 7 19 5 0 39 18 44 31 43 5 38 27 44 38 15 40 37 46 19 10 40 34 2 42 34 3 7 12 36 27 21 21 39 6 47 36 8 2 25 24 45 13 23 7 10 45 40 45 22 
49 31 43 32 39 0 16 29 7 28 25 43 33 6 17 37 17 10 15 38 18 22 23 31 20 27 21 2 1 10 26 7 12 14 4 32 46 14 45 18 5 1 30 16 42 19 6 13 20 15 
44 45 27 49 18 16 0 21 45 2 18 15 19 14 8 1 22 37 6 45 45 32 15 5 46 31 2 33 39 23 39 8 9 48 21 8 1 7 42 44 25 34 10 19 43 27 10 7 18 39 
25 39 8 14 44 29 21 0 31 20 21 10 26 49 4 39 12 38 30 9 12 4 12 32 12 12 8 18 27 34 39 25 7 26 13 47 49 14 34 36 24 33 46 29 8 42 16 38 22 13 
28 6 24 39 31 7 45 31 0 16 39 35 10 26 6 6 9 1 15 17 38 42 46 38 32 44 29 36 48 15 9 41 40 12 14 13 47 49 10 32 13 49 17 3 28 45 42 10 9 4 
23 29 22 31 43 28 2 20 16 0 29 22 23 37 23 10 23 10 47 8 31 39 9 33 3 23 39 16 15 36 41 15 22 49 25 2 15 48 22 49 6 18 8 31 6 16 13 13 15 34 
45 26 24 48 5 25 18 21 39 29 0 39 25 28 17 35 29 35 16 34 32 44 46 22 3 39 2 19 18 47 49 3 11 33 19 26 9 47 40 26 24 25 33 21 46 2 9 27 17 19 
4 40 42 9 38 43 15 10 35 22 39 0 8 18 28 18 46 29 22 19 17 36 17 11 29 26 33 17 45 46 10 26 29 10 42 24 21 48 36 41 10 42 36 15 34 33 30 25 49 49 
34 38 43 45 27 33 19 26 10 23 25 8 0 15 5 6 36 2 16 45 22 21 37 29 47 29 35 7 11 35 23 39 12 34 20 18 22 26 11 33 4 42 7 10 16 39 15 38 41 15 
6 47 35 15 44 6 14 49 26 37 28 18 15 0 8 4 37 5 39 26 7 47 42 33 3 41 47 32 32 46 31 34 27 14 39 22 4 20 31 25 41 17 24 10 3 34 22 33 43 16 
34 22 41 9 38 17 8 4 6 23 17 28 5 8 0 47 24 5 24 21 9 19 22 22 36 26 35 5 7 33 14 47 1 30 10 45 37 23 31 36 49 19 11 40 38 20 34 47 36 18 
47 28 18 44 15 37 1 39 6 10 35 18 6 4 47 0 44 10 42 14 21 38 30 16 39 22 6 23 26 17 40 24 40 39 12 15 42 36 33 32 38 28 13 21 45 12 16 45 20 33 
21 16 49 1 40 17 22 12 9 23 29 46 36 37 24 44 0 1 35 1 34 27 15 47 1 13 44 9 29 46 10 34 13 49 13 10 14 40 15 28 17 12 4 40 23 3 14 33 18 20 
49 6 11 30 37 10 37 38 1 10 35 29 2 5 5 10 1 0 29 12 32 45 49 28 38 20 28 14 16 40 24 38 1 27 8 42 13 35 28 16 5 36 27 2 29 10 44 18 44 48 
27 42 35 9 46 15 6 30 15 47 16 22 16 39 24 42 35 29 0 18 35 35 11 7 41 10 7 33 15 14 10 5 37 19 15 30 48 25 42 43 10 10 39 2 25 4 32 5 9 38 
17 11 5 3 19 38 45 9 17 8 34 19 45 26 21 14 1 12 18 0 26 26 12 45 40 23 31 10 48 3 5 7 3 27 45 30 41 22 25 17 47 32 7 6 49 31 33 21 9 6 
43 33 38 24 10 18 45 12 38 31 32 17 22 7 9 21 34 32 35 26 0 30 16 5 2 36 37 11 15 15 37 34 8 25 5 36 18 24 43 26 22 33 40 6 28 4 25 43 43 31 
23 8 30 21 40 22 32 4 42 39 44 36 21 47 19 38 27 45 35 26 30 0 45 18 40 6 5 6 14 45 13 34 25 38 8 23 47 10 36 18 30 36 47 14 41 41 21 44 5 26 
7 23 33 29 34 23 15 12 46 9 46 17 37 42 22 30 15 49 11 12 16 45 0 6 26 49 15 1 23 33 9 17 8 28 24 45 22 44 4 5 25 41 17 41 34 25 41 49 13 4 
34 25 3 9 2 31 5 32 38 33 22 11 29 33 22 16 47 28 7 45 5 18 6 0 49 30 49 24 10 26 49 34 34 42 3 1 7 17 32 22 17 26 36 5 8 11 43 45 17 29 
7 15 22 1 42 20 46 12 32 3 3 29 47 3 36 39 1 38 41 40 2 40 26 49 0 6 6 20 45 23 8 4 41 45 6 43 38 40 16 37 15 21 14 18 17 10 25 23 2 21 
28 15 21 8 34 27 31 12 44 23 39 26 29 41 26 22 13 20 10 23 36 6 49 30 6 0 17 1 34 10 23 45 46 37 35 4 49 1 25 8 31 7 12 9 31 27 20 29 5 4 
35 14 1 31 3 21 2 8 29 39 2 33 35 47 35 6 44 28 7 31 37 5 15 49 6 17 0 47 36 6 24 49 2 40 8 11 1 18 12 27 8 30 29 18 8 13 31 23 33 16 
43 45 18 25 7 2 33 18 36 16 19 17 7 32 5 23 9 14 33 10 11 6 1 24 20 1 47 0 20 7 7 32 21 15 22 11 41 19 35 14 29 31 17 46 34 17 39 38 23 13 
24 26 48 7 12 1 39 27 48 15 18 45 11 32 7 26 29 16 15 48 15 14 23 10 45 34 36 20 0 21 43 48 43 15 14 17 39 49 21 30 32 33 49 46 42 22 39 24 1 39 
18 40 33 23 36 10 23 34 15 36 47 46 35 46 33 17 46 40 14 3 15 45 33 26 23 10 6 7 21 0 48 24 31 35 5 15 23 13 46 39 47 44 47 16 33 30 19 35 2 23 
49 33 46 24 27 26 39 39 9 41 49 10 23 31 14 40 10 24 10 5 37 13 9 49 8 23 24 7 43 48 0 2 2 27 12 29 47 42 10 40 5 23 22 29 21 1 13 7 18 47 
19 11 4 14 21 7 8 25 41 15 3 26 39 34 47 24 34 38 5 7 34 34 17 34 4 45 49 32 48 24 2 0 16 41 21 41 48 25 18 32 9 36 26 17 6 2 44 27 47 48 
15 23 11 19 21 12 9 7 40 22 11 29 12 27 1 40 13 1 37 3 8 25 8 34 41 46 2 21 43 31 2 16 0 11 13 3 41 4 10 19 39 28 16 48 49 41 20 14 43 33 
39 14 5 8 39 14 48 26 12 49 33 10 34 14 30 39 49 27 19 27 25 38 28 42 45 37 40 15 15 35 27 41 11 0 21 33 49 21 47 39 8 26 16 27 14 39 26 5 26 30 
35 45 2 22 6 4 21 13 14 25 19 42 20 39 10 12 13 8 15 45 5 8 24 3 6 35 8 22 14 5 12 21 13 21 0 49 9 8 34 21 30 21 49 18 36 15 41 21 48 25 
41 20 13 20 47 32 8 47 13 2 26 24 18 22 45 15 10 42 30 30 36 23 45 1 43 4 11 11 17 15 29 41 3 33 49 0 22 2 8 27 46 1 35 35 33 1 42 29 8 24 
39 24 32 47 36 46 1 49 47 15 9 21 22 4 37 42 14 13 48 41 18 47 22 7 38 49 1 41 39 23 47 48 41 49 9 22 0 5 42 5 41 26 24 34 44 23 24 9 7 8 
1 25 7 31 8 14 7 14 49 48 47 48 26 20 23 36 40 35 25 22 24 10 44 17 40 1 18 19 49 13 42 25 4 21 8 2 5 0 14 43 13 13 27 38 2 17 22 44 28 13 
42 30 45 19 2 45 42 34 10 22 40 36 11 31 31 33 15 28 42 25 43 36 4 32 16 25 12 35 21 46 10 18 10 47 34 8 42 14 0 20 2 38 24 25 33 6 39 36 9 13 
9 18 44 8 25 18 44 36 32 49 26 41 33 25 36 32 28 16 43 17 26 18 5 22 37 8 27 14 30 39 40 32 19 39 21 27 5 43 20 0 17 2 2 34 3 33 27 3 43 34 
10 35 7 11 24 5 25 24 13 6 24 10 4 41 49 38 17 5 10 47 22 30 25 17 15 31 8 29 32 47 5 9 39 8 30 46 41 13 2 17 0 7 2 36 23 44 31 46 32 11 
13 31 18 8 45 1 34 33 49 18 25 42 42 17 19 28 12 36 10 32 33 36 41 26 21 7 30 31 33 44 23 36 28 26 21 1 26 13 38 2 7 0 8 29 39 16 44 20 20 16 
12 37 27 7 13 30 10 46 17 8 33 36 7 24 11 13 4 27 39 7 40 47 17 36 14 12 29 17 49 47 22 26 16 16 49 35 24 27 24 2 2 8 0 17 39 47 27 42 2 7 
35 26 14 49 23 16 19 29 3 31 21 15 10 10 40 21 40 2 2 6 6 14 41 5 18 9 18 46 46 16 29 17 48 27 18 35 34 38 25 34 36 29 17 0 24 40 40 20 4 31 
11 33 12 20 7 42 43 8 28 6 46 34 16 3 38 45 23 29 25 49 28 41 34 8 17 31 8 34 42 33 21 6 49 14 36 33 44 2 33 3 23 39 39 24 0 47 49 16 49 13 
15 6 1 18 10 19 27 42 45 16 2 33 39 34 20 12 3 10 4 31 4 41 25 11 10 27 13 17 22 30 1 2 41 39 15 1 23 17 6 33 44 16 47 40 47 0 39 42 47 22 
45 23 48 27 45 6 10 16 42 13 9 30 15 22 34 16 14 44 32 33 25 21 41 43 25 20 31 39 39 19 13 44 20 26 41 42 24 22 39 27 31 44 27 40 49 39 0 5 20 44 
1 8 1 10 40 13 7 38 10 13 27 25 38 33 47 45 33 18 5 21 43 44 49 45 23 29 23 38 24 35 7 27 14 5 21 29 9 44 36 3 46 20 42 20 16 42 5 0 49 14 
18 9 47 37 45 20 18 22 9 15 17 49 41 43 36 20 18 44 9 9 43 5 13 17 2 5 33 23 1 2 18 47 43 26 48 8 7 28 9 43 32 20 2 4 49 47 20 49 0 9 
10 29 28 38 22 15 39 13 4 34 19 49 15 16 18 33 20 48 38 6 31 26 4 29 21 4 16 13 39 23 47 48 33 30 25 24 8 13 13 34 11 16 7 31 13 22 44 14 9 0 
