0 13 31 45 18 47 47 37 6 14 43 20 46 12 42 2 19 26 35 26 34 8 41 17 37 1 42 6 34 15 12 36 1 39 29 30 21 39 27 22 21 32 39 6 24 2 38 24 49 18 
13 0 10 1 6 15 40 5 48 48 22 3 36 7 5 24 20 48 39 23 27 41 15 21 28 48 35 46 1 7 49 7 47 12 24 13 11 47 45 27 14 38 42 42 24 48 29 47 6 5 
31 10 0 35 38 33 32 20 45 16 28 16 19 42 1 39 2 35 12 23 47 44 48 6 7 2 48 45 21 12 47 48 13 44 32 23 21 24 6 16 29 24 38 29 41 19 29 26 1 26 
45 1 35 0 41 28 48 40 18 17 30 1 42 46 28 25 45 13 41 22 20 46 21 19 42 11 39 33 32 5 9 24 19 9 45 7 19 13 1 45 12 46 46 46 32 39 5 16 35 9 
18 6 38 41 0 48 23 13 15 48 11 49 31 31 41 11 13 34 19 4 14 41 19 1 20 47 38 29 45 42 20 35 18 48 30 12 24 1 12 45 26 19 2 20 26 9 32 12 25 33 
47 15 33 28 48 0 9 19 10 30 9 17 41 30 16 17 11 25 11 37 37 23 5 38 4 30 15 31 23 4 9 5 43 28 20 34 17 29 13 23 46 41 20 32 32 3 22 18 16 29 
47 40 32 48 23 9 0 3 28 9 3 21 26 17 36 25 28 40 10 8 36 31 33 18 9 3 45 35 1 3 13 3 4 30 13 13 10 36 25 19 36 13 2 9 14 29 45 46 35 3 
37 5 20 40 13 19 3 0 49 12 49 36 8 5 44 15 26 29 48 17 5 44 29 26 29 14 30 10 31 17 14 34 5 48 25 49 45 2 27 8 35 37 49 46 15 2 13 23 40 7 
6 48 45 18 15 10 28 49 0 40 21 19 16 49 31 43 26 26 8 15 31 24 26 14 2 21 36 42 19 7 8 35 32 41 6 38 19 16 28 37 32 20 42 5 37 37 48 6 13 13 
14 48 16 17 48 30 9 12 40 0 42 26 20 16 21 22 24 29 44 25 25 5 2 36 23 23 32 40 42 45 37 36 22 21 10 26 34 8 31 42 2 35 41 18 19 17 34 43 48 36 
43 22 28 30 11 9 3 49 21 42 0 27 31 44 15 43 40 41 39 25 8 11 23 31 40 39 2 18 22 22 25 16 1 20 32 10 32 30 10 12 18 42 30 36 27 13 45 48 19 18 
20 3 16 1 49 17 21 36 19 26 27 0 31 40 10 31 36 46 46 30 12 31 10 5 41 3 38 46 19 3 32 2 32 16 4 34 39 12 22 45 45 25 23 47 25 45 24 39 9 31 
46 36 19 42 31 41 26 8 16 20 31 31 0 43 22 42 35 42 36 1 8 24 24 28 17 5 17 1 31 7 30 1 25 29 19 23 4 40 26 47 8 47 33 18 38 32 15 47 12 34 
12 7 42 46 31 30 17 5 49 16 44 40 43 0 34 36 35 17 20 10 21 8 10 42 25 23 32 46 2 10 20 32 26 21 14 30 11 6 18 32 12 45 3 3 16 35 26 32 27 39 
42 5 1 28 41 16 36 44 31 21 15 10 22 34 0 37 13 30 19 19 19 14 39 19 33 42 8 44 11 49 8 38 32 44 47 36 45 49 4 25 14 7 26 15 16 22 19 47 48 45 
2 24 39 25 11 17 25 15 43 22 43 31 42 36 37 0 19 31 11 30 21 17 31 31 35 44 40 39 38 40 20 28 22 1 24 1 35 39 22 7 2 8 13 30 22 31 46 23 25 12 
19 20 2 45 13 11 28 26 26 24 40 36 35 35 13 19 0 41 29 11 2 38 38 48 42 12 19 9 47 45 3 42 42 30 39 21 18 30 4 29 15 40 49 36 18 6 48 22 38 13 
26 48 35 13 34 25 40 29 26 29 41 46 42 17 30 31 41 0 4 29 16 16 13 22 16 6 25 46 47 30 34 47 13 11 36 26 31 25 41 1 18 49 4 6 12 38 9 48 17 21 
35 39 12 41 19 11 10 48 8 44 39 46 36 20 19 11 29 4 0 35 26 28 34 45 29 35 26 37 17 36 30 44 23 25 12 32 47 5 17 3 4 18 16 1 26 18 24 48 37 40 
26 23 23 22 4 37 8 17 15 25 25 30 1 10 19 30 11 29 35 0 26 35 25 16 5 14 2 20 6 3 28 38 44 18 26 14 12 41 6 28 45 10 12 21 44 30 21 8 32 9 
34 27 47 20 14 37 36 5 31 25 8 12 8 21 19 21 2 16 26 26 0 1 16 33 45 16 30 14 47 22 14 43 10 1 11 49 5 1 21 8 42 19 34 49 17 26 43 11 18 49 
8 41 44 46 41 23 31 44 24 5 11 31 24 8 14 17 38 16 28 35 1 0 42 30 32 1 4 31 40 3 41 2 25 8 6 30 13 2 48 23 9 14 45 49 8 34 35 15 22 27 
41 15 48 21 19 5 33 29 26 2 23 10 24 10 39 31 38 13 34 25 16 42 0 21 11 8 34 26 2 40 9 10 9 32 2 25 14 1 34 43 45 2 39 29 49 8 22 10 22 26 
17 21 6 19 1 38 18 26 14 36 31 5 28 42 19 31 48 22 45 16 33 30 21 0 21 22 16 42 47 8 42 38 22 45 33 19 1 11 44 13 48 7 44 5 3 26 13 35 29 28 
37 28 7 42 20 4 9 29 2 23 40 41 17 25 33 35 42 16 29 5 45 32 11 21 0 38 29 40 33 15 24 16 38 15 14 47 18 21 17 3 33 33 36 4 5 42 30 17 47 31 
1 48 2 11 47 30 3 14 21 23 39 3 5 23 42 44 12 6 35 14 16 1 8 22 38 0 39 13 22 27 42 8 26 43 29 7 7 6 40 4 45 20 11 14 14 6 11 48 8 19 
42 35 48 39 38 15 45 30 36 32 2 38 17 32 8 40 19 25 26 2 30 4 34 16 29 39 0 7 8 44 22 7 41 3 10 5 22 42 46 46 4 47 24 36 14 11 31 32 30 14 
6 46 45 33 29 31 35 10 42 40 18 46 1 46 44 39 9 46 37 20 14 31 26 42 40 13 7 0 18 23 43 27 15 15 38 14 9 27 40 16 2 30 19 1 46 35 48 45 23 45 
34 1 21 32 45 23 1 31 19 42 22 19 31 2 11 38 47 47 17 6 47 40 2 47 33 22 8 18 0 1 44 45 10 46 40 43 18 7 22 7 4 23 12 34 41 49 34 2 35 45 
15 7 12 5 42 4 3 17 7 45 22 3 7 10 49 40 45 30 36 3 22 3 40 8 15 27 44 23 1 0 4 30 31 8 33 34 19 8 32 6 36 8 33 1 42 14 12 25 5 24 
12 49 47 9 20 9 13 14 8 37 25 32 30 20 8 20 3 34 30 28 14 41 9 42 24 42 22 43 44 4 0 29 28 40 32 23 27 1 27 27 41 27 6 49 12 28 5 16 41 10 
36 7 48 24 35 5 3 34 35 36 16 2 1 32 38 28 42 47 44 38 43 2 10 38 16 8 7 27 45 30 29 0 35 47 37 32 45 5 13 24 46 46 8 5 27 6 3 41 25 49 
1 47 13 19 18 43 4 5 32 22 1 32 25 26 32 22 42 13 23 44 10 25 9 22 38 26 41 15 10 31 28 35 0 32 47 25 44 12 7 13 26 12 48 34 5 49 49 41 19 4 
39 12 44 9 48 28 30 48 41 21 20 16 29 21 44 1 30 11 25 18 1 8 32 45 15 43 3 15 46 8 40 47 32 0 44 22 34 6 39 42 41 25 20 41 5 32 23 4 29 42 
29 24 32 45 30 20 13 25 6 10 32 4 19 14 47 24 39 36 12 26 11 6 2 33 14 29 10 38 40 33 32 37 47 44 0 35 31 22 28 12 30 48 8 46 34 49 7 9 48 21 
30 13 23 7 12 34 13 49 38 26 10 34 23 30 36 1 21 26 32 14 49 30 25 19 47 7 5 14 43 34 23 32 25 22 35 0 8 37 34 13 48 46 28 14 27 5 15 26 49 25 
21 11 21 19 24 17 10 45 19 34 32 39 4 11 45 35 18 31 47 12 5 13 14 1 18 7 22 9 18 19 27 45 44 34 31 8 0 18 29 17 14 40 8 49 44 29 4 32 20 17 
39 47 24 13 1 29 36 2 16 8 30 12 40 6 49 39 30 25 5 41 1 2 1 11 21 6 42 27 7 8 1 5 12 6 22 37 18 0 38 3 1 4 45 37 4 4 10 27 14 10 
27 45 6 1 12 13 25 27 28 31 10 22 26 18 4 22 4 41 17 6 21 48 34 44 17 40 46 40 22 32 27 13 7 39 28 34 29 38 0 2 33 41 35 26 28 40 27 47 44 31 
22 27 16 45 45 23 19 8 37 42 12 45 47 32 25 7 29 1 3 28 8 23 43 13 3 4 46 16 7 6 27 24 13 42 12 13 17 3 2 0 39 4 5 47 5 34 20 28 45 4 
21 14 29 12 26 46 36 35 32 2 18 45 8 12 14 2 15 18 4 45 42 9 45 48 33 45 4 2 4 36 41 46 26 41 30 48 14 1 33 39 0 26 7 15 27 29 9 28 41 23 
32 38 24 46 19 41 13 37 20 35 42 25 47 45 7 8 40 49 18 10 19 14 2 7 33 20 47 30 23 8 27 46 12 25 48 46 40 4 41 4 26 0 11 14 29 27 1 10 2 29 
39 42 38 46 2 20 2 49 42 41 30 23 33 3 26 13 49 4 16 12 34 45 39 44 36 11 24 19 12 33 6 8 48 20 8 28 8 45 35 5 7 11 0 41 7 32 12 19 7 16 
6 42 29 46 20 32 9 46 5 18 36 47 18 3 15 30 36 6 1 21 49 49 29 5 4 14 36 1 34 1 49 5 34 41 46 14 49 37 26 47 15 14 41 0 21 12 20 28 16 27 
24 24 41 32 26 32 14 15 37 19 27 25 38 16 16 22 18 12 26 44 17 8 49 3 5 14 14 46 41 42 12 27 5 5 34 27 44 4 28 5 27 29 7 21 0 17 18 10 26 13 
2 48 19 39 9 3 29 2 37 17 13 45 32 35 22 31 6 38 18 30 26 34 8 26 42 6 11 35 49 14 28 6 49 32 49 5 29 4 40 34 29 27 32 12 17 0 48 26 25 44 
38 29 29 5 32 22 45 13 48 34 45 24 15 26 19 46 48 9 24 21 43 35 22 13 30 11 31 48 34 12 5 3 49 23 7 15 4 10 27 20 9 1 12 20 18 48 0 49 42 4 
24 47 26 16 12 18 46 23 6 43 48 39 47 32 47 23 22 48 48 8 11 15 10 35 17 48 32 45 2 25 16 41 41 4 9 26 32 27 47 28 28 10 19 28 10 26 49 0 49 43 
49 6 1 35 25 16 35 40 13 48 19 9 12 27 48 25 38 17 37 32 18 22 22 29 47 8 30 23 35 5 41 25 19 29 48 49 20 14 44 45 41 2 7 16 26 25 42 49 0 7 
18 5 26 9 33 29 3 7 13 36 18 31 34 39 45 12 13 21 40 9 49 27 26 28 31 19 14 45 45 24 10 49 4 42 21 25 17 10 31 4 23 29 16 27 13 44 4 43 7 0 
