0 18 37 2 27 35 41 12 5 39 11 36 12 19 36 43 27 16 41 31 17 16 18 8 30 47 1 34 16 21 3 38 7 30 43 38 6 1 9 35 34 20 22 3 1 49 13 38 37 6 
18 0 3 18 44 13 26 31 18 48 18 20 44 26 20 21 21 39 22 25 33 8 13 39 37 41 21 40 21 36 17 32 1 27 49 18 9 2 2 35 2 49 22 32 2 33 1 41 19 28 
37 3 0 4 39 30 12 18 31 41 14 33 46 42 45 16 26 45 5 46 46 4 35 32 4 47 43 1 36 3 7 17 47 8 49 35 30 31 46 13 23 18 22 42 24 33 17 2 32 31 
2 18 4 0 19 48 36 24 47 38 36 8 38 2 46 15 23 40 4 16 41 39 45 32 36 1 16 29 1 21 18 38 37 24 16 27 7 48 18 3 24 47 31 39 5 10 4 34 3 43 
27 44 39 19 0 33 21 7 2 13 42 29 7 5 49 29 36 45 13 32 22 18 49 43 10 8 41 25 40 41 27 2 1 16 45 23 30 35 39 37 6 24 29 7 22 46 32 7 35 47 
35 13 30 48 33 0 21 38 6 40 42 48 15 20 20 23 42 6 40 12 13 11 38 36 28 25 21 5 42 4 41 35 25 44 9 41 12 47 21 32 42 21 10 29 46 21 1 27 22 5 
41 26 12 36 21 21 0 40 15 16 22 41 1 43 43 32 16 42 47 22 17 15 28 41 46 22 40 29 4 10 8 28 26 6 49 32 15 38 24 8 37 44 47 3 11 45 6 3 6 47 
12 31 18 24 7 38 40 0 25 35 23 9 11 25 9 8 2 33 26 13 23 13 3 39 32 45 11 25 17 21 2 22 28 18 9 32 42 44 28 2 26 34 6 14 9 34 17 10 6 1 
5 18 31 47 2 6 15 25 0 32 28 14 30 46 49 6 45 49 21 20 44 48 28 28 15 32 31 13 48 15 20 28 19 10 37 47 27 24 8 14 45 1 13 49 39 19 30 25 3 17 
39 48 41 38 13 40 16 35 32 0 11 25 33 36 1 33 1 41 28 32 22 26 42 6 18 23 46 13 6 5 47 28 5 22 20 25 47 46 48 8 29 35 21 13 14 45 24 25 28 1 
11 18 14 36 42 42 22 23 28 11 0 33 7 23 22 37 12 25 35 28 9 20 35 25 46 40 16 32 5 14 27 2 6 22 14 36 5 14 4 29 30 31 5 49 36 36 37 28 14 19 
36 20 33 8 29 48 41 9 14 25 33 0 22 18 26 35 3 45 49 7 37 19 47 28 14 6 49 29 7 2 4 21 25 2 30 32 25 22 24 8 12 28 21 42 12 35 14 36 49 11 
12 44 46 38 7 15 1 11 30 33 7 22 0 13 8 46 3 45 13 9 37 4 14 22 3 10 48 1 19 11 8 1 9 3 5 35 11 37 1 46 10 26 34 26 41 38 23 30 18 12 
19 26 42 2 5 20 43 25 46 36 23 18 13 0 41 7 41 20 30 7 9 37 42 19 15 8 1 14 7 3 29 46 32 42 11 32 42 28 15 41 45 31 8 23 15 48 13 44 7 32 
36 20 45 46 49 20 43 9 49 1 22 26 8 41 0 29 36 11 35 20 38 18 48 31 31 20 4 21 47 43 35 41 9 39 36 45 46 16 12 33 5 21 25 13 22 1 33 25 30 43 
43 21 16 15 29 23 32 8 6 33 37 35 46 7 29 0 44 39 43 41 10 26 46 7 6 11 27 14 7 10 13 41 18 27 19 29 3 38 27 30 30 13 31 14 36 22 9 21 26 32 
27 21 26 23 36 42 16 2 45 1 12 3 3 41 36 44 0 15 18 42 26 34 16 46 20 28 46 17 34 34 8 33 7 33 5 3 44 26 24 41 11 26 28 47 9 10 26 39 10 1 
16 39 45 40 45 6 42 33 49 41 25 45 45 20 11 39 15 0 38 20 46 34 24 2 2 47 7 21 33 34 8 34 16 27 31 9 5 42 26 13 44 21 8 42 19 29 40 37 37 4 
41 22 5 4 13 40 47 26 21 28 35 49 13 30 35 43 18 38 0 20 35 35 18 36 25 38 44 37 11 43 44 12 44 24 5 2 38 43 22 3 15 43 6 30 16 7 34 46 6 32 
31 25 46 16 32 12 22 13 20 32 28 7 9 7 20 41 42 20 20 0 20 20 14 23 28 17 17 5 4 18 21 16 37 31 29 34 22 32 15 1 31 13 11 46 6 8 2 45 37 47 
17 33 46 41 22 13 17 23 44 22 9 37 37 9 38 10 26 46 35 20 0 11 22 9 23 14 37 11 38 24 4 25 29 47 17 3 7 24 24 21 36 31 21 25 12 18 15 6 4 6 
16 8 4 39 18 11 15 13 48 26 20 19 4 37 18 26 34 34 35 20 11 0 37 38 7 49 20 12 11 8 22 43 5 18 11 40 15 48 12 19 3 5 14 24 35 26 49 26 11 24 
18 13 35 45 49 38 28 3 28 42 35 47 14 42 48 46 16 24 18 14 22 37 0 6 44 48 48 34 8 14 40 6 9 46 12 41 44 20 42 1 28 7 41 15 18 24 25 17 32 5 
8 39 32 32 43 36 41 39 28 6 25 28 22 19 31 7 46 2 36 23 9 38 6 0 17 34 42 31 30 33 45 46 37 23 26 30 17 31 37 37 40 27 45 25 15 8 8 46 2 43 
30 37 4 36 10 28 46 32 15 18 46 14 3 15 31 6 20 2 25 28 23 7 44 17 0 8 25 20 15 7 16 1 24 10 45 47 5 39 23 48 13 10 4 16 39 21 46 21 15 16 
47 41 47 1 8 25 22 45 32 23 40 6 10 8 20 11 28 47 38 17 14 49 48 34 8 0 2 39 26 18 29 25 13 47 49 17 49 22 17 2 37 12 12 2 13 13 14 47 41 11 
1 21 43 16 41 21 40 11 31 46 16 49 48 1 4 27 46 7 44 17 37 20 48 42 25 2 0 35 19 6 36 42 3 2 11 27 30 23 47 26 35 11 39 11 33 11 7 16 22 31 
34 40 1 29 25 5 29 25 13 13 32 29 1 14 21 14 17 21 37 5 11 12 34 31 20 39 35 0 30 16 40 3 38 34 47 13 23 30 40 42 40 43 20 26 43 18 33 32 15 33 
16 21 36 1 40 42 4 17 48 6 5 7 19 7 47 7 34 33 11 4 38 11 8 30 15 26 19 30 0 48 23 38 34 40 16 47 28 32 46 10 3 42 7 39 28 8 35 34 12 10 
21 36 3 21 41 4 10 21 15 5 14 2 11 3 43 10 34 34 43 18 24 8 14 33 7 18 6 16 48 0 1 16 6 15 4 32 40 8 47 40 27 10 12 19 33 28 34 36 30 16 
3 17 7 18 27 41 8 2 20 47 27 4 8 29 35 13 8 8 44 21 4 22 40 45 16 29 36 40 23 1 0 26 14 47 3 19 2 12 33 9 41 7 48 48 39 23 14 13 46 3 
38 32 17 38 2 35 28 22 28 28 2 21 1 46 41 41 33 34 12 16 25 43 6 46 1 25 42 3 38 16 26 0 10 48 26 40 49 11 17 32 32 18 5 6 17 2 22 24 46 5 
7 1 47 37 1 25 26 28 19 5 6 25 9 32 9 18 7 16 44 37 29 5 9 37 24 13 3 38 34 6 14 10 0 7 5 2 45 36 3 24 42 2 14 42 33 31 9 46 37 36 
30 27 8 24 16 44 6 18 10 22 22 2 3 42 39 27 33 27 24 31 47 18 46 23 10 47 2 34 40 15 47 48 7 0 32 17 27 43 44 30 48 34 31 6 10 26 40 35 34 33 
43 49 49 16 45 9 49 9 37 20 14 30 5 11 36 19 5 31 5 29 17 11 12 26 45 49 11 47 16 4 3 26 5 32 0 8 26 22 16 18 28 33 48 6 16 34 12 46 40 48 
38 18 35 27 23 41 32 32 47 25 36 32 35 32 45 29 3 9 2 34 3 40 41 30 47 17 27 13 47 32 19 40 2 17 8 0 17 16 33 10 36 6 19 40 36 37 9 12 15 26 
6 9 30 7 30 12 15 42 27 47 5 25 11 42 46 3 44 5 38 22 7 15 44 17 5 49 30 23 28 40 2 49 45 27 26 17 0 1 42 41 35 35 31 32 18 40 15 37 28 25 
1 2 31 48 35 47 38 44 24 46 14 22 37 28 16 38 26 42 43 32 24 48 20 31 39 22 23 30 32 8 12 11 36 43 22 16 1 0 31 14 34 2 38 1 43 35 8 23 1 47 
9 2 46 18 39 21 24 28 8 48 4 24 1 15 12 27 24 26 22 15 24 12 42 37 23 17 47 40 46 47 33 17 3 44 16 33 42 31 0 34 12 10 21 19 18 13 41 1 16 12 
35 35 13 3 37 32 8 2 14 8 29 8 46 41 33 30 41 13 3 1 21 19 1 37 48 2 26 42 10 40 9 32 24 30 18 10 41 14 34 0 2 49 43 44 3 9 42 1 41 33 
34 2 23 24 6 42 37 26 45 29 30 12 10 45 5 30 11 44 15 31 36 3 28 40 13 37 35 40 3 27 41 32 42 48 28 36 35 34 12 2 0 46 43 39 47 1 37 34 9 6 
20 49 18 47 24 21 44 34 1 35 31 28 26 31 21 13 26 21 43 13 31 5 7 27 10 12 11 43 42 10 7 18 2 34 33 6 35 2 10 49 46 0 25 20 10 24 41 4 44 9 
22 22 22 31 29 10 47 6 13 21 5 21 34 8 25 31 28 8 6 11 21 14 41 45 4 12 39 20 7 12 48 5 14 31 48 19 31 38 21 43 43 25 0 25 18 20 28 27 39 6 
3 32 42 39 7 29 3 14 49 13 49 42 26 23 13 14 47 42 30 46 25 24 15 25 16 2 11 26 39 19 48 6 42 6 6 40 32 1 19 44 39 20 25 0 46 2 10 3 4 11 
1 2 24 5 22 46 11 9 39 14 36 12 41 15 22 36 9 19 16 6 12 35 18 15 39 13 33 43 28 33 39 17 33 10 16 36 18 43 18 3 47 10 18 46 0 32 45 30 48 45 
49 33 33 10 46 21 45 34 19 45 36 35 38 48 1 22 10 29 7 8 18 26 24 8 21 13 11 18 8 28 23 2 31 26 34 37 40 35 13 9 1 24 20 2 32 0 34 20 42 40 
13 1 17 4 32 1 6 17 30 24 37 14 23 13 33 9 26 40 34 2 15 49 25 8 46 14 7 33 35 34 14 22 9 40 12 9 15 8 41 42 37 41 28 10 45 34 0 12 16 29 
38 41 2 34 7 27 3 10 25 25 28 36 30 44 25 21 39 37 46 45 6 26 17 46 21 47 16 32 34 36 13 24 46 35 46 12 37 23 1 1 34 4 27 3 30 20 12 0 26 6 
37 19 32 3 35 22 6 6 3 28 14 49 18 7 30 26 10 37 6 37 4 11 32 2 15 41 22 15 12 30 46 46 37 34 40 15 28 1 16 41 9 44 39 4 48 42 16 26 0 38 
6 28 31 43 47 5 47 1 17 1 19 11 12 32 43 32 1 4 32 47 6 24 5 43 16 11 31 33 10 16 3 5 36 33 48 26 25 47 12 33 6 9 6 11 45 40 29 6 38 0 
