0 22 13 23 30 26 22 14 41 13 40 22 17 19 13 42 42 13 15 49 27 49 40 5 30 33 12 29 13 6 32 27 15 8 32 41 13 4 48 40 40 4 19 43 45 8 7 3 6 19 
22 0 47 37 20 21 41 27 30 28 19 22 11 11 13 49 20 35 15 1 32 26 19 29 17 12 23 43 13 35 35 3 30 31 35 10 43 40 8 7 25 9 14 36 9 3 35 48 11 38 
13 47 0 17 14 48 25 15 13 2 17 1 45 18 39 34 44 43 31 19 46 36 38 13 16 28 15 5 10 13 38 49 13 45 32 5 47 5 41 45 40 48 25 35 21 18 24 10 18 30 
23 37 17 0 5 25 37 2 30 3 45 43 16 12 9 31 14 23 31 9 45 3 15 10 23 5 27 25 37 10 5 43 27 1 36 35 28 3 41 48 46 27 37 26 24 36 19 1 41 36 
30 20 14 5 0 49 33 27 24 3 16 23 16 4 20 37 42 37 9 35 36 7 27 39 4 47 15 17 18 9 40 18 10 15 17 31 49 44 12 48 46 29 40 39 8 13 23 33 20 35 
26 21 48 25 49 0 6 9 40 24 32 5 14 48 31 42 9 23 31 12 21 38 16 23 31 41 46 16 33 2 15 8 9 44 40 3 28 33 33 36 32 12 36 28 37 20 18 5 21 40 
22 41 25 37 33 6 0 30 3 34 36 11 7 12 36 39 44 45 18 16 34 19 37 36 41 32 11 22 10 2 11 16 28 43 45 20 9 9 28 2 42 48 31 42 46 9 43 22 7 31 
14 27 15 2 27 9 30 0 6 33 15 29 48 47 25 47 6 35 21 25 5 7 1 5 13 41 13 25 25 37 20 1 10 24 27 19 16 42 32 5 17 45 43 2 2 13 2 43 6 48 
41 30 13 30 24 40 3 6 0 26 41 33 32 41 8 20 10 7 3 1 3 18 17 32 19 38 45 4 36 31 25 17 16 20 40 1 42 4 49 27 32 35 23 36 36 17 10 20 22 24 
13 28 2 3 3 24 34 33 26 0 3 36 2 27 35 6 14 23 39 16 47 24 6 23 36 40 38 17 8 32 17 49 40 9 49 20 40 39 47 20 25 47 15 37 23 11 17 36 5 36 
40 19 17 45 16 32 36 15 41 3 0 21 5 18 5 17 45 28 29 14 23 40 16 14 27 1 16 27 1 37 10 35 34 2 38 46 32 30 1 15 43 24 34 2 8 34 33 29 45 45 
22 22 1 43 23 5 11 29 33 36 21 0 16 9 27 16 30 31 4 45 13 19 35 6 21 12 43 40 41 2 25 29 17 48 43 38 41 14 41 1 11 18 14 23 18 12 39 35 23 16 
17 11 45 16 16 14 7 48 32 2 5 16 0 18 20 45 21 35 38 20 40 8 3 8 30 48 26 21 11 1 32 22 46 21 42 28 45 18 1 29 29 21 41 23 43 21 23 47 14 25 
19 11 18 12 4 48 12 47 41 27 18 9 18 0 8 46 12 22 28 21 42 27 48 24 46 16 15 2 18 12 2 19 27 29 8 14 21 1 8 14 45 7 33 29 42 13 10 27 28 29 
13 13 39 9 20 31 36 25 8 35 5 27 20 8 0 42 24 31 26 42 3 44 41 29 26 27 9 40 46 20 25 46 15 1 15 35 41 6 34 33 9 38 23 18 32 33 48 13 22 25 
42 49 34 31 37 42 39 47 20 6 17 16 45 46 42 0 31 40 12 40 39 39 22 30 41 28 28 27 17 3 35 49 39 31 8 46 27 29 26 16 5 46 6 15 12 31 30 27 21 48 
42 20 44 14 42 9 44 6 10 14 45 30 21 12 24 31 0 1 18 23 4 48 49 33 17 22 2 9 28 47 35 9 45 12 43 46 7 24 21 46 22 17 24 15 13 28 3 4 40 6 
13 35 43 23 37 23 45 35 7 23 28 31 35 22 31 40 1 0 44 15 23 17 38 19 21 9 40 4 20 21 6 19 44 7 4 7 30 1 14 36 2 18 34 27 49 4 23 49 40 4 
15 15 31 31 9 31 18 21 3 39 29 4 38 28 26 12 18 44 0 13 42 3 43 37 35 17 20 44 10 45 8 25 15 9 29 40 10 19 18 25 41 32 31 7 7 27 46 36 23 18 
49 1 19 9 35 12 16 25 1 16 14 45 20 21 42 40 23 15 13 0 33 40 6 5 5 25 25 20 29 6 39 6 32 11 23 16 44 35 20 32 17 49 38 22 40 11 30 16 21 12 
27 32 46 45 36 21 34 5 3 47 23 13 40 42 3 39 4 23 42 33 0 46 40 31 36 47 1 13 27 33 18 8 45 3 8 11 16 49 45 49 6 34 23 22 29 35 42 33 19 25 
49 26 36 3 7 38 19 7 18 24 40 19 8 27 44 39 48 17 3 40 46 0 26 13 1 14 13 32 5 43 46 7 3 28 33 40 43 7 29 24 12 19 25 30 7 27 20 47 41 44 
40 19 38 15 27 16 37 1 17 6 16 35 3 48 41 22 49 38 43 6 40 26 0 29 14 29 21 26 5 48 22 7 21 14 15 33 42 32 5 36 15 22 1 19 14 30 29 38 43 16 
5 29 13 10 39 23 36 5 32 23 14 6 8 24 29 30 33 19 37 5 31 13 29 0 49 20 5 23 5 35 43 42 3 18 40 37 24 37 24 10 47 7 36 46 25 47 3 44 16 3 
30 17 16 23 4 31 41 13 19 36 27 21 30 46 26 41 17 21 35 5 36 1 14 49 0 20 37 46 43 24 24 42 31 23 43 46 44 11 1 12 37 49 14 7 44 27 18 12 18 16 
33 12 28 5 47 41 32 41 38 40 1 12 48 16 27 28 22 9 17 25 47 14 29 20 20 0 46 40 38 22 17 1 41 31 28 1 30 9 12 14 26 33 15 1 32 48 2 12 29 3 
12 23 15 27 15 46 11 13 45 38 16 43 26 15 9 28 2 40 20 25 1 13 21 5 37 46 0 17 41 38 21 19 19 29 13 46 28 37 15 5 25 27 47 21 6 1 37 17 14 48 
29 43 5 25 17 16 22 25 4 17 27 40 21 2 40 27 9 4 44 20 13 32 26 23 46 40 17 0 19 41 4 1 37 47 28 47 22 40 22 30 49 35 24 46 33 2 2 1 6 48 
13 13 10 37 18 33 10 25 36 8 1 41 11 18 46 17 28 20 10 29 27 5 5 5 43 38 41 19 0 2 6 2 3 20 6 28 40 6 39 17 21 43 47 4 46 30 4 24 13 45 
6 35 13 10 9 2 2 37 31 32 37 2 1 12 20 3 47 21 45 6 33 43 48 35 24 22 38 41 2 0 7 46 4 1 37 11 10 15 41 47 48 8 16 9 44 41 25 45 15 18 
32 35 38 5 40 15 11 20 25 17 10 25 32 2 25 35 35 6 8 39 18 46 22 43 24 17 21 4 6 7 0 47 42 31 36 23 20 37 21 33 6 27 41 20 49 37 27 26 38 17 
27 3 49 43 18 8 16 1 17 49 35 29 22 19 46 49 9 19 25 6 8 7 7 42 42 1 19 1 2 46 47 0 10 22 1 21 23 46 32 28 16 33 25 19 14 35 36 27 17 34 
15 30 13 27 10 9 28 10 16 40 34 17 46 27 15 39 45 44 15 32 45 3 21 3 31 41 19 37 3 4 42 10 0 25 28 49 43 49 23 30 27 43 5 5 13 12 31 31 1 21 
8 31 45 1 15 44 43 24 20 9 2 48 21 29 1 31 12 7 9 11 3 28 14 18 23 31 29 47 20 1 31 22 25 0 35 46 34 31 11 48 35 46 18 28 5 11 39 17 5 30 
32 35 32 36 17 40 45 27 40 49 38 43 42 8 15 8 43 4 29 23 8 33 15 40 43 28 13 28 6 37 36 1 28 35 0 24 39 44 22 44 17 41 33 9 6 15 32 34 12 9 
41 10 5 35 31 3 20 19 1 20 46 38 28 14 35 46 46 7 40 16 11 40 33 37 46 1 46 47 28 11 23 21 49 46 24 0 15 40 31 32 29 35 14 16 6 32 2 37 45 49 
13 43 47 28 49 28 9 16 42 40 32 41 45 21 41 27 7 30 10 44 16 43 42 24 44 30 28 22 40 10 20 23 43 34 39 15 0 2 46 13 9 29 44 13 27 7 10 8 44 27 
4 40 5 3 44 33 9 42 4 39 30 14 18 1 6 29 24 1 19 35 49 7 32 37 11 9 37 40 6 15 37 46 49 31 44 40 2 0 37 9 41 18 37 28 11 36 27 43 7 17 
48 8 41 41 12 33 28 32 49 47 1 41 1 8 34 26 21 14 18 20 45 29 5 24 1 12 15 22 39 41 21 32 23 11 22 31 46 37 0 12 32 41 44 47 36 9 38 44 45 1 
40 7 45 48 48 36 2 5 27 20 15 1 29 14 33 16 46 36 25 32 49 24 36 10 12 14 5 30 17 47 33 28 30 48 44 32 13 9 12 0 3 9 11 9 27 46 20 48 28 39 
40 25 40 46 46 32 42 17 32 25 43 11 29 45 9 5 22 2 41 17 6 12 15 47 37 26 25 49 21 48 6 16 27 35 17 29 9 41 32 3 0 17 14 49 45 18 39 32 21 22 
4 9 48 27 29 12 48 45 35 47 24 18 21 7 38 46 17 18 32 49 34 19 22 7 49 33 27 35 43 8 27 33 43 46 41 35 29 18 41 9 17 0 41 23 12 1 4 25 47 42 
19 14 25 37 40 36 31 43 23 15 34 14 41 33 23 6 24 34 31 38 23 25 1 36 14 15 47 24 47 16 41 25 5 18 33 14 44 37 44 11 14 41 0 17 7 15 37 40 21 27 
43 36 35 26 39 28 42 2 36 37 2 23 23 29 18 15 15 27 7 22 22 30 19 46 7 1 21 46 4 9 20 19 5 28 9 16 13 28 47 9 49 23 17 0 45 48 36 10 27 47 
45 9 21 24 8 37 46 2 36 23 8 18 43 42 32 12 13 49 7 40 29 7 14 25 44 32 6 33 46 44 49 14 13 5 6 6 27 11 36 27 45 12 7 45 0 23 30 28 17 44 
8 3 18 36 13 20 9 13 17 11 34 12 21 13 33 31 28 4 27 11 35 27 30 47 27 48 1 2 30 41 37 35 12 11 15 32 7 36 9 46 18 1 15 48 23 0 7 7 47 6 
7 35 24 19 23 18 43 2 10 17 33 39 23 10 48 30 3 23 46 30 42 20 29 3 18 2 37 2 4 25 27 36 31 39 32 2 10 27 38 20 39 4 37 36 30 7 0 35 29 31 
3 48 10 1 33 5 22 43 20 36 29 35 47 27 13 27 4 49 36 16 33 47 38 44 12 12 17 1 24 45 26 27 31 17 34 37 8 43 44 48 32 25 40 10 28 7 35 0 27 19 
6 11 18 41 20 21 7 6 22 5 45 23 14 28 22 21 40 40 23 21 19 41 43 16 18 29 14 6 13 15 38 17 1 5 12 45 44 7 45 28 21 47 21 27 17 47 29 27 0 7 
19 38 30 36 35 40 31 48 24 36 45 16 25 29 25 48 6 4 18 12 25 44 16 3 16 3 48 48 45 18 17 34 21 30 9 49 27 17 1 39 22 42 27 47 44 6 31 19 7 0 
