0 42 29 13 24 36 19 1 40 14 20 28 49 33 6 24 3 27 34 42 36 40 23 31 27 16 16 33 3 8 21 46 36 48 41 20 30 3 37 20 18 45 17 12 27 26 11 23 49 24 
42 0 22 2 36 44 31 15 31 38 24 18 18 22 45 6 26 28 20 39 17 26 10 17 39 23 32 16 17 30 8 22 9 23 18 26 37 45 38 25 27 34 28 21 14 10 34 11 36 28 
29 22 0 15 8 31 48 31 24 6 19 8 34 47 37 47 10 2 44 14 8 32 1 47 45 12 44 49 39 44 26 25 23 20 20 17 5 9 11 28 22 18 37 9 10 42 44 40 16 20 
13 2 15 0 38 26 33 38 32 16 7 1 9 34 18 46 17 12 3 49 35 37 16 49 38 36 2 44 6 2 7 42 3 34 13 19 18 36 17 39 47 40 14 15 12 44 17 20 42 5 
24 36 8 38 0 47 37 27 26 4 10 11 39 22 34 9 12 35 9 23 42 46 41 7 44 28 32 39 44 6 19 4 20 43 7 16 24 41 36 29 6 7 14 43 19 21 31 1 49 29 
36 44 31 26 47 0 13 38 41 33 46 27 49 42 48 24 9 18 8 20 40 39 19 25 37 31 33 16 31 6 36 37 9 47 2 34 26 10 43 39 11 21 33 20 33 13 4 30 1 25 
19 31 48 33 37 13 0 11 39 16 8 37 20 38 7 4 30 8 26 34 37 25 48 3 33 26 19 25 47 24 16 31 39 46 28 10 24 29 42 12 16 44 33 26 49 2 3 37 38 4 
1 15 31 38 27 38 11 0 46 12 14 41 20 2 47 7 20 14 31 34 9 46 44 18 39 21 41 35 18 21 4 49 22 5 6 34 15 30 28 40 19 25 41 12 19 44 39 7 9 45 
40 31 24 32 26 41 39 46 0 26 18 9 24 22 31 9 43 23 23 42 11 25 45 17 23 24 49 15 47 25 32 6 36 2 14 46 13 46 2 15 37 32 41 34 21 1 11 30 35 4 
14 38 6 16 4 33 16 12 26 0 23 9 43 24 30 5 1 29 21 11 48 14 8 41 38 2 7 1 33 3 22 46 30 43 17 44 45 19 24 38 6 37 41 2 19 18 38 19 28 9 
20 24 19 7 10 46 8 14 18 23 0 15 13 9 47 22 9 41 22 45 5 39 20 43 34 49 21 44 44 24 30 12 26 12 41 21 35 14 45 46 39 46 21 44 14 43 37 7 36 44 
28 18 8 1 11 27 37 41 9 9 15 0 39 6 39 47 49 39 1 48 10 25 8 20 1 13 8 8 48 44 1 14 39 46 22 6 41 38 28 47 26 29 37 35 35 40 13 39 38 22 
49 18 34 9 39 49 20 20 24 43 13 39 0 32 30 30 1 44 12 23 29 28 16 21 48 23 21 1 49 41 22 5 11 21 42 2 4 42 43 17 21 6 4 26 39 10 9 48 14 2 
33 22 47 34 22 42 38 2 22 24 9 6 32 0 32 30 38 13 45 13 16 21 20 1 31 23 15 35 21 35 39 35 23 37 1 44 13 45 34 2 20 42 30 8 16 43 47 40 37 29 
6 45 37 18 34 48 7 47 31 30 47 39 30 32 0 16 12 46 30 22 41 10 10 19 34 9 14 34 39 15 35 5 10 34 32 4 30 38 43 26 42 46 19 17 40 35 3 27 33 39 
24 6 47 46 9 24 4 7 9 5 22 47 30 30 16 0 36 41 8 22 23 44 15 8 2 24 22 48 27 44 40 32 30 21 3 9 44 21 43 17 42 44 29 41 14 29 46 11 25 37 
3 26 10 17 12 9 30 20 43 1 9 49 1 38 12 36 0 44 25 43 29 3 17 37 23 19 45 24 43 14 14 20 31 34 13 23 43 16 24 22 33 18 34 6 46 34 7 49 37 12 
27 28 2 12 35 18 8 14 23 29 41 39 44 13 46 41 44 0 25 10 36 48 7 39 9 48 16 26 45 49 29 13 25 19 15 32 40 39 27 29 22 37 32 28 40 4 13 38 12 41 
34 20 44 3 9 8 26 31 23 21 22 1 12 45 30 8 25 25 0 5 30 41 6 19 27 12 46 31 33 48 20 18 30 14 2 28 34 37 4 29 7 28 49 25 10 3 31 33 30 42 
42 39 14 49 23 20 34 34 42 11 45 48 23 13 22 22 43 10 5 0 18 23 20 37 6 19 22 14 3 28 45 49 9 37 45 40 35 42 12 42 18 19 30 28 3 8 38 10 14 18 
36 17 8 35 42 40 37 9 11 48 5 10 29 16 41 23 29 36 30 18 0 18 32 8 44 1 49 8 10 14 41 15 28 3 40 38 47 34 24 26 26 1 30 20 31 7 32 37 18 26 
40 26 32 37 46 39 25 46 25 14 39 25 28 21 10 44 3 48 41 23 18 0 15 4 26 37 36 15 31 24 11 28 13 26 20 47 48 32 25 40 20 5 24 20 27 45 40 47 42 1 
23 10 1 16 41 19 48 44 45 8 20 8 16 20 10 15 17 7 6 20 32 15 0 13 36 23 2 5 21 38 22 21 15 7 2 45 44 45 46 19 28 27 5 35 32 30 46 27 12 4 
31 17 47 49 7 25 3 18 17 41 43 20 21 1 19 8 37 39 19 37 8 4 13 0 9 24 2 35 40 34 30 6 31 14 32 49 14 10 29 7 37 27 3 13 12 48 48 38 37 18 
27 39 45 38 44 37 33 39 23 38 34 1 48 31 34 2 23 9 27 6 44 26 36 9 0 42 39 37 31 46 37 26 37 27 25 4 42 44 21 33 49 21 1 5 7 25 21 12 17 48 
16 23 12 36 28 31 26 21 24 2 49 13 23 23 9 24 19 48 12 19 1 37 23 24 42 0 21 19 39 46 11 14 22 10 43 22 42 3 30 27 20 41 26 1 23 34 19 8 24 31 
16 32 44 2 32 33 19 41 49 7 21 8 21 15 14 22 45 16 46 22 49 36 2 2 39 21 0 29 41 37 44 42 6 48 39 3 22 2 43 47 2 44 38 1 35 16 9 31 14 39 
33 16 49 44 39 16 25 35 15 1 44 8 1 35 34 48 24 26 31 14 8 15 5 35 37 19 29 0 42 36 42 18 35 10 40 26 3 31 47 40 7 6 15 29 36 42 20 38 22 23 
3 17 39 6 44 31 47 18 47 33 44 48 49 21 39 27 43 45 33 3 10 31 21 40 31 39 41 42 0 2 31 1 4 16 26 46 38 19 22 9 28 39 19 23 20 48 31 47 23 20 
8 30 44 2 6 6 24 21 25 3 24 44 41 35 15 44 14 49 48 28 14 24 38 34 46 46 37 36 2 0 27 31 35 44 38 14 5 26 4 16 37 15 7 15 25 11 9 12 4 4 
21 8 26 7 19 36 16 4 32 22 30 1 22 39 35 40 14 29 20 45 41 11 22 30 37 11 44 42 31 27 0 35 14 26 5 29 34 18 29 9 6 7 31 33 9 13 27 3 29 5 
46 22 25 42 4 37 31 49 6 46 12 14 5 35 5 32 20 13 18 49 15 28 21 6 26 14 42 18 1 31 35 0 35 18 48 30 8 15 33 27 3 6 24 27 5 14 27 23 39 3 
36 9 23 3 20 9 39 22 36 30 26 39 11 23 10 30 31 25 30 9 28 13 15 31 37 22 6 35 4 35 14 35 0 27 18 48 33 9 14 41 47 41 13 48 48 2 2 3 8 3 
48 23 20 34 43 47 46 5 2 43 12 46 21 37 34 21 34 19 14 37 3 26 7 14 27 10 48 10 16 44 26 18 27 0 18 40 30 37 44 46 36 47 45 15 17 32 13 14 2 15 
41 18 20 13 7 2 28 6 14 17 41 22 42 1 32 3 13 15 2 45 40 20 2 32 25 43 39 40 26 38 5 48 18 18 0 21 39 36 11 3 21 6 44 31 39 9 29 1 30 23 
20 26 17 19 16 34 10 34 46 44 21 6 2 44 4 9 23 32 28 40 38 47 45 49 4 22 3 26 46 14 29 30 48 40 21 0 8 42 32 17 3 42 3 42 19 26 23 16 33 15 
30 37 5 18 24 26 24 15 13 45 35 41 4 13 30 44 43 40 34 35 47 48 44 14 42 42 22 3 38 5 34 8 33 30 39 8 0 13 47 32 26 10 21 14 33 10 36 5 43 3 
3 45 9 36 41 10 29 30 46 19 14 38 42 45 38 21 16 39 37 42 34 32 45 10 44 3 2 31 19 26 18 15 9 37 36 42 13 0 49 27 45 21 5 45 21 6 14 13 17 2 
37 38 11 17 36 43 42 28 2 24 45 28 43 34 43 43 24 27 4 12 24 25 46 29 21 30 43 47 22 4 29 33 14 44 11 32 47 49 0 19 22 21 6 36 25 16 19 8 26 2 
20 25 28 39 29 39 12 40 15 38 46 47 17 2 26 17 22 29 29 42 26 40 19 7 33 27 47 40 9 16 9 27 41 46 3 17 32 27 19 0 3 22 17 17 34 2 2 33 11 39 
18 27 22 47 6 11 16 19 37 6 39 26 21 20 42 42 33 22 7 18 26 20 28 37 49 20 2 7 28 37 6 3 47 36 21 3 26 45 22 3 0 33 27 22 28 18 8 7 34 3 
45 34 18 40 7 21 44 25 32 37 46 29 6 42 46 44 18 37 28 19 1 5 27 27 21 41 44 6 39 15 7 6 41 47 6 42 10 21 21 22 33 0 26 36 45 48 44 21 44 49 
17 28 37 14 14 33 33 41 41 41 21 37 4 30 19 29 34 32 49 30 30 24 5 3 1 26 38 15 19 7 31 24 13 45 44 3 21 5 6 17 27 26 0 36 29 48 16 26 23 41 
12 21 9 15 43 20 26 12 34 2 44 35 26 8 17 41 6 28 25 28 20 20 35 13 5 1 1 29 23 15 33 27 48 15 31 42 14 45 36 17 22 36 36 0 11 1 41 3 5 29 
27 14 10 12 19 33 49 19 21 19 14 35 39 16 40 14 46 40 10 3 31 27 32 12 7 23 35 36 20 25 9 5 48 17 39 19 33 21 25 34 28 45 29 11 0 47 17 29 21 5 
26 10 42 44 21 13 2 44 1 18 43 40 10 43 35 29 34 4 3 8 7 45 30 48 25 34 16 42 48 11 13 14 2 32 9 26 10 6 16 2 18 48 48 1 47 0 5 12 15 30 
11 34 44 17 31 4 3 39 11 38 37 13 9 47 3 46 7 13 31 38 32 40 46 48 21 19 9 20 31 9 27 27 2 13 29 23 36 14 19 2 8 44 16 41 17 5 0 9 18 36 
23 11 40 20 1 30 37 7 30 19 7 39 48 40 27 11 49 38 33 10 37 47 27 38 12 8 31 38 47 12 3 23 3 14 1 16 5 13 8 33 7 21 26 3 29 12 9 0 25 12 
49 36 16 42 49 1 38 9 35 28 36 38 14 37 33 25 37 12 30 14 18 42 12 37 17 24 14 22 23 4 29 39 8 2 30 33 43 17 26 11 34 44 23 5 21 15 18 25 0 46 
24 28 20 5 29 25 4 45 4 9 44 22 2 29 39 37 12 41 42 18 26 1 4 18 48 31 39 23 20 4 5 3 3 15 23 15 3 2 2 39 3 49 41 29 5 30 36 12 46 0 
