0 49 19 10 7 11 15 26 8 48 33 1 45 20 33 27 43 35 16 36 19 10 13 43 45 10 11 25 48 3 44 11 16 32 20 38 32 2 11 16 14 44 22 35 17 42 10 4 16 21 
49 0 12 38 49 4 45 28 26 38 41 6 13 27 22 21 32 10 13 33 29 2 44 6 37 36 6 14 19 43 38 2 27 40 39 10 44 35 36 21 28 26 27 45 26 30 10 20 33 5 
19 12 0 33 1 46 7 32 36 3 7 42 18 9 21 26 10 31 36 46 33 42 49 35 25 48 11 33 3 14 8 49 43 6 21 16 21 26 14 42 22 41 9 21 49 28 14 28 24 27 
10 38 33 0 40 43 23 11 24 20 19 12 28 46 6 2 33 28 33 9 8 26 39 5 41 3 16 29 34 37 27 19 21 24 47 34 21 11 1 36 7 39 13 43 18 19 15 9 32 7 
7 49 1 40 0 33 26 44 47 38 38 11 8 34 7 26 40 35 13 37 33 44 4 36 2 15 18 7 10 2 22 14 16 33 24 42 14 1 9 2 13 29 5 25 41 32 12 44 41 24 
11 4 46 43 33 0 22 48 21 12 4 42 3 42 18 23 20 45 6 28 18 49 45 27 30 26 17 7 39 40 21 28 24 8 45 15 12 43 33 49 45 29 40 13 35 42 3 31 8 19 
15 45 7 23 26 22 0 23 19 24 35 32 46 36 11 34 44 35 42 16 3 2 5 13 23 48 1 40 31 45 8 24 27 27 43 15 33 7 4 29 11 49 6 30 38 40 31 16 33 46 
26 28 32 11 44 48 23 0 7 41 38 36 20 42 45 30 11 6 30 32 22 27 8 36 35 15 42 21 13 31 25 45 22 12 21 21 13 35 9 36 48 36 4 37 21 4 14 6 16 32 
8 26 36 24 47 21 19 7 0 22 9 19 13 36 2 43 2 5 11 43 34 3 36 36 13 18 25 22 18 44 3 26 39 27 46 29 14 5 27 22 42 46 35 5 35 10 12 9 10 18 
48 38 3 20 38 12 24 41 22 0 27 47 33 33 39 7 21 8 25 17 14 19 9 39 7 17 21 25 30 16 1 15 22 35 21 40 39 25 40 24 36 43 44 41 47 14 3 28 12 7 
33 41 7 19 38 4 35 38 9 27 0 29 48 26 8 44 49 22 26 1 11 46 42 14 25 28 24 16 9 5 18 22 12 23 4 14 2 24 5 42 4 46 7 45 14 16 5 26 11 34 
1 6 42 12 11 42 32 36 19 47 29 0 12 7 42 43 25 31 25 5 2 44 9 31 24 12 13 16 13 39 32 38 6 26 11 6 28 21 29 16 12 4 17 7 11 21 21 31 47 22 
45 13 18 28 8 3 46 20 13 33 48 12 0 36 21 12 22 29 42 33 15 49 4 39 19 13 8 41 11 11 45 22 7 6 16 31 8 43 11 22 49 48 32 30 22 22 46 15 41 21 
20 27 9 46 34 42 36 42 36 33 26 7 36 0 37 19 24 33 1 15 1 24 35 33 38 32 43 24 22 5 39 5 30 35 11 16 32 22 24 46 8 19 30 15 31 46 42 48 45 22 
33 22 21 6 7 18 11 45 2 39 8 42 21 37 0 32 40 26 44 11 41 33 45 3 5 35 24 39 33 14 23 6 9 33 26 46 35 17 36 42 15 6 34 13 19 11 6 45 48 29 
27 21 26 2 26 23 34 30 43 7 44 43 12 19 32 0 18 9 13 6 6 4 3 35 44 8 38 36 37 39 13 12 9 37 13 30 37 48 1 26 8 46 20 3 38 10 44 1 19 21 
43 32 10 33 40 20 44 11 2 21 49 25 22 24 40 18 0 3 34 24 9 34 2 42 45 15 30 30 45 6 48 6 25 40 35 37 10 7 48 33 46 46 48 25 44 12 7 3 19 42 
35 10 31 28 35 45 35 6 5 8 22 31 29 33 26 9 3 0 1 36 4 34 27 11 3 22 46 20 25 21 42 8 34 6 17 44 21 27 13 27 4 23 26 4 26 43 8 38 5 43 
16 13 36 33 13 6 42 30 11 25 26 25 42 1 44 13 34 1 0 33 18 36 6 35 47 48 28 12 49 18 36 7 30 1 32 47 13 49 7 3 20 1 10 29 23 30 29 3 13 8 
36 33 46 9 37 28 16 32 43 17 1 5 33 15 11 6 24 36 33 0 45 36 18 21 20 30 28 30 4 48 10 43 37 43 8 30 27 25 12 12 25 8 43 24 25 45 34 15 32 45 
19 29 33 8 33 18 3 22 34 14 11 2 15 1 41 6 9 4 18 45 0 27 41 11 41 47 7 24 43 4 24 42 24 29 47 17 19 6 4 38 18 13 32 44 1 42 6 47 47 25 
10 2 42 26 44 49 2 27 3 19 46 44 49 24 33 4 34 34 36 36 27 0 46 29 31 11 6 20 31 22 32 45 38 11 3 10 46 25 22 14 10 14 23 2 14 38 18 6 43 6 
13 44 49 39 4 45 5 8 36 9 42 9 4 35 45 3 2 27 6 18 41 46 0 48 34 44 39 39 18 17 49 18 31 32 37 44 41 39 30 6 30 28 22 28 40 31 12 32 19 12 
43 6 35 5 36 27 13 36 36 39 14 31 39 33 3 35 42 11 35 21 11 29 48 0 6 12 33 20 2 39 8 15 19 25 33 33 38 18 4 12 13 20 7 25 35 26 36 5 32 15 
45 37 25 41 2 30 23 35 13 7 25 24 19 38 5 44 45 3 47 20 41 31 34 6 0 23 49 32 1 13 8 17 24 49 35 19 30 35 41 26 30 7 12 14 20 20 28 31 38 42 
10 36 48 3 15 26 48 15 18 17 28 12 13 32 35 8 15 22 48 30 47 11 44 12 23 0 4 33 31 14 4 30 27 46 32 25 35 9 22 1 41 27 39 2 21 25 13 33 17 23 
11 6 11 16 18 17 1 42 25 21 24 13 8 43 24 38 30 46 28 28 7 6 39 33 49 4 0 37 39 45 8 31 24 5 46 24 15 47 22 7 9 4 10 3 22 38 49 1 30 46 
25 14 33 29 7 7 40 21 22 25 16 16 41 24 39 36 30 20 12 30 24 20 39 20 32 33 37 0 7 49 40 31 39 43 13 5 5 30 30 22 39 42 17 21 41 21 40 2 10 12 
48 19 3 34 10 39 31 13 18 30 9 13 11 22 33 37 45 25 49 4 43 31 18 2 1 31 39 7 0 2 24 11 3 11 47 19 27 17 6 23 20 48 43 38 48 14 46 10 17 42 
3 43 14 37 2 40 45 31 44 16 5 39 11 5 14 39 6 21 18 48 4 22 17 39 13 14 45 49 2 0 4 29 20 30 12 8 31 28 48 28 4 43 48 13 1 28 31 41 28 34 
44 38 8 27 22 21 8 25 3 1 18 32 45 39 23 13 48 42 36 10 24 32 49 8 8 4 8 40 24 4 0 6 9 13 11 33 35 44 40 7 4 36 49 17 29 1 48 24 40 27 
11 2 49 19 14 28 24 45 26 15 22 38 22 5 6 12 6 8 7 43 42 45 18 15 17 30 31 31 11 29 6 0 20 33 39 30 17 28 17 41 47 24 48 28 41 24 39 29 26 46 
16 27 43 21 16 24 27 22 39 22 12 6 7 30 9 9 25 34 30 37 24 38 31 19 24 27 24 39 3 20 9 20 0 32 24 30 43 33 20 32 46 29 35 38 11 22 48 48 41 45 
32 40 6 24 33 8 27 12 27 35 23 26 6 35 33 37 40 6 1 43 29 11 32 25 49 46 5 43 11 30 13 33 32 0 12 42 49 16 31 15 44 44 13 42 29 41 15 11 29 45 
20 39 21 47 24 45 43 21 46 21 4 11 16 11 26 13 35 17 32 8 47 3 37 33 35 32 46 13 47 12 11 39 24 12 0 9 6 31 8 38 23 27 7 4 21 13 23 32 21 13 
38 10 16 34 42 15 15 21 29 40 14 6 31 16 46 30 37 44 47 30 17 10 44 33 19 25 24 5 19 8 33 30 30 42 9 0 4 45 25 37 5 15 13 11 6 30 17 12 8 42 
32 44 21 21 14 12 33 13 14 39 2 28 8 32 35 37 10 21 13 27 19 46 41 38 30 35 15 5 27 31 35 17 43 49 6 4 0 10 34 43 33 29 3 37 32 3 20 46 8 25 
2 35 26 11 1 43 7 35 5 25 24 21 43 22 17 48 7 27 49 25 6 25 39 18 35 9 47 30 17 28 44 28 33 16 31 45 10 0 2 27 10 43 7 31 4 13 9 11 49 14 
11 36 14 1 9 33 4 9 27 40 5 29 11 24 36 1 48 13 7 12 4 22 30 4 41 22 22 30 6 48 40 17 20 31 8 25 34 2 0 44 4 21 24 21 8 8 5 46 20 19 
16 21 42 36 2 49 29 36 22 24 42 16 22 46 42 26 33 27 3 12 38 14 6 12 26 1 7 22 23 28 7 41 32 15 38 37 43 27 44 0 19 9 22 10 3 15 47 34 16 20 
14 28 22 7 13 45 11 48 42 36 4 12 49 8 15 8 46 4 20 25 18 10 30 13 30 41 9 39 20 4 4 47 46 44 23 5 33 10 4 19 0 25 49 16 10 14 32 37 18 29 
44 26 41 39 29 29 49 36 46 43 46 4 48 19 6 46 46 23 1 8 13 14 28 20 7 27 4 42 48 43 36 24 29 44 27 15 29 43 21 9 25 0 37 3 27 32 8 3 13 14 
22 27 9 13 5 40 6 4 35 44 7 17 32 30 34 20 48 26 10 43 32 23 22 7 12 39 10 17 43 48 49 48 35 13 7 13 3 7 24 22 49 37 0 36 1 37 11 4 11 13 
35 45 21 43 25 13 30 37 5 41 45 7 30 15 13 3 25 4 29 24 44 2 28 25 14 2 3 21 38 13 17 28 38 42 4 11 37 31 21 10 16 3 36 0 35 5 1 18 40 40 
17 26 49 18 41 35 38 21 35 47 14 11 22 31 19 38 44 26 23 25 1 14 40 35 20 21 22 41 48 1 29 41 11 29 21 6 32 4 8 3 10 27 1 35 0 28 27 30 21 22 
42 30 28 19 32 42 40 4 10 14 16 21 22 46 11 10 12 43 30 45 42 38 31 26 20 25 38 21 14 28 1 24 22 41 13 30 3 13 8 15 14 32 37 5 28 0 35 18 42 43 
10 10 14 15 12 3 31 14 12 3 5 21 46 42 6 44 7 8 29 34 6 18 12 36 28 13 49 40 46 31 48 39 48 15 23 17 20 9 5 47 32 8 11 1 27 35 0 16 35 3 
4 20 28 9 44 31 16 6 9 28 26 31 15 48 45 1 3 38 3 15 47 6 32 5 31 33 1 2 10 41 24 29 48 11 32 12 46 11 46 34 37 3 4 18 30 18 16 0 41 17 
16 33 24 32 41 8 33 16 10 12 11 47 41 45 48 19 19 5 13 32 47 43 19 32 38 17 30 10 17 28 40 26 41 29 21 8 8 49 20 16 18 13 11 40 21 42 35 41 0 38 
21 5 27 7 24 19 46 32 18 7 34 22 21 22 29 21 42 43 8 45 25 6 12 15 42 23 46 12 42 34 27 46 45 45 13 42 25 14 19 20 29 14 13 40 22 43 3 17 38 0 
