0 44 19 9 2 18 3 23 31 41 19 6 26 28 46 9 39 7 43 44 27 9 15 12 3 12 33 9 14 48 41 2 34 22 43 44 12 27 1 14 34 8 45 4 26 37 41 8 35 7 
44 0 10 31 27 11 22 10 22 27 21 47 28 16 47 43 22 48 45 18 20 40 23 49 16 31 40 26 32 38 3 11 42 9 46 30 49 22 31 34 47 12 7 43 1 48 28 27 1 37 
19 10 0 26 3 27 10 5 13 8 18 31 21 3 29 46 24 15 45 5 14 44 30 41 27 17 28 42 31 44 46 6 36 38 7 12 23 9 46 14 21 40 24 33 7 6 44 14 47 36 
9 31 26 0 30 18 44 49 24 20 5 19 28 27 13 26 15 29 26 17 11 1 7 31 14 48 48 47 31 19 43 26 12 12 14 46 23 21 30 37 47 33 33 8 48 46 43 4 48 42 
2 27 3 30 0 24 9 9 40 33 31 26 45 23 21 28 48 42 48 14 14 4 15 33 21 8 41 39 23 48 7 42 26 23 10 40 35 14 34 36 32 34 2 20 46 49 11 6 40 13 
18 11 27 18 24 0 48 9 48 34 22 18 3 39 49 48 31 18 42 33 48 23 44 28 47 41 39 17 38 32 14 19 25 27 13 41 37 24 36 13 13 33 4 23 43 45 21 35 27 24 
3 22 10 44 9 48 0 27 26 40 48 13 10 2 21 14 12 45 12 26 9 20 28 3 11 34 31 43 28 20 22 22 39 34 14 34 36 25 27 37 26 47 48 24 27 41 6 45 38 38 
23 10 5 49 9 9 27 0 5 13 21 7 6 44 30 47 30 18 38 37 36 31 16 5 48 29 49 32 23 31 21 14 15 16 17 36 20 21 23 33 49 4 49 9 18 13 25 34 21 18 
31 22 13 24 40 48 26 5 0 37 30 35 30 37 20 24 46 28 10 27 3 27 5 31 20 1 26 3 28 46 34 37 40 6 19 4 24 28 25 43 31 10 35 34 14 39 19 39 14 17 
41 27 8 20 33 34 40 13 37 0 33 13 44 22 8 20 34 35 14 26 11 6 4 26 12 25 29 3 7 30 34 25 33 8 40 24 38 19 23 12 48 13 12 38 15 21 5 37 6 10 
19 21 18 5 31 22 48 21 30 33 0 16 49 21 29 35 48 9 48 5 49 6 23 29 36 31 9 40 17 11 21 23 41 33 19 13 48 38 2 48 14 25 6 31 49 39 11 17 22 43 
6 47 31 19 26 18 13 7 35 13 16 0 31 45 37 39 30 48 32 48 39 6 26 41 49 34 27 4 25 28 13 40 28 42 8 23 46 37 1 37 9 41 26 28 36 42 16 27 32 28 
26 28 21 28 45 3 10 6 30 44 49 31 0 16 21 9 13 43 30 4 34 1 2 1 37 20 1 41 23 7 47 14 30 46 4 4 1 42 20 46 36 14 10 33 26 23 32 27 38 5 
28 16 3 27 23 39 2 44 37 22 21 45 16 0 1 4 26 23 19 12 41 18 27 25 21 6 49 9 33 19 23 48 49 44 26 5 28 1 1 34 25 25 8 16 38 46 10 21 34 27 
46 47 29 13 21 49 21 30 20 8 29 37 21 1 0 7 38 3 27 5 48 13 39 16 22 42 43 1 17 33 29 32 2 47 48 9 3 25 25 23 35 7 34 6 41 1 20 31 3 37 
9 43 46 26 28 48 14 47 24 20 35 39 9 4 7 0 21 29 7 21 32 5 41 17 12 12 18 18 34 26 25 17 32 8 42 44 45 40 14 41 47 27 21 22 26 12 30 47 36 48 
39 22 24 15 48 31 12 30 46 34 48 30 13 26 38 21 0 9 17 14 30 16 47 2 19 44 46 25 30 7 7 9 16 10 3 33 31 8 2 27 40 36 13 31 33 5 23 43 9 42 
7 48 15 29 42 18 45 18 28 35 9 48 43 23 3 29 9 0 1 10 42 10 28 34 4 32 1 44 38 4 19 28 13 32 12 23 40 15 38 8 22 32 47 27 7 35 16 36 8 25 
43 45 45 26 48 42 12 38 10 14 48 32 30 19 27 7 17 1 0 13 8 49 7 34 26 45 17 6 32 41 47 45 46 35 40 40 48 25 5 11 22 4 3 4 42 23 11 2 4 26 
44 18 5 17 14 33 26 37 27 26 5 48 4 12 5 21 14 10 13 0 31 2 14 46 41 40 49 46 32 16 18 2 31 8 47 18 34 38 9 32 16 49 36 46 12 12 12 39 27 35 
27 20 14 11 14 48 9 36 3 11 49 39 34 41 48 32 30 42 8 31 0 1 49 29 3 2 37 37 39 1 32 39 37 12 8 21 2 5 10 49 8 41 2 38 7 10 33 20 44 9 
9 40 44 1 4 23 20 31 27 6 6 6 1 18 13 5 16 10 49 2 1 0 19 1 40 35 39 3 41 21 28 9 9 24 22 6 16 27 30 18 21 43 41 28 24 36 49 12 43 43 
15 23 30 7 15 44 28 16 5 4 23 26 2 27 39 41 47 28 7 14 49 19 0 42 35 11 17 5 35 38 47 16 40 41 24 2 10 22 14 29 44 5 8 1 18 37 38 40 26 20 
12 49 41 31 33 28 3 5 31 26 29 41 1 25 16 17 2 34 34 46 29 1 42 0 43 37 4 11 40 25 42 40 16 21 35 14 48 43 26 3 31 2 38 7 47 25 38 17 30 32 
3 16 27 14 21 47 11 48 20 12 36 49 37 21 22 12 19 4 26 41 3 40 35 43 0 22 39 11 30 27 49 1 45 41 9 25 33 42 15 39 43 46 22 29 6 2 7 48 22 13 
12 31 17 48 8 41 34 29 1 25 31 34 20 6 42 12 44 32 45 40 2 35 11 37 22 0 7 36 14 10 2 44 30 38 3 49 41 21 16 31 8 38 41 24 49 18 42 8 36 33 
33 40 28 48 41 39 31 49 26 29 9 27 1 49 43 18 46 1 17 49 37 39 17 4 39 7 0 14 35 2 8 47 41 10 43 19 41 48 23 19 14 31 24 19 36 3 4 28 39 20 
9 26 42 47 39 17 43 32 3 3 40 4 41 9 1 18 25 44 6 46 37 3 5 11 11 36 14 0 49 40 27 42 4 43 31 7 15 44 40 14 39 1 46 37 14 26 49 5 31 8 
14 32 31 31 23 38 28 23 28 7 17 25 23 33 17 34 30 38 32 32 39 41 35 40 30 14 35 49 0 49 17 5 26 49 5 29 29 11 28 43 27 1 33 6 40 11 32 32 38 10 
48 38 44 19 48 32 20 31 46 30 11 28 7 19 33 26 7 4 41 16 1 21 38 25 27 10 2 40 49 0 48 31 23 13 10 34 10 32 41 27 27 49 24 13 8 2 22 24 46 43 
41 3 46 43 7 14 22 21 34 34 21 13 47 23 29 25 7 19 47 18 32 28 47 42 49 2 8 27 17 48 0 26 12 3 34 12 46 36 21 36 24 29 39 33 9 2 8 21 47 33 
2 11 6 26 42 19 22 14 37 25 23 40 14 48 32 17 9 28 45 2 39 9 16 40 1 44 47 42 5 31 26 0 10 27 48 18 15 6 49 12 34 18 19 28 18 40 30 33 36 5 
34 42 36 12 26 25 39 15 40 33 41 28 30 49 2 32 16 13 46 31 37 9 40 16 45 30 41 4 26 23 12 10 0 37 37 41 8 41 2 32 20 25 1 37 24 4 45 14 10 44 
22 9 38 12 23 27 34 16 6 8 33 42 46 44 47 8 10 32 35 8 12 24 41 21 41 38 10 43 49 13 3 27 37 0 28 36 16 9 29 31 45 19 22 17 13 4 22 46 44 36 
43 46 7 14 10 13 14 17 19 40 19 8 4 26 48 42 3 12 40 47 8 22 24 35 9 3 43 31 5 10 34 48 37 28 0 32 46 44 47 44 42 45 46 46 42 17 12 13 43 41 
44 30 12 46 40 41 34 36 4 24 13 23 4 5 9 44 33 23 40 18 21 6 2 14 25 49 19 7 29 34 12 18 41 36 32 0 26 46 21 18 7 33 44 6 45 49 9 34 18 30 
12 49 23 23 35 37 36 20 24 38 48 46 1 28 3 45 31 40 48 34 2 16 10 48 33 41 41 15 29 10 46 15 8 16 46 26 0 22 9 6 39 2 28 41 33 46 13 21 7 29 
27 22 9 21 14 24 25 21 28 19 38 37 42 1 25 40 8 15 25 38 5 27 22 43 42 21 48 44 11 32 36 6 41 9 44 46 22 0 34 49 37 45 30 1 28 5 10 48 24 5 
1 31 46 30 34 36 27 23 25 23 2 1 20 1 25 14 2 38 5 9 10 30 14 26 15 16 23 40 28 41 21 49 2 29 47 21 9 34 0 18 19 30 44 1 23 6 9 43 32 21 
14 34 14 37 36 13 37 33 43 12 48 37 46 34 23 41 27 8 11 32 49 18 29 3 39 31 19 14 43 27 36 12 32 31 44 18 6 49 18 0 40 40 31 10 46 29 21 11 40 46 
34 47 21 47 32 13 26 49 31 48 14 9 36 25 35 47 40 22 22 16 8 21 44 31 43 8 14 39 27 27 24 34 20 45 42 7 39 37 19 40 0 29 43 37 43 21 14 4 31 36 
8 12 40 33 34 33 47 4 10 13 25 41 14 25 7 27 36 32 4 49 41 43 5 2 46 38 31 1 1 49 29 18 25 19 45 33 2 45 30 40 29 0 8 25 30 19 26 46 21 32 
45 7 24 33 2 4 48 49 35 12 6 26 10 8 34 21 13 47 3 36 2 41 8 38 22 41 24 46 33 24 39 19 1 22 46 44 28 30 44 31 43 8 0 8 4 5 9 27 28 32 
4 43 33 8 20 23 24 9 34 38 31 28 33 16 6 22 31 27 4 46 38 28 1 7 29 24 19 37 6 13 33 28 37 17 46 6 41 1 1 10 37 25 8 0 26 24 13 19 13 48 
26 1 7 48 46 43 27 18 14 15 49 36 26 38 41 26 33 7 42 12 7 24 18 47 6 49 36 14 40 8 9 18 24 13 42 45 33 28 23 46 43 30 4 26 0 19 44 47 22 18 
37 48 6 46 49 45 41 13 39 21 39 42 23 46 1 12 5 35 23 12 10 36 37 25 2 18 3 26 11 2 2 40 4 4 17 49 46 5 6 29 21 19 5 24 19 0 4 28 19 26 
41 28 44 43 11 21 6 25 19 5 11 16 32 10 20 30 23 16 11 12 33 49 38 38 7 42 4 49 32 22 8 30 45 22 12 9 13 10 9 21 14 26 9 13 44 4 0 14 46 41 
8 27 14 4 6 35 45 34 39 37 17 27 27 21 31 47 43 36 2 39 20 12 40 17 48 8 28 5 32 24 21 33 14 46 13 34 21 48 43 11 4 46 27 19 47 28 14 0 30 31 
35 1 47 48 40 27 38 21 14 6 22 32 38 34 3 36 9 8 4 27 44 43 26 30 22 36 39 31 38 46 47 36 10 44 43 18 7 24 32 40 31 21 28 13 22 19 46 30 0 4 
7 37 36 42 13 24 38 18 17 10 43 28 5 27 37 48 42 25 26 35 9 43 20 32 13 33 20 8 10 43 33 5 44 36 41 30 29 5 21 46 36 32 32 48 18 26 41 31 4 0 
