0 2 12 45 28 31 29 11 5 3 46 3 17 17 5 2 8 25 33 10 29 17 3 39 31 11 27 6 37 6 23 45 41 17 34 40 36 9 12 41 28 26 23 23 42 13 15 7 29 29 
2 0 7 28 35 49 26 13 21 7 23 28 20 49 30 6 28 47 27 12 20 1 23 36 16 43 27 19 5 49 18 40 6 4 20 47 9 28 43 32 48 17 30 5 30 41 23 19 17 48 
12 7 0 21 48 9 19 11 42 18 32 28 23 14 17 22 2 24 4 45 43 49 12 29 40 15 8 35 31 44 10 29 22 8 19 17 23 6 24 10 45 47 16 12 23 45 11 22 5 5 
45 28 21 0 27 40 41 46 49 34 37 33 4 2 9 13 47 11 10 31 29 48 44 25 40 9 4 31 40 16 24 20 2 32 9 18 20 40 28 20 13 20 9 6 36 14 44 5 19 34 
28 35 48 27 0 21 47 32 34 45 17 15 36 18 32 20 29 11 44 5 39 49 15 36 30 43 4 43 24 48 42 27 16 18 45 26 44 48 1 7 9 27 18 12 17 9 3 1 26 34 
31 49 9 40 21 0 2 10 38 33 35 6 13 42 8 17 13 19 46 11 23 36 23 23 46 37 40 21 12 19 21 10 28 16 35 37 48 4 42 47 48 16 6 28 37 39 2 23 13 21 
29 26 19 41 47 2 0 45 23 2 41 34 13 45 5 49 11 16 40 49 32 12 45 14 5 17 32 41 22 44 11 38 18 46 44 6 29 45 38 46 35 42 13 12 7 19 15 31 40 23 
11 13 11 46 32 10 45 0 25 27 30 20 3 7 34 34 33 35 9 6 43 25 34 34 3 38 3 19 25 14 23 30 31 39 33 43 27 3 29 12 45 13 46 25 33 30 45 23 8 3 
5 21 42 49 34 38 23 25 0 21 48 36 48 33 42 48 43 39 39 37 14 36 20 23 49 18 13 12 33 7 45 44 37 42 32 41 14 5 35 29 26 3 13 39 21 23 9 41 36 21 
3 7 18 34 45 33 2 27 21 0 39 44 8 35 36 44 7 41 29 48 11 42 1 42 1 20 38 41 14 24 33 35 25 39 10 2 7 48 16 3 35 46 17 15 42 40 23 7 5 9 
46 23 32 37 17 35 41 30 48 39 0 40 49 33 29 17 19 33 48 15 46 45 40 40 37 18 41 41 21 6 7 31 41 15 43 33 14 2 8 49 39 46 8 7 47 19 15 45 31 46 
3 28 28 33 15 6 34 20 36 44 40 0 21 29 25 14 4 5 48 19 22 47 31 1 13 34 17 45 14 8 1 11 47 9 16 9 8 32 41 3 20 30 36 10 3 16 13 9 42 4 
17 20 23 4 36 13 13 3 48 8 49 21 0 21 3 25 25 31 13 2 27 45 37 23 1 7 43 13 27 18 14 39 37 17 45 38 17 40 14 16 43 15 3 27 34 45 48 30 17 31 
17 49 14 2 18 42 45 7 33 35 33 29 21 0 45 19 12 21 40 31 11 38 39 23 34 44 15 24 49 19 8 45 6 6 16 28 33 9 8 25 42 47 46 12 14 20 39 49 19 19 
5 30 17 9 32 8 5 34 42 36 29 25 3 45 0 9 23 39 4 47 7 5 17 32 14 15 19 18 31 46 26 34 37 2 2 8 39 41 41 38 24 16 23 9 35 36 42 37 49 27 
2 6 22 13 20 17 49 34 48 44 17 14 25 19 9 0 47 32 11 22 39 45 23 40 38 19 44 37 49 32 36 10 4 31 46 6 33 17 42 36 7 2 26 21 30 39 9 30 17 17 
8 28 2 47 29 13 11 33 43 7 19 4 25 12 23 47 0 2 38 13 30 10 10 26 33 11 47 32 16 12 4 29 28 25 36 19 49 39 3 47 26 33 26 40 9 18 34 28 49 21 
25 47 24 11 11 19 16 35 39 41 33 5 31 21 39 32 2 0 19 18 48 46 48 1 8 24 39 22 15 46 20 36 15 19 20 7 17 17 43 10 18 25 17 38 7 10 9 44 35 36 
33 27 4 10 44 46 40 9 39 29 48 48 13 40 4 11 38 19 0 48 36 2 15 34 23 28 22 18 41 12 10 5 9 31 4 12 10 5 41 6 40 30 37 14 46 47 35 4 16 17 
10 12 45 31 5 11 49 6 37 48 15 19 2 31 47 22 13 18 48 0 30 24 21 15 36 16 42 27 3 21 28 31 31 42 26 35 4 4 13 48 17 10 25 1 38 5 28 1 10 16 
29 20 43 29 39 23 32 43 14 11 46 22 27 11 7 39 30 48 36 30 0 12 1 42 37 28 17 41 10 33 27 13 10 18 27 13 38 35 42 39 47 40 43 17 12 46 15 27 23 16 
17 1 49 48 49 36 12 25 36 42 45 47 45 38 5 45 10 46 2 24 12 0 1 5 23 1 34 3 38 43 37 34 29 39 12 4 13 38 22 47 4 33 28 37 36 20 11 29 27 31 
3 23 12 44 15 23 45 34 20 1 40 31 37 39 17 23 10 48 15 21 1 1 0 27 43 34 16 42 4 27 10 23 45 6 29 16 45 27 43 19 22 1 45 3 21 36 23 5 34 2 
39 36 29 25 36 23 14 34 23 42 40 1 23 23 32 40 26 1 34 15 42 5 27 0 34 29 14 10 38 8 35 3 39 47 36 25 38 34 26 29 30 12 45 45 37 1 22 33 48 30 
31 16 40 40 30 46 5 3 49 1 37 13 1 34 14 38 33 8 23 36 37 23 43 34 0 26 19 38 12 35 46 25 5 19 28 41 38 15 27 27 12 48 8 8 45 13 49 29 34 27 
11 43 15 9 43 37 17 38 18 20 18 34 7 44 15 19 11 24 28 16 28 1 34 29 26 0 1 16 34 7 25 39 28 4 45 31 16 48 45 27 39 42 43 7 11 30 27 27 28 43 
27 27 8 4 4 40 32 3 13 38 41 17 43 15 19 44 47 39 22 42 17 34 16 14 19 1 0 19 19 40 13 6 33 11 1 30 2 14 38 36 29 6 12 8 17 31 15 34 2 38 
6 19 35 31 43 21 41 19 12 41 41 45 13 24 18 37 32 22 18 27 41 3 42 10 38 16 19 0 49 26 4 20 13 13 1 25 8 41 45 36 45 47 2 2 35 26 39 41 39 12 
37 5 31 40 24 12 22 25 33 14 21 14 27 49 31 49 16 15 41 3 10 38 4 38 12 34 19 49 0 44 41 3 12 45 4 12 22 26 14 22 31 28 40 45 9 6 14 14 28 34 
6 49 44 16 48 19 44 14 7 24 6 8 18 19 46 32 12 46 12 21 33 43 27 8 35 7 40 26 44 0 20 34 40 26 4 46 22 10 27 31 14 9 48 26 30 6 19 46 48 17 
23 18 10 24 42 21 11 23 45 33 7 1 14 8 26 36 4 20 10 28 27 37 10 35 46 25 13 4 41 20 0 8 26 4 10 14 28 36 17 26 45 17 14 14 38 8 19 6 24 29 
45 40 29 20 27 10 38 30 44 35 31 11 39 45 34 10 29 36 5 31 13 34 23 3 25 39 6 20 3 34 8 0 19 4 26 47 36 49 48 28 34 28 39 25 10 47 42 40 25 36 
41 6 22 2 16 28 18 31 37 25 41 47 37 6 37 4 28 15 9 31 10 29 45 39 5 28 33 13 12 40 26 19 0 10 23 32 8 12 10 32 25 23 48 22 23 24 5 13 15 22 
17 4 8 32 18 16 46 39 42 39 15 9 17 6 2 31 25 19 31 42 18 39 6 47 19 4 11 13 45 26 4 4 10 0 3 40 4 49 44 31 11 48 18 21 16 40 15 49 49 46 
34 20 19 9 45 35 44 33 32 10 43 16 45 16 2 46 36 20 4 26 27 12 29 36 28 45 1 1 4 4 10 26 23 3 0 17 38 2 33 8 29 33 1 47 49 12 15 19 3 46 
40 47 17 18 26 37 6 43 41 2 33 9 38 28 8 6 19 7 12 35 13 4 16 25 41 31 30 25 12 46 14 47 32 40 17 0 42 42 49 10 15 42 28 12 42 46 13 19 31 42 
36 9 23 20 44 48 29 27 14 7 14 8 17 33 39 33 49 17 10 4 38 13 45 38 38 16 2 8 22 22 28 36 8 4 38 42 0 31 45 42 17 32 31 11 34 42 16 40 14 30 
9 28 6 40 48 4 45 3 5 48 2 32 40 9 41 17 39 17 5 4 35 38 27 34 15 48 14 41 26 10 36 49 12 49 2 42 31 0 31 22 32 4 38 35 38 38 1 29 30 9 
12 43 24 28 1 42 38 29 35 16 8 41 14 8 41 42 3 43 41 13 42 22 43 26 27 45 38 45 14 27 17 48 10 44 33 49 45 31 0 16 46 17 18 15 4 26 31 45 5 21 
41 32 10 20 7 47 46 12 29 3 49 3 16 25 38 36 47 10 6 48 39 47 19 29 27 27 36 36 22 31 26 28 32 31 8 10 42 22 16 0 3 37 35 7 42 38 42 2 27 18 
28 48 45 13 9 48 35 45 26 35 39 20 43 42 24 7 26 18 40 17 47 4 22 30 12 39 29 45 31 14 45 34 25 11 29 15 17 32 46 3 0 40 2 30 41 22 29 22 37 14 
26 17 47 20 27 16 42 13 3 46 46 30 15 47 16 2 33 25 30 10 40 33 1 12 48 42 6 47 28 9 17 28 23 48 33 42 32 4 17 37 40 0 17 29 23 20 31 39 31 1 
23 30 16 9 18 6 13 46 13 17 8 36 3 46 23 26 26 17 37 25 43 28 45 45 8 43 12 2 40 48 14 39 48 18 1 28 31 38 18 35 2 17 0 15 36 26 19 47 39 15 
23 5 12 6 12 28 12 25 39 15 7 10 27 12 9 21 40 38 14 1 17 37 3 45 8 7 8 2 45 26 14 25 22 21 47 12 11 35 15 7 30 29 15 0 44 36 11 28 42 9 
42 30 23 36 17 37 7 33 21 42 47 3 34 14 35 30 9 7 46 38 12 36 21 37 45 11 17 35 9 30 38 10 23 16 49 42 34 38 4 42 41 23 36 44 0 18 28 38 2 20 
13 41 45 14 9 39 19 30 23 40 19 16 45 20 36 39 18 10 47 5 46 20 36 1 13 30 31 26 6 6 8 47 24 40 12 46 42 38 26 38 22 20 26 36 18 0 23 3 27 21 
15 23 11 44 3 2 15 45 9 23 15 13 48 39 42 9 34 9 35 28 15 11 23 22 49 27 15 39 14 19 19 42 5 15 15 13 16 1 31 42 29 31 19 11 28 23 0 8 40 6 
7 19 22 5 1 23 31 23 41 7 45 9 30 49 37 30 28 44 4 1 27 29 5 33 29 27 34 41 14 46 6 40 13 49 19 19 40 29 45 2 22 39 47 28 38 3 8 0 34 27 
29 17 5 19 26 13 40 8 36 5 31 42 17 19 49 17 49 35 16 10 23 27 34 48 34 28 2 39 28 48 24 25 15 49 3 31 14 30 5 27 37 31 39 42 2 27 40 34 0 18 
29 48 5 34 34 21 23 3 21 9 46 4 31 19 27 17 21 36 17 16 16 31 2 30 27 43 38 12 34 17 29 36 22 46 46 42 30 9 21 18 14 1 15 9 20 21 6 27 18 0 
