0 27 42 7 13 31 33 34 7 43 29 33 48 44 20 24 39 42 37 34 28 25 32 42 42 39 24 41 21 27 37 44 35 47 39 36 2 38 40 36 21 10 1 12 44 26 43 18 25 27 
27 0 19 22 12 8 2 17 14 2 39 31 40 32 24 31 11 11 15 25 2 26 20 6 10 46 24 44 25 36 9 2 36 32 35 11 42 48 43 26 4 41 26 36 37 32 36 24 17 47 
42 19 0 44 23 22 41 11 25 23 14 46 2 43 39 29 32 25 29 41 27 10 20 38 13 4 36 10 27 34 26 37 32 10 6 23 44 21 25 24 45 7 13 1 3 24 27 16 14 20 
7 22 44 0 24 26 18 6 31 22 48 38 35 1 17 13 36 40 12 17 46 47 18 43 35 25 46 10 7 33 10 23 38 29 29 27 22 47 44 34 17 15 11 40 47 2 32 36 35 5 
13 12 23 24 0 37 27 43 41 27 16 14 16 37 23 43 6 13 5 3 10 7 47 8 4 6 29 26 6 15 33 33 34 46 21 29 5 44 46 2 6 16 10 45 48 19 14 22 44 20 
31 8 22 26 37 0 34 43 7 38 22 4 25 30 41 43 13 29 6 30 6 43 1 49 29 4 42 30 3 20 15 44 8 33 45 17 43 46 49 34 42 2 8 34 16 41 2 18 43 46 
33 2 41 18 27 34 0 11 9 14 25 42 39 48 5 15 11 28 12 31 37 8 9 14 33 1 8 33 38 19 38 3 13 19 30 36 8 45 19 42 4 33 27 15 40 33 25 30 35 14 
34 17 11 6 43 43 11 0 32 12 40 43 41 38 17 7 10 31 30 30 8 5 40 46 27 5 21 30 46 29 44 42 30 10 2 27 49 22 33 31 35 27 23 7 41 33 2 2 8 13 
7 14 25 31 41 7 9 32 0 41 27 10 47 8 38 13 14 6 43 22 45 14 48 38 35 49 23 26 28 18 6 32 40 35 4 11 28 5 38 49 6 26 19 14 13 6 34 12 21 43 
43 2 23 22 27 38 14 12 41 0 48 17 21 5 41 12 27 43 21 35 5 12 48 13 33 16 22 12 29 14 28 20 15 4 49 45 39 48 43 14 12 15 27 25 8 37 13 22 2 49 
29 39 14 48 16 22 25 40 27 48 0 35 20 34 7 22 40 10 26 27 38 44 19 20 2 27 44 26 23 38 6 9 9 18 21 36 26 6 30 3 40 45 31 45 40 19 11 45 46 10 
33 31 46 38 14 4 42 43 10 17 35 0 44 44 32 49 15 4 29 28 19 8 25 46 33 33 1 48 21 33 8 13 31 45 23 31 6 34 39 22 43 39 11 17 8 38 7 35 26 46 
48 40 2 35 16 25 39 41 47 21 20 44 0 34 13 44 16 48 48 21 28 12 3 27 44 20 8 16 16 43 34 17 17 47 24 34 23 8 14 39 20 41 36 43 27 16 44 15 19 23 
44 32 43 1 37 30 48 38 8 5 34 44 34 0 18 44 7 35 26 43 8 30 22 14 35 13 5 41 24 14 42 10 3 14 43 38 12 2 19 40 47 10 46 35 48 20 13 8 46 21 
20 24 39 17 23 41 5 17 38 41 7 32 13 18 0 45 26 11 13 47 21 21 17 40 12 42 4 37 46 34 24 2 9 49 8 43 40 29 41 23 41 11 30 28 30 27 31 13 46 17 
24 31 29 13 43 43 15 7 13 12 22 49 44 44 45 0 39 33 1 45 24 10 34 5 27 33 14 25 29 13 36 46 4 22 44 44 21 38 40 11 41 22 18 11 33 43 9 41 42 22 
39 11 32 36 6 13 11 10 14 27 40 15 16 7 26 39 0 21 45 37 39 32 4 41 14 22 12 45 7 41 49 7 5 37 46 22 37 35 9 35 48 37 19 10 38 17 12 1 26 46 
42 11 25 40 13 29 28 31 6 43 10 4 48 35 11 33 21 0 44 35 44 20 3 26 31 47 32 25 45 36 6 21 30 40 43 38 41 39 25 36 27 1 40 46 28 49 28 23 5 6 
37 15 29 12 5 6 12 30 43 21 26 29 48 26 13 1 45 44 0 23 13 5 32 45 13 38 30 42 19 25 28 10 7 44 46 20 17 11 21 37 29 7 32 3 23 43 44 6 40 7 
34 25 41 17 3 30 31 30 22 35 27 28 21 43 47 45 37 35 23 0 18 21 14 13 48 9 12 10 15 36 14 20 28 36 44 43 48 14 48 40 31 14 17 25 34 10 31 48 46 9 
28 2 27 46 10 6 37 8 45 5 38 19 28 8 21 24 39 44 13 18 0 5 42 3 3 46 27 30 28 2 22 45 11 11 10 11 5 8 15 27 7 44 4 49 42 8 44 20 12 30 
25 26 10 47 7 43 8 5 14 12 44 8 12 30 21 10 32 20 5 21 5 0 13 23 49 34 34 27 39 47 4 5 39 29 26 46 22 12 15 14 38 37 20 11 40 15 18 34 2 15 
32 20 20 18 47 1 9 40 48 48 19 25 3 22 17 34 4 3 32 14 42 13 0 40 8 6 43 33 23 35 42 4 46 17 5 38 11 42 36 45 39 26 43 33 37 1 16 24 46 25 
42 6 38 43 8 49 14 46 38 13 20 46 27 14 40 5 41 26 45 13 3 23 40 0 47 34 47 37 17 20 19 15 28 8 33 18 25 2 16 35 47 38 15 29 33 20 26 29 35 30 
42 10 13 35 4 29 33 27 35 33 2 33 44 35 12 27 14 31 13 48 3 49 8 47 0 18 13 47 16 13 28 48 6 39 21 2 3 42 20 3 18 47 20 10 46 11 46 1 48 41 
39 46 4 25 6 4 1 5 49 16 27 33 20 13 42 33 22 47 38 9 46 34 6 34 18 0 42 7 41 46 27 31 12 14 35 49 16 25 20 27 11 45 30 49 34 15 13 10 30 8 
24 24 36 46 29 42 8 21 23 22 44 1 8 5 4 14 12 32 30 12 27 34 43 47 13 42 0 9 1 32 49 44 5 22 29 2 28 25 9 34 35 6 4 48 3 38 4 30 12 17 
41 44 10 10 26 30 33 30 26 12 26 48 16 41 37 25 45 25 42 10 30 27 33 37 47 7 9 0 17 12 40 2 47 12 42 40 10 11 23 6 3 43 9 39 32 32 1 46 49 46 
21 25 27 7 6 3 38 46 28 29 23 21 16 24 46 29 7 45 19 15 28 39 23 17 16 41 1 17 0 24 16 4 34 13 15 25 13 33 1 24 2 13 36 35 11 19 26 21 8 9 
27 36 34 33 15 20 19 29 18 14 38 33 43 14 34 13 41 36 25 36 2 47 35 20 13 46 32 12 24 0 44 38 6 37 44 27 5 34 32 49 45 34 28 40 36 25 38 31 3 3 
37 9 26 10 33 15 38 44 6 28 6 8 34 42 24 36 49 6 28 14 22 4 42 19 28 27 49 40 16 44 0 24 43 9 36 19 13 31 18 38 2 30 26 32 19 3 44 17 12 24 
44 2 37 23 33 44 3 42 32 20 9 13 17 10 2 46 7 21 10 20 45 5 4 15 48 31 44 2 4 38 24 0 23 35 48 40 38 27 19 6 31 39 44 42 4 19 43 6 14 32 
35 36 32 38 34 8 13 30 40 15 9 31 17 3 9 4 5 30 7 28 11 39 46 28 6 12 5 47 34 6 43 23 0 32 48 41 13 29 48 21 32 34 11 14 11 24 29 39 16 13 
47 32 10 29 46 33 19 10 35 4 18 45 47 14 49 22 37 40 44 36 11 29 17 8 39 14 22 12 13 37 9 35 32 0 48 7 19 24 27 23 3 35 47 8 30 5 49 21 30 6 
39 35 6 29 21 45 30 2 4 49 21 23 24 43 8 44 46 43 46 44 10 26 5 33 21 35 29 42 15 44 36 48 48 48 0 40 42 37 5 43 44 34 11 4 17 4 30 43 37 31 
36 11 23 27 29 17 36 27 11 45 36 31 34 38 43 44 22 38 20 43 11 46 38 18 2 49 2 40 25 27 19 40 41 7 40 0 21 7 19 31 15 13 1 18 16 34 5 45 25 24 
2 42 44 22 5 43 8 49 28 39 26 6 23 12 40 21 37 41 17 48 5 22 11 25 3 16 28 10 13 5 13 38 13 19 42 21 0 26 20 6 22 37 3 36 31 23 46 21 8 22 
38 48 21 47 44 46 45 22 5 48 6 34 8 2 29 38 35 39 11 14 8 12 42 2 42 25 25 11 33 34 31 27 29 24 37 7 26 0 41 24 28 25 9 7 32 44 19 49 27 48 
40 43 25 44 46 49 19 33 38 43 30 39 14 19 41 40 9 25 21 48 15 15 36 16 20 20 9 23 1 32 18 19 48 27 5 19 20 41 0 41 27 26 33 21 25 30 10 47 34 15 
36 26 24 34 2 34 42 31 49 14 3 22 39 40 23 11 35 36 37 40 27 14 45 35 3 27 34 6 24 49 38 6 21 23 43 31 6 24 41 0 27 31 29 21 8 19 45 41 31 6 
21 4 45 17 6 42 4 35 6 12 40 43 20 47 41 41 48 27 29 31 7 38 39 47 18 11 35 3 2 45 2 31 32 3 44 15 22 28 27 27 0 24 18 5 36 9 41 6 27 35 
10 41 7 15 16 2 33 27 26 15 45 39 41 10 11 22 37 1 7 14 44 37 26 38 47 45 6 43 13 34 30 39 34 35 34 13 37 25 26 31 24 0 23 27 29 49 27 33 2 33 
1 26 13 11 10 8 27 23 19 27 31 11 36 46 30 18 19 40 32 17 4 20 43 15 20 30 4 9 36 28 26 44 11 47 11 1 3 9 33 29 18 23 0 6 16 10 41 4 14 41 
12 36 1 40 45 34 15 7 14 25 45 17 43 35 28 11 10 46 3 25 49 11 33 29 10 49 48 39 35 40 32 42 14 8 4 18 36 7 21 21 5 27 6 0 6 31 14 43 26 26 
44 37 3 47 48 16 40 41 13 8 40 8 27 48 30 33 38 28 23 34 42 40 37 33 46 34 3 32 11 36 19 4 11 30 17 16 31 32 25 8 36 29 16 6 0 24 44 4 10 27 
26 32 24 2 19 41 33 33 6 37 19 38 16 20 27 43 17 49 43 10 8 15 1 20 11 15 38 32 19 25 3 19 24 5 4 34 23 44 30 19 9 49 10 31 24 0 29 11 28 24 
43 36 27 32 14 2 25 2 34 13 11 7 44 13 31 9 12 28 44 31 44 18 16 26 46 13 4 1 26 38 44 43 29 49 30 5 46 19 10 45 41 27 41 14 44 29 0 10 25 45 
18 24 16 36 22 18 30 2 12 22 45 35 15 8 13 41 1 23 6 48 20 34 24 29 1 10 30 46 21 31 17 6 39 21 43 45 21 49 47 41 6 33 4 43 4 11 10 0 37 46 
25 17 14 35 44 43 35 8 21 2 46 26 19 46 46 42 26 5 40 46 12 2 46 35 48 30 12 49 8 3 12 14 16 30 37 25 8 27 34 31 27 2 14 26 10 28 25 37 0 9 
27 47 20 5 20 46 14 13 43 49 10 46 23 21 17 22 46 6 7 9 30 15 25 30 41 8 17 46 9 3 24 32 13 6 31 24 22 48 15 6 35 33 41 26 27 24 45 46 9 0 
