0 2 18 36 17 43 40 29 35 49 47 43 49 41 42 38 33 43 1 19 28 25 19 10 44 1 5 3 39 47 8 26 23 13 23 11 24 4 34 11 20 13 40 4 1 26 3 13 20 2 
2 0 32 41 47 33 25 44 31 39 44 8 35 35 31 33 28 19 41 18 48 23 46 1 34 41 46 30 41 33 31 23 42 10 1 1 39 3 33 6 8 44 10 22 9 35 42 31 44 12 
18 32 0 44 8 23 45 15 40 44 48 32 29 33 23 11 40 6 3 49 19 14 11 38 18 32 22 14 12 30 2 38 16 7 38 48 1 17 22 9 28 31 40 1 26 16 27 38 12 6 
36 41 44 0 8 29 22 34 10 40 6 24 22 11 39 24 11 32 32 21 6 17 47 20 5 26 36 5 47 36 7 29 34 9 5 34 26 12 8 11 11 41 2 15 22 21 15 42 10 18 
17 47 8 8 0 8 27 42 17 17 23 26 5 18 41 7 31 44 19 32 33 19 18 29 30 47 26 26 38 1 33 22 41 49 46 26 36 43 9 35 29 8 13 28 30 32 44 17 46 34 
43 33 23 29 8 0 47 43 4 32 15 13 22 42 26 13 35 39 2 44 33 8 22 43 12 40 43 16 42 2 14 22 14 16 27 12 25 4 30 24 38 49 36 35 7 20 27 7 31 9 
40 25 45 22 27 47 0 20 9 24 3 16 12 19 11 6 11 23 47 26 28 39 44 29 16 12 17 23 15 49 43 8 24 16 32 38 23 49 1 20 1 35 19 34 10 25 1 23 47 48 
29 44 15 34 42 43 20 0 8 7 34 43 33 43 23 37 20 30 25 24 39 46 6 32 45 6 35 35 30 41 5 45 30 18 35 10 12 40 29 15 23 21 19 27 49 16 12 17 24 14 
35 31 40 10 17 4 9 8 0 7 48 47 39 18 46 38 46 46 22 23 4 32 18 44 35 33 14 12 21 24 25 8 46 9 29 37 32 4 17 21 46 23 15 10 15 25 39 23 43 19 
49 39 44 40 17 32 24 7 7 0 35 18 7 24 28 40 44 16 47 20 19 9 17 18 44 10 26 8 31 47 37 14 34 2 2 9 38 25 17 14 18 4 40 19 20 39 9 27 5 28 
47 44 48 6 23 15 3 34 48 35 0 35 42 5 15 10 26 10 47 37 6 46 45 32 34 26 5 27 16 18 22 39 38 44 2 30 16 40 36 21 5 38 37 14 49 19 24 28 25 25 
43 8 32 24 26 13 16 43 47 18 35 0 41 40 42 41 13 27 13 18 19 2 45 45 26 25 7 10 15 7 11 32 24 25 3 10 1 10 13 15 20 29 34 1 12 19 31 39 42 6 
49 35 29 22 5 22 12 33 39 7 42 41 0 9 21 19 17 21 42 43 45 38 1 31 32 41 45 26 23 40 46 47 29 9 38 23 20 6 14 19 29 14 22 24 31 37 45 41 46 36 
41 35 33 11 18 42 19 43 18 24 5 40 9 0 24 20 28 5 42 39 18 47 31 33 24 4 16 30 38 2 14 15 26 28 7 38 6 1 37 24 14 34 41 36 19 48 23 1 14 15 
42 31 23 39 41 26 11 23 46 28 15 42 21 24 0 38 29 36 33 15 10 5 9 13 13 20 20 3 47 25 24 38 32 36 17 41 43 36 6 21 3 38 10 29 7 12 23 22 33 12 
38 33 11 24 7 13 6 37 38 40 10 41 19 20 38 0 28 4 49 26 23 11 29 45 42 20 15 35 9 10 5 22 29 29 25 33 44 8 47 5 43 1 7 9 43 31 12 48 23 29 
33 28 40 11 31 35 11 20 46 44 26 13 17 28 29 28 0 27 46 31 37 41 18 46 1 29 5 19 2 10 28 27 14 41 30 24 37 12 44 49 49 42 6 2 5 48 3 19 31 27 
43 19 6 32 44 39 23 30 46 16 10 27 21 5 36 4 27 0 42 28 9 38 27 25 46 35 8 45 28 46 32 10 40 8 29 18 32 4 25 5 11 23 32 41 27 19 8 13 8 3 
1 41 3 32 19 2 47 25 22 47 47 13 42 42 33 49 46 42 0 41 17 14 20 25 10 6 37 32 49 29 27 10 11 36 21 30 15 32 34 4 42 44 2 4 36 11 48 10 30 4 
19 18 49 21 32 44 26 24 23 20 37 18 43 39 15 26 31 28 41 0 7 41 10 3 39 1 47 11 33 41 29 34 32 11 46 29 38 43 5 7 28 33 5 33 27 48 41 23 46 10 
28 48 19 6 33 33 28 39 4 19 6 19 45 18 10 23 37 9 17 7 0 39 41 6 38 40 42 29 1 44 37 1 42 18 26 29 23 31 17 33 6 38 33 22 11 32 47 15 27 47 
25 23 14 17 19 8 39 46 32 9 46 2 38 47 5 11 41 38 14 41 39 0 35 36 19 20 22 46 28 41 42 25 38 45 17 46 29 40 45 8 13 32 46 18 21 47 43 25 15 35 
19 46 11 47 18 22 44 6 18 17 45 45 1 31 9 29 18 27 20 10 41 35 0 10 6 44 5 39 4 14 32 33 23 40 13 14 45 31 18 19 35 46 25 36 1 35 49 48 9 49 
10 1 38 20 29 43 29 32 44 18 32 45 31 33 13 45 46 25 25 3 6 36 10 0 6 19 44 15 21 33 18 39 22 15 2 33 8 41 46 8 33 47 8 13 13 3 25 33 19 35 
44 34 18 5 30 12 16 45 35 44 34 26 32 24 13 42 1 46 10 39 38 19 6 6 0 3 9 2 13 32 48 25 17 7 22 20 5 33 39 31 17 49 13 45 45 33 40 8 39 4 
1 41 32 26 47 40 12 6 33 10 26 25 41 4 20 20 29 35 6 1 40 20 44 19 3 0 4 29 5 13 13 19 1 41 16 33 12 25 33 1 44 6 37 4 24 17 24 41 48 23 
5 46 22 36 26 43 17 35 14 26 5 7 45 16 20 15 5 8 37 47 42 22 5 44 9 4 0 5 22 31 1 7 9 26 36 25 22 2 38 47 19 32 7 25 4 27 10 3 22 16 
3 30 14 5 26 16 23 35 12 8 27 10 26 30 3 35 19 45 32 11 29 46 39 15 2 29 5 0 16 45 19 43 35 39 9 34 18 19 3 25 3 29 13 43 22 41 2 7 8 4 
39 41 12 47 38 42 15 30 21 31 16 15 23 38 47 9 2 28 49 33 1 28 4 21 13 5 22 16 0 45 35 19 21 32 28 47 24 41 48 1 13 20 6 45 36 24 24 10 17 30 
47 33 30 36 1 2 49 41 24 47 18 7 40 2 25 10 10 46 29 41 44 41 14 33 32 13 31 45 45 0 17 29 12 7 5 42 20 21 42 40 24 10 35 10 36 1 4 13 45 43 
8 31 2 7 33 14 43 5 25 37 22 11 46 14 24 5 28 32 27 29 37 42 32 18 48 13 1 19 35 17 0 8 28 16 34 48 44 24 41 1 48 48 46 49 9 27 42 22 18 11 
26 23 38 29 22 22 8 45 8 14 39 32 47 15 38 22 27 10 10 34 1 25 33 39 25 19 7 43 19 29 8 0 14 7 27 18 37 19 6 49 37 35 3 5 37 22 9 41 43 20 
23 42 16 34 41 14 24 30 46 34 38 24 29 26 32 29 14 40 11 32 42 38 23 22 17 1 9 35 21 12 28 14 0 19 21 39 46 43 26 36 48 9 25 40 35 48 13 20 29 30 
13 10 7 9 49 16 16 18 9 2 44 25 9 28 36 29 41 8 36 11 18 45 40 15 7 41 26 39 32 7 16 7 19 0 39 38 19 25 21 11 37 22 3 44 29 28 32 18 8 11 
23 1 38 5 46 27 32 35 29 2 2 3 38 7 17 25 30 29 21 46 26 17 13 2 22 16 36 9 28 5 34 27 21 39 0 7 8 16 11 42 9 38 3 2 9 19 4 15 41 40 
11 1 48 34 26 12 38 10 37 9 30 10 23 38 41 33 24 18 30 29 29 46 14 33 20 33 25 34 47 42 48 18 39 38 7 0 43 42 26 17 25 21 39 39 40 10 17 44 7 17 
24 39 1 26 36 25 23 12 32 38 16 1 20 6 43 44 37 32 15 38 23 29 45 8 5 12 22 18 24 20 44 37 46 19 8 43 0 30 4 5 6 26 16 39 34 47 19 2 32 7 
4 3 17 12 43 4 49 40 4 25 40 10 6 1 36 8 12 4 32 43 31 40 31 41 33 25 2 19 41 21 24 19 43 25 16 42 30 0 28 37 47 40 1 2 19 5 37 14 24 47 
34 33 22 8 9 30 1 29 17 17 36 13 14 37 6 47 44 25 34 5 17 45 18 46 39 33 38 3 48 42 41 6 26 21 11 26 4 28 0 16 33 37 16 9 41 6 31 29 14 36 
11 6 9 11 35 24 20 15 21 14 21 15 19 24 21 5 49 5 4 7 33 8 19 8 31 1 47 25 1 40 1 49 36 11 42 17 5 37 16 0 7 22 42 23 36 21 9 36 23 16 
20 8 28 11 29 38 1 23 46 18 5 20 29 14 3 43 49 11 42 28 6 13 35 33 17 44 19 3 13 24 48 37 48 37 9 25 6 47 33 7 0 29 20 18 49 26 42 46 34 33 
13 44 31 41 8 49 35 21 23 4 38 29 14 34 38 1 42 23 44 33 38 32 46 47 49 6 32 29 20 10 48 35 9 22 38 21 26 40 37 22 29 0 6 21 11 48 26 48 20 18 
40 10 40 2 13 36 19 19 15 40 37 34 22 41 10 7 6 32 2 5 33 46 25 8 13 37 7 13 6 35 46 3 25 3 3 39 16 1 16 42 20 6 0 13 39 49 2 36 4 35 
4 22 1 15 28 35 34 27 10 19 14 1 24 36 29 9 2 41 4 33 22 18 36 13 45 4 25 43 45 10 49 5 40 44 2 39 39 2 9 23 18 21 13 0 11 42 16 37 10 34 
1 9 26 22 30 7 10 49 15 20 49 12 31 19 7 43 5 27 36 27 11 21 1 13 45 24 4 22 36 36 9 37 35 29 9 40 34 19 41 36 49 11 39 11 0 43 47 15 21 39 
26 35 16 21 32 20 25 16 25 39 19 19 37 48 12 31 48 19 11 48 32 47 35 3 33 17 27 41 24 1 27 22 48 28 19 10 47 5 6 21 26 48 49 42 43 0 47 5 10 37 
3 42 27 15 44 27 1 12 39 9 24 31 45 23 23 12 3 8 48 41 47 43 49 25 40 24 10 2 24 4 42 9 13 32 4 17 19 37 31 9 42 26 2 16 47 47 0 49 23 21 
13 31 38 42 17 7 23 17 23 27 28 39 41 1 22 48 19 13 10 23 15 25 48 33 8 41 3 7 10 13 22 41 20 18 15 44 2 14 29 36 46 48 36 37 15 5 49 0 43 35 
20 44 12 10 46 31 47 24 43 5 25 42 46 14 33 23 31 8 30 46 27 15 9 19 39 48 22 8 17 45 18 43 29 8 41 7 32 24 14 23 34 20 4 10 21 10 23 43 0 12 
2 12 6 18 34 9 48 14 19 28 25 6 36 15 12 29 27 3 4 10 47 35 49 35 4 23 16 4 30 43 11 20 30 11 40 17 7 47 36 16 33 18 35 34 39 37 21 35 12 0 
