0 37 33 22 30 13 12 13 33 16 35 12 33 39 33 21 4 24 15 35 10 9 45 3 11 41 6 28 19 31 28 36 30 44 23 42 6 1 23 47 32 26 17 28 35 39 30 1 18 5 
37 0 38 43 30 26 30 46 31 41 11 8 24 46 42 37 9 48 37 40 45 3 20 45 46 49 27 21 26 35 34 10 46 26 1 49 11 17 42 1 39 13 28 26 8 14 28 31 34 25 
33 38 0 48 43 7 40 3 15 2 19 4 30 24 48 22 20 11 25 44 45 34 26 29 12 5 31 3 33 47 26 33 30 30 5 24 43 25 32 13 49 31 34 48 3 30 9 9 1 40 
22 43 48 0 47 10 6 16 31 30 11 11 19 2 16 10 4 45 7 32 37 43 19 24 44 22 2 8 40 41 18 41 48 46 4 48 22 23 33 15 28 36 28 41 12 45 24 32 48 20 
30 30 43 47 0 19 12 5 45 48 48 30 47 47 43 45 37 26 39 14 41 46 34 28 36 19 10 26 38 26 6 28 28 31 40 33 46 14 31 6 49 21 22 46 42 9 37 5 10 49 
13 26 7 10 19 0 2 34 40 10 17 28 25 43 15 1 40 6 9 33 3 22 17 20 38 44 9 47 35 3 46 23 49 12 43 46 24 5 31 42 35 38 12 36 23 22 11 29 24 32 
12 30 40 6 12 2 0 34 42 17 28 46 49 36 34 31 5 41 1 1 40 25 14 32 18 19 26 8 42 31 9 37 13 14 34 32 8 45 46 5 24 8 13 48 37 10 11 6 44 24 
13 46 3 16 5 34 34 0 36 16 11 44 19 17 2 27 13 22 14 9 44 49 27 26 29 41 6 29 41 45 19 3 5 44 39 14 29 29 27 43 17 44 24 33 36 44 41 35 40 43 
33 31 15 31 45 40 42 36 0 4 15 1 30 40 11 7 29 39 49 11 28 35 29 11 48 27 29 42 14 16 40 46 21 3 46 13 29 33 1 16 7 2 38 22 4 19 42 13 33 10 
16 41 2 30 48 10 17 16 4 0 49 19 19 26 45 37 8 2 7 39 44 7 9 4 33 18 37 17 43 40 4 32 45 12 39 20 2 47 19 47 27 7 29 32 17 24 30 20 33 7 
35 11 19 11 48 17 28 11 15 49 0 21 16 13 14 4 48 21 30 11 20 29 28 29 14 21 28 15 31 31 22 30 30 1 48 31 6 49 5 2 16 28 38 35 9 8 5 26 25 43 
12 8 4 11 30 28 46 44 1 19 21 0 21 24 23 18 19 12 18 44 28 25 42 46 47 13 7 46 40 28 20 14 17 34 31 28 6 28 48 8 34 20 12 8 32 46 7 37 1 49 
33 24 30 19 47 25 49 19 30 19 16 21 0 34 30 37 34 48 42 32 23 30 40 13 43 35 31 40 29 16 8 24 44 40 23 48 36 36 24 44 39 35 47 9 6 43 48 39 12 20 
39 46 24 2 47 43 36 17 40 26 13 24 34 0 12 35 1 28 38 46 30 33 38 49 37 33 26 12 7 20 1 9 30 1 12 15 45 27 28 40 34 21 36 17 26 23 35 27 11 41 
33 42 48 16 43 15 34 2 11 45 14 23 30 12 0 7 41 37 34 43 12 33 7 16 31 41 9 10 1 4 40 20 40 47 41 9 18 42 14 14 6 7 39 47 1 20 26 4 5 49 
21 37 22 10 45 1 31 27 7 37 4 18 37 35 7 0 12 22 24 9 32 44 16 28 43 32 34 47 44 25 3 30 45 24 28 35 16 33 3 1 17 27 29 28 8 27 28 36 37 4 
4 9 20 4 37 40 5 13 29 8 48 19 34 1 41 12 0 28 43 32 27 40 29 42 18 30 40 41 3 9 48 23 31 41 22 44 24 34 40 1 21 21 29 16 11 6 46 45 13 8 
24 48 11 45 26 6 41 22 39 2 21 12 48 28 37 22 28 0 19 3 48 18 27 9 33 39 32 15 46 32 38 23 26 43 33 45 8 27 11 19 47 23 23 23 42 10 15 17 1 46 
15 37 25 7 39 9 1 14 49 7 30 18 42 38 34 24 43 19 0 21 22 31 41 36 17 24 2 38 11 12 25 4 7 31 38 10 27 48 40 1 36 13 33 39 43 4 43 17 16 14 
35 40 44 32 14 33 1 9 11 39 11 44 32 46 43 9 32 3 21 0 7 35 21 36 31 3 38 46 6 10 33 34 46 34 25 26 37 35 24 46 12 22 36 10 45 4 14 19 31 33 
10 45 45 37 41 3 40 44 28 44 20 28 23 30 12 32 27 48 22 7 0 41 4 15 14 20 27 10 12 35 11 24 7 43 38 33 31 30 22 7 31 49 44 14 25 30 39 32 20 21 
9 3 34 43 46 22 25 49 35 7 29 25 30 33 33 44 40 18 31 35 41 0 30 46 39 35 36 29 17 45 23 48 25 9 2 37 38 44 7 39 12 8 24 40 6 20 3 8 37 32 
45 20 26 19 34 17 14 27 29 9 28 42 40 38 7 16 29 27 41 21 4 30 0 23 15 18 13 9 2 5 36 20 18 40 5 14 34 46 25 20 23 38 11 47 12 16 36 4 41 8 
3 45 29 24 28 20 32 26 11 4 29 46 13 49 16 28 42 9 36 36 15 46 23 0 20 11 25 16 3 44 29 26 39 15 39 25 39 45 37 12 4 46 18 13 36 35 18 39 5 28 
11 46 12 44 36 38 18 29 48 33 14 47 43 37 31 43 18 33 17 31 14 39 15 20 0 4 30 4 11 3 46 7 26 36 27 47 40 40 30 43 45 36 39 21 21 16 22 5 1 14 
41 49 5 22 19 44 19 41 27 18 21 13 35 33 41 32 30 39 24 3 20 35 18 11 4 0 12 47 3 10 11 3 19 10 32 13 32 10 1 37 12 26 42 2 7 9 33 19 12 7 
6 27 31 2 10 9 26 6 29 37 28 7 31 26 9 34 40 32 2 38 27 36 13 25 30 12 0 45 1 16 15 32 15 48 9 16 41 40 44 47 5 22 41 3 2 33 46 21 41 46 
28 21 3 8 26 47 8 29 42 17 15 46 40 12 10 47 41 15 38 46 10 29 9 16 4 47 45 0 35 10 29 35 36 39 8 23 46 4 27 49 14 3 2 17 1 16 29 13 40 2 
19 26 33 40 38 35 42 41 14 43 31 40 29 7 1 44 3 46 11 6 12 17 2 3 11 3 1 35 0 43 45 19 20 46 47 11 42 9 13 12 44 28 49 20 40 1 13 27 36 3 
31 35 47 41 26 3 31 45 16 40 31 28 16 20 4 25 9 32 12 10 35 45 5 44 3 10 16 10 43 0 14 28 41 9 15 6 7 41 25 47 20 27 15 11 30 46 38 29 27 41 
28 34 26 18 6 46 9 19 40 4 22 20 8 1 40 3 48 38 25 33 11 23 36 29 46 11 15 29 45 14 0 14 19 1 1 22 13 45 28 41 30 26 15 20 25 46 32 4 31 7 
36 10 33 41 28 23 37 3 46 32 30 14 24 9 20 30 23 23 4 34 24 48 20 26 7 3 32 35 19 28 14 0 19 43 20 28 32 42 14 8 16 27 32 36 39 1 8 11 15 26 
30 46 30 48 28 49 13 5 21 45 30 17 44 30 40 45 31 26 7 46 7 25 18 39 26 19 15 36 20 41 19 19 0 34 5 10 3 23 20 39 3 14 31 33 24 12 36 23 39 22 
44 26 30 46 31 12 14 44 3 12 1 34 40 1 47 24 41 43 31 34 43 9 40 15 36 10 48 39 46 9 1 43 34 0 9 33 1 8 3 10 30 11 47 43 4 30 45 35 7 21 
23 1 5 4 40 43 34 39 46 39 48 31 23 12 41 28 22 33 38 25 38 2 5 39 27 32 9 8 47 15 1 20 5 9 0 15 11 28 29 47 19 39 40 46 42 15 2 23 11 33 
42 49 24 48 33 46 32 14 13 20 31 28 48 15 9 35 44 45 10 26 33 37 14 25 47 13 16 23 11 6 22 28 10 33 15 0 28 16 14 27 16 47 7 9 2 10 29 40 11 48 
6 11 43 22 46 24 8 29 29 2 6 6 36 45 18 16 24 8 27 37 31 38 34 39 40 32 41 46 42 7 13 32 3 1 11 28 0 24 45 33 12 27 39 42 11 48 7 45 7 20 
1 17 25 23 14 5 45 29 33 47 49 28 36 27 42 33 34 27 48 35 30 44 46 45 40 10 40 4 9 41 45 42 23 8 28 16 24 0 1 41 23 12 14 44 34 33 36 42 4 38 
23 42 32 33 31 31 46 27 1 19 5 48 24 28 14 3 40 11 40 24 22 7 25 37 30 1 44 27 13 25 28 14 20 3 29 14 45 1 0 10 13 3 21 8 29 43 42 23 43 39 
47 1 13 15 6 42 5 43 16 47 2 8 44 40 14 1 1 19 1 46 7 39 20 12 43 37 47 49 12 47 41 8 39 10 47 27 33 41 10 0 16 42 19 27 42 19 43 18 14 25 
32 39 49 28 49 35 24 17 7 27 16 34 39 34 6 17 21 47 36 12 31 12 23 4 45 12 5 14 44 20 30 16 3 30 19 16 12 23 13 16 0 42 6 1 24 46 4 7 32 45 
26 13 31 36 21 38 8 44 2 7 28 20 35 21 7 27 21 23 13 22 49 8 38 46 36 26 22 3 28 27 26 27 14 11 39 47 27 12 3 42 42 0 36 11 10 22 22 18 49 27 
17 28 34 28 22 12 13 24 38 29 38 12 47 36 39 29 29 23 33 36 44 24 11 18 39 42 41 2 49 15 15 32 31 47 40 7 39 14 21 19 6 36 0 47 28 20 3 10 19 28 
28 26 48 41 46 36 48 33 22 32 35 8 9 17 47 28 16 23 39 10 14 40 47 13 21 2 3 17 20 11 20 36 33 43 46 9 42 44 8 27 1 11 47 0 40 7 24 46 9 43 
35 8 3 12 42 23 37 36 4 17 9 32 6 26 1 8 11 42 43 45 25 6 12 36 21 7 2 1 40 30 25 39 24 4 42 2 11 34 29 42 24 10 28 40 0 16 28 28 9 16 
39 14 30 45 9 22 10 44 19 24 8 46 43 23 20 27 6 10 4 4 30 20 16 35 16 9 33 16 1 46 46 1 12 30 15 10 48 33 43 19 46 22 20 7 16 0 38 22 5 27 
30 28 9 24 37 11 11 41 42 30 5 7 48 35 26 28 46 15 43 14 39 3 36 18 22 33 46 29 13 38 32 8 36 45 2 29 7 36 42 43 4 22 3 24 28 38 0 33 24 1 
1 31 9 32 5 29 6 35 13 20 26 37 39 27 4 36 45 17 17 19 32 8 4 39 5 19 21 13 27 29 4 11 23 35 23 40 45 42 23 18 7 18 10 46 28 22 33 0 8 13 
18 34 1 48 10 24 44 40 33 33 25 1 12 11 5 37 13 1 16 31 20 37 41 5 1 12 41 40 36 27 31 15 39 7 11 11 7 4 43 14 32 49 19 9 9 5 24 8 0 46 
5 25 40 20 49 32 24 43 10 7 43 49 20 41 49 4 8 46 14 33 21 32 8 28 14 7 46 2 3 41 7 26 22 21 33 48 20 38 39 25 45 27 28 43 16 27 1 13 46 0 
