0 10 31 26 26 13 46 13 28 47 25 38 35 13 49 43 43 46 7 27 17 44 9 9 19 1 39 21 40 5 12 14 37 40 23 2 17 34 35 1 41 6 11 28 33 12 31 19 41 23 
10 0 31 19 22 4 39 28 38 28 12 22 29 26 3 10 35 25 14 41 36 2 25 26 41 14 3 34 38 4 12 1 24 20 45 12 7 9 49 3 10 5 38 42 5 4 38 18 49 48 
31 31 0 1 19 29 10 36 38 27 40 44 35 46 19 7 26 1 2 32 16 20 11 9 16 6 21 18 29 19 3 45 35 8 5 7 40 46 10 14 39 29 31 32 43 3 5 2 46 38 
26 19 1 0 23 36 39 27 33 17 20 25 39 20 15 27 35 9 46 14 17 6 25 27 9 33 23 32 37 18 44 11 9 29 24 11 46 35 4 41 19 43 24 42 39 13 1 13 25 9 
26 22 19 23 0 20 12 33 22 25 5 2 15 24 1 4 44 3 7 33 11 23 19 17 25 22 21 2 26 2 30 43 2 40 23 7 18 32 45 5 12 17 6 32 23 9 26 47 29 36 
13 4 29 36 20 0 37 19 38 9 46 25 37 26 1 16 21 39 49 28 49 45 12 23 25 15 27 45 10 6 5 29 8 37 10 33 14 5 30 20 38 11 10 22 39 35 7 24 41 29 
46 39 10 39 12 37 0 45 36 15 20 43 12 24 35 45 11 18 18 34 2 6 11 21 18 44 41 48 27 5 16 20 26 44 17 5 30 24 1 41 47 34 41 18 1 36 36 33 5 2 
13 28 36 27 33 19 45 0 34 9 24 1 42 40 1 20 36 33 8 32 20 45 20 36 47 34 35 36 18 10 8 10 28 41 39 8 37 8 2 47 21 46 23 7 23 47 2 41 23 13 
28 38 38 33 22 38 36 34 0 44 40 13 27 48 8 18 17 14 21 12 25 4 10 43 30 27 35 14 31 22 36 6 10 30 49 11 18 48 18 35 28 47 30 10 27 27 11 21 17 19 
47 28 27 17 25 9 15 9 44 0 33 6 18 17 45 11 40 33 44 28 8 5 15 45 43 36 48 14 8 1 45 18 20 47 25 6 23 9 38 39 6 44 46 42 23 45 31 45 30 46 
25 12 40 20 5 46 20 24 40 33 0 12 2 35 38 47 17 2 38 9 39 12 18 36 23 23 36 34 15 46 46 13 24 34 16 6 39 8 28 31 48 34 24 49 36 33 28 1 15 35 
38 22 44 25 2 25 43 1 13 6 12 0 45 18 15 15 3 36 39 26 17 13 36 1 40 28 31 45 42 38 28 37 26 25 16 47 42 29 16 30 46 47 43 10 36 28 27 10 1 2 
35 29 35 39 15 37 12 42 27 18 2 45 0 42 39 5 37 12 4 43 4 32 10 14 40 35 31 43 35 26 41 17 37 4 38 14 14 25 16 8 30 16 40 48 48 6 31 5 27 13 
13 26 46 20 24 26 24 40 48 17 35 18 42 0 16 26 44 34 20 8 11 34 24 17 47 4 9 4 19 11 38 4 38 19 1 10 43 28 46 28 29 11 31 30 45 7 11 34 23 1 
49 3 19 15 1 1 35 1 8 45 38 15 39 16 0 44 10 13 35 31 22 9 44 1 47 42 33 30 27 5 49 17 39 30 34 18 9 48 6 38 30 41 8 32 20 34 37 40 33 35 
43 10 7 27 4 16 45 20 18 11 47 15 5 26 44 0 35 42 9 34 5 49 8 37 16 32 2 24 25 37 29 28 45 42 23 28 26 33 29 44 21 44 29 9 33 38 6 20 32 12 
43 35 26 35 44 21 11 36 17 40 17 3 37 44 10 35 0 5 7 14 33 15 46 4 28 10 26 47 28 26 32 35 42 26 26 30 9 18 29 3 26 20 24 48 6 6 36 21 9 16 
46 25 1 9 3 39 18 33 14 33 2 36 12 34 13 42 5 0 39 18 16 33 40 1 24 1 48 15 43 4 3 14 2 16 17 28 11 32 20 3 36 46 25 38 46 33 8 26 45 6 
7 14 2 46 7 49 18 8 21 44 38 39 4 20 35 9 7 39 0 24 21 24 18 23 40 29 13 45 17 10 46 17 13 1 25 32 48 36 4 19 48 35 10 16 40 20 9 33 28 40 
27 41 32 14 33 28 34 32 12 28 9 26 43 8 31 34 14 18 24 0 2 42 5 33 46 30 38 33 46 41 47 12 17 4 30 7 5 26 30 49 18 38 4 27 33 20 16 5 8 26 
17 36 16 17 11 49 2 20 25 8 39 17 4 11 22 5 33 16 21 2 0 32 39 40 24 3 35 37 44 7 16 36 4 7 38 12 31 3 22 13 41 22 25 21 19 34 46 18 11 35 
44 2 20 6 23 45 6 45 4 5 12 13 32 34 9 49 15 33 24 42 32 0 3 22 10 26 4 26 34 3 43 11 34 36 23 7 19 27 45 48 6 30 6 25 22 6 20 25 28 21 
9 25 11 25 19 12 11 20 10 15 18 36 10 24 44 8 46 40 18 5 39 3 0 14 17 24 45 47 7 7 31 32 45 46 7 7 20 30 39 6 5 18 20 9 14 46 10 19 23 28 
9 26 9 27 17 23 21 36 43 45 36 1 14 17 1 37 4 1 23 33 40 22 14 0 20 11 22 18 30 35 8 40 7 7 33 1 19 33 45 29 8 47 4 31 4 22 5 28 31 3 
19 41 16 9 25 25 18 47 30 43 23 40 40 47 47 16 28 24 40 46 24 10 17 20 0 33 11 4 2 24 2 38 44 29 45 25 43 40 25 23 36 24 27 26 35 15 31 46 14 46 
1 14 6 33 22 15 44 34 27 36 23 28 35 4 42 32 10 1 29 30 3 26 24 11 33 0 3 10 22 44 42 10 38 2 4 10 41 12 4 8 30 23 42 31 9 39 3 30 6 7 
39 3 21 23 21 27 41 35 35 48 36 31 31 9 33 2 26 48 13 38 35 4 45 22 11 3 0 9 48 4 3 13 49 10 17 19 8 17 15 12 19 4 37 14 25 5 7 9 36 49 
21 34 18 32 2 45 48 36 14 14 34 45 43 4 30 24 47 15 45 33 37 26 47 18 4 10 9 0 47 26 39 37 8 39 13 24 28 20 25 23 6 41 45 43 47 41 38 11 4 28 
40 38 29 37 26 10 27 18 31 8 15 42 35 19 27 25 28 43 17 46 44 34 7 30 2 22 48 47 0 20 2 40 17 31 39 44 47 41 38 35 46 2 32 18 1 24 25 47 28 11 
5 4 19 18 2 6 5 10 22 1 46 38 26 11 5 37 26 4 10 41 7 3 7 35 24 44 4 26 20 0 31 34 29 24 45 33 26 47 44 12 15 17 3 18 9 40 9 42 28 26 
12 12 3 44 30 5 16 8 36 45 46 28 41 38 49 29 32 3 46 47 16 43 31 8 2 42 3 39 2 31 0 25 14 21 3 3 22 34 34 28 10 14 32 41 17 17 22 39 28 48 
14 1 45 11 43 29 20 10 6 18 13 37 17 4 17 28 35 14 17 12 36 11 32 40 38 10 13 37 40 34 25 0 23 33 3 1 12 14 38 35 47 43 21 21 16 21 19 49 42 11 
37 24 35 9 2 8 26 28 10 20 24 26 37 38 39 45 42 2 13 17 4 34 45 7 44 38 49 8 17 29 14 23 0 6 41 6 27 7 21 20 45 38 49 48 17 35 32 11 22 41 
40 20 8 29 40 37 44 41 30 47 34 25 4 19 30 42 26 16 1 4 7 36 46 7 29 2 10 39 31 24 21 33 6 0 45 47 14 49 33 34 36 28 46 16 26 19 43 34 41 34 
23 45 5 24 23 10 17 39 49 25 16 16 38 1 34 23 26 17 25 30 38 23 7 33 45 4 17 13 39 45 3 3 41 45 0 15 25 9 12 9 4 37 17 26 9 1 21 6 47 12 
2 12 7 11 7 33 5 8 11 6 6 47 14 10 18 28 30 28 32 7 12 7 7 1 25 10 19 24 44 33 3 1 6 47 15 0 9 31 19 11 8 20 15 32 18 33 25 18 3 34 
17 7 40 46 18 14 30 37 18 23 39 42 14 43 9 26 9 11 48 5 31 19 20 19 43 41 8 28 47 26 22 12 27 14 25 9 0 38 14 32 42 30 14 13 3 30 46 18 17 49 
34 9 46 35 32 5 24 8 48 9 8 29 25 28 48 33 18 32 36 26 3 27 30 33 40 12 17 20 41 47 34 14 7 49 9 31 38 0 39 19 32 1 31 22 5 34 14 26 26 1 
35 49 10 4 45 30 1 2 18 38 28 16 16 46 6 29 29 20 4 30 22 45 39 45 25 4 15 25 38 44 34 38 21 33 12 19 14 39 0 34 8 17 11 38 23 39 17 29 11 46 
1 3 14 41 5 20 41 47 35 39 31 30 8 28 38 44 3 3 19 49 13 48 6 29 23 8 12 23 35 12 28 35 20 34 9 11 32 19 34 0 2 47 22 13 42 26 18 47 47 8 
41 10 39 19 12 38 47 21 28 6 48 46 30 29 30 21 26 36 48 18 41 6 5 8 36 30 19 6 46 15 10 47 45 36 4 8 42 32 8 2 0 22 28 27 44 44 49 29 38 13 
6 5 29 43 17 11 34 46 47 44 34 47 16 11 41 44 20 46 35 38 22 30 18 47 24 23 4 41 2 17 14 43 38 28 37 20 30 1 17 47 22 0 33 9 22 42 47 8 7 29 
11 38 31 24 6 10 41 23 30 46 24 43 40 31 8 29 24 25 10 4 25 6 20 4 27 42 37 45 32 3 32 21 49 46 17 15 14 31 11 22 28 33 0 34 33 41 28 3 31 3 
28 42 32 42 32 22 18 7 10 42 49 10 48 30 32 9 48 38 16 27 21 25 9 31 26 31 14 43 18 18 41 21 48 16 26 32 13 22 38 13 27 9 34 0 46 2 26 31 28 9 
33 5 43 39 23 39 1 23 27 23 36 36 48 45 20 33 6 46 40 33 19 22 14 4 35 9 25 47 1 9 17 16 17 26 9 18 3 5 23 42 44 22 33 46 0 14 28 22 14 33 
12 4 3 13 9 35 36 47 27 45 33 28 6 7 34 38 6 33 20 20 34 6 46 22 15 39 5 41 24 40 17 21 35 19 1 33 30 34 39 26 44 42 41 2 14 0 16 24 34 9 
31 38 5 1 26 7 36 2 11 31 28 27 31 11 37 6 36 8 9 16 46 20 10 5 31 3 7 38 25 9 22 19 32 43 21 25 46 14 17 18 49 47 28 26 28 16 0 22 34 41 
19 18 2 13 47 24 33 41 21 45 1 10 5 34 40 20 21 26 33 5 18 25 19 28 46 30 9 11 47 42 39 49 11 34 6 18 18 26 29 47 29 8 3 31 22 24 22 0 30 17 
41 49 46 25 29 41 5 23 17 30 15 1 27 23 33 32 9 45 28 8 11 28 23 31 14 6 36 4 28 28 28 42 22 41 47 3 17 26 11 47 38 7 31 28 14 34 34 30 0 9 
23 48 38 9 36 29 2 13 19 46 35 2 13 1 35 12 16 6 40 26 35 21 28 3 46 7 49 28 11 26 48 11 41 34 12 34 49 1 46 8 13 29 3 9 33 9 41 17 9 0 
