0 13 3 31 5 5 14 22 45 36 16 21 32 5 48 1 12 41 22 27 17 30 9 42 33 3 8 11 4 32 7 12 2 26 17 12 10 33 19 27 42 25 20 1 20 6 41 31 33 43 
13 0 13 2 24 26 8 34 20 14 9 20 37 23 38 17 24 18 26 27 26 21 33 2 44 19 44 25 9 47 20 3 4 46 27 10 48 37 1 44 3 27 5 12 41 21 17 32 16 19 
3 13 0 15 41 40 48 12 16 6 13 16 49 29 47 10 27 43 46 47 9 21 11 28 18 15 17 36 21 49 27 18 5 45 43 42 19 34 40 33 37 23 46 34 40 12 28 26 24 22 
31 2 15 0 17 22 18 19 37 28 46 4 17 48 10 23 28 15 17 4 25 22 36 43 14 20 2 8 6 27 44 35 12 13 12 25 22 12 18 15 5 31 3 31 19 5 22 39 34 40 
5 24 41 17 0 37 48 31 23 15 8 26 48 40 10 36 35 12 36 33 31 38 38 20 29 42 6 36 24 29 39 29 1 41 28 26 42 9 10 12 14 20 20 11 26 19 19 33 35 9 
5 26 40 22 37 0 37 18 41 40 19 39 21 31 27 43 5 20 8 23 49 12 18 38 4 20 39 44 40 16 27 49 9 7 11 20 20 14 1 42 11 27 20 17 8 33 10 47 3 17 
14 8 48 18 48 37 0 32 41 13 35 16 26 24 24 14 4 12 37 4 42 35 43 30 41 13 5 43 42 21 42 25 23 36 43 28 40 20 3 37 16 9 22 38 19 31 23 5 46 7 
22 34 12 19 31 18 32 0 29 3 43 29 10 5 41 16 24 34 8 28 11 29 39 3 45 13 33 19 42 5 23 7 33 22 46 35 30 18 12 22 4 30 30 10 14 41 43 12 17 10 
45 20 16 37 23 41 41 29 0 29 22 9 5 45 17 36 26 32 22 45 9 16 21 29 12 23 23 2 14 2 4 39 36 40 29 14 49 4 44 12 43 33 18 49 18 36 35 29 37 11 
36 14 6 28 15 40 13 3 29 0 20 48 16 26 36 18 5 35 16 41 34 40 13 28 45 45 24 18 16 36 33 10 17 29 38 8 25 22 19 16 33 49 15 14 44 14 43 40 26 45 
16 9 13 46 8 19 35 43 22 20 0 49 48 45 28 7 12 36 40 35 21 27 30 4 34 33 35 47 48 7 39 12 19 20 13 13 22 20 14 30 2 41 19 37 44 36 13 22 35 15 
21 20 16 4 26 39 16 29 9 48 49 0 13 11 15 34 17 25 36 27 27 22 10 5 2 37 3 22 19 20 26 39 45 31 36 48 31 42 8 45 46 20 49 44 8 36 47 33 20 36 
32 37 49 17 48 21 26 10 5 16 48 13 0 23 19 37 46 44 12 40 14 22 3 19 16 7 3 32 33 1 14 49 32 2 7 2 49 12 18 42 49 24 47 5 7 45 3 47 26 8 
5 23 29 48 40 31 24 5 45 26 45 11 23 0 5 2 48 32 12 48 6 20 1 47 34 12 49 11 11 14 31 8 36 28 37 29 40 48 2 32 27 24 17 4 30 16 40 19 6 14 
48 38 47 10 10 27 24 41 17 36 28 15 19 5 0 15 25 23 12 25 1 20 19 39 34 45 48 7 2 6 23 9 43 2 36 27 15 46 35 34 19 15 36 36 1 19 39 45 20 21 
1 17 10 23 36 43 14 16 36 18 7 34 37 2 15 0 20 38 12 20 33 9 35 29 47 21 41 9 33 23 31 16 43 33 48 38 2 15 2 35 22 21 5 28 14 39 34 22 36 21 
12 24 27 28 35 5 4 24 26 5 12 17 46 48 25 20 0 11 20 47 47 25 2 5 34 37 43 16 35 2 14 15 37 26 19 48 49 11 11 19 39 41 41 8 4 45 38 10 16 4 
41 18 43 15 12 20 12 34 32 35 36 25 44 32 23 38 11 0 44 25 48 14 30 39 25 32 38 42 48 42 41 22 1 18 37 12 20 8 49 37 22 13 46 30 34 43 43 16 34 46 
22 26 46 17 36 8 37 8 22 16 40 36 12 12 12 12 20 44 0 10 4 9 32 41 28 18 41 35 21 33 6 16 35 6 2 31 40 17 5 30 24 8 32 19 2 42 39 28 3 49 
27 27 47 4 33 23 4 28 45 41 35 27 40 48 25 20 47 25 10 0 33 14 19 23 37 15 4 15 3 45 24 14 30 9 7 34 11 16 28 9 46 6 37 30 40 43 41 12 9 27 
17 26 9 25 31 49 42 11 9 34 21 27 14 6 1 33 47 48 4 33 0 28 43 16 45 44 29 48 5 11 4 36 3 12 12 48 20 10 28 36 1 32 24 30 38 46 38 34 11 47 
30 21 21 22 38 12 35 29 16 40 27 22 22 20 20 9 25 14 9 14 28 0 46 16 19 6 16 48 16 31 31 37 37 34 20 9 47 1 11 40 5 40 8 21 16 20 46 32 2 12 
9 33 11 36 38 18 43 39 21 13 30 10 3 1 19 35 2 30 32 19 43 46 0 17 32 33 17 20 21 30 19 4 35 1 7 27 9 13 2 7 11 25 38 15 19 16 36 5 9 20 
42 2 28 43 20 38 30 3 29 28 4 5 19 47 39 29 5 39 41 23 16 16 17 0 28 3 43 24 24 20 8 23 2 12 27 23 23 22 8 30 33 9 43 22 7 19 18 26 36 2 
33 44 18 14 29 4 41 45 12 45 34 2 16 34 34 47 34 25 28 37 45 19 32 28 0 13 11 33 44 22 15 34 11 11 23 3 8 22 5 9 7 49 30 31 36 5 36 46 25 35 
3 19 15 20 42 20 13 13 23 45 33 37 7 12 45 21 37 32 18 15 44 6 33 3 13 0 11 22 22 12 36 11 25 26 14 24 3 31 24 30 38 35 1 32 5 41 13 19 48 38 
8 44 17 2 6 39 5 33 23 24 35 3 3 49 48 41 43 38 41 4 29 16 17 43 11 11 0 18 8 38 26 12 33 41 33 33 28 2 8 12 43 28 9 6 38 36 13 34 46 49 
11 25 36 8 36 44 43 19 2 18 47 22 32 11 7 9 16 42 35 15 48 48 20 24 33 22 18 0 11 40 23 35 7 3 10 13 19 20 48 26 1 39 46 41 6 33 47 3 9 2 
4 9 21 6 24 40 42 42 14 16 48 19 33 11 2 33 35 48 21 3 5 16 21 24 44 22 8 11 0 36 32 5 32 31 7 43 44 27 37 36 40 22 21 11 12 17 43 34 24 37 
32 47 49 27 29 16 21 5 2 36 7 20 1 14 6 23 2 42 33 45 11 31 30 20 22 12 38 40 36 0 47 8 9 8 15 2 36 28 27 16 32 30 2 36 27 40 37 35 37 40 
7 20 27 44 39 27 42 23 4 33 39 26 14 31 23 31 14 41 6 24 4 31 19 8 15 36 26 23 32 47 0 46 23 18 8 13 26 30 3 13 45 14 5 20 2 19 42 7 30 17 
12 3 18 35 29 49 25 7 39 10 12 39 49 8 9 16 15 22 16 14 36 37 4 23 34 11 12 35 5 8 46 0 47 45 10 17 17 7 8 48 2 9 47 46 15 37 2 3 25 12 
2 4 5 12 1 9 23 33 36 17 19 45 32 36 43 43 37 1 35 30 3 37 35 2 11 25 33 7 32 9 23 47 0 11 2 28 23 18 46 47 49 44 38 12 20 7 42 7 17 16 
26 46 45 13 41 7 36 22 40 29 20 31 2 28 2 33 26 18 6 9 12 34 1 12 11 26 41 3 31 8 18 45 11 0 5 17 6 9 40 44 43 24 18 3 39 24 29 17 44 7 
17 27 43 12 28 11 43 46 29 38 13 36 7 37 36 48 19 37 2 7 12 20 7 27 23 14 33 10 7 15 8 10 2 5 0 21 44 17 16 16 49 31 47 49 31 29 30 16 14 28 
12 10 42 25 26 20 28 35 14 8 13 48 2 29 27 38 48 12 31 34 48 9 27 23 3 24 33 13 43 2 13 17 28 17 21 0 44 47 25 26 36 37 25 40 25 46 6 40 29 3 
10 48 19 22 42 20 40 30 49 25 22 31 49 40 15 2 49 20 40 11 20 47 9 23 8 3 28 19 44 36 26 17 23 6 44 44 0 31 45 18 5 9 14 26 28 46 41 10 47 44 
33 37 34 12 9 14 20 18 4 22 20 42 12 48 46 15 11 8 17 16 10 1 13 22 22 31 2 20 27 28 30 7 18 9 17 47 31 0 35 43 29 26 7 5 33 35 38 43 12 1 
19 1 40 18 10 1 3 12 44 19 14 8 18 2 35 2 11 49 5 28 28 11 2 8 5 24 8 48 37 27 3 8 46 40 16 25 45 35 0 24 16 33 18 32 35 29 30 28 30 19 
27 44 33 15 12 42 37 22 12 16 30 45 42 32 34 35 19 37 30 9 36 40 7 30 9 30 12 26 36 16 13 48 47 44 16 26 18 43 24 0 40 44 3 10 25 12 4 13 10 6 
42 3 37 5 14 11 16 4 43 33 2 46 49 27 19 22 39 22 24 46 1 5 11 33 7 38 43 1 40 32 45 2 49 43 49 36 5 29 16 40 0 4 24 6 35 17 29 17 11 40 
25 27 23 31 20 27 9 30 33 49 41 20 24 24 15 21 41 13 8 6 32 40 25 9 49 35 28 39 22 30 14 9 44 24 31 37 9 26 33 44 4 0 49 27 37 14 19 35 15 39 
20 5 46 3 20 20 22 30 18 15 19 49 47 17 36 5 41 46 32 37 24 8 38 43 30 1 9 46 21 2 5 47 38 18 47 25 14 7 18 3 24 49 0 6 32 18 27 7 12 5 
1 12 34 31 11 17 38 10 49 14 37 44 5 4 36 28 8 30 19 30 30 21 15 22 31 32 6 41 11 36 20 46 12 3 49 40 26 5 32 10 6 27 6 0 37 20 44 24 2 2 
20 41 40 19 26 8 19 14 18 44 44 8 7 30 1 14 4 34 2 40 38 16 19 7 36 5 38 6 12 27 2 15 20 39 31 25 28 33 35 25 35 37 32 37 0 32 28 25 31 3 
6 21 12 5 19 33 31 41 36 14 36 36 45 16 19 39 45 43 42 43 46 20 16 19 5 41 36 33 17 40 19 37 7 24 29 46 46 35 29 12 17 14 18 20 32 0 32 37 18 46 
41 17 28 22 19 10 23 43 35 43 13 47 3 40 39 34 38 43 39 41 38 46 36 18 36 13 13 47 43 37 42 2 42 29 30 6 41 38 30 4 29 19 27 44 28 32 0 5 44 2 
31 32 26 39 33 47 5 12 29 40 22 33 47 19 45 22 10 16 28 12 34 32 5 26 46 19 34 3 34 35 7 3 7 17 16 40 10 43 28 13 17 35 7 24 25 37 5 0 16 12 
33 16 24 34 35 3 46 17 37 26 35 20 26 6 20 36 16 34 3 9 11 2 9 36 25 48 46 9 24 37 30 25 17 44 14 29 47 12 30 10 11 15 12 2 31 18 44 16 0 22 
43 19 22 40 9 17 7 10 11 45 15 36 8 14 21 21 4 46 49 27 47 12 20 2 35 38 49 2 37 40 17 12 16 7 28 3 44 1 19 6 40 39 5 2 3 46 2 12 22 0 
