0 49 27 20 29 39 3 36 12 45 7 28 24 22 28 11 2 40 46 3 16 12 30 15 9 1 2 22 46 40 30 36 44 48 36 40 35 18 18 26 10 25 33 11 38 28 47 21 40 22 
49 0 18 36 46 40 16 31 17 1 21 26 10 39 41 27 3 4 30 13 19 40 22 35 20 32 14 6 11 26 5 18 5 17 49 5 8 35 45 26 7 35 15 25 44 16 37 36 26 25 
27 18 0 37 48 48 22 44 22 12 49 10 25 24 15 35 44 14 37 39 25 16 40 31 41 35 21 31 6 19 22 13 46 3 5 30 14 46 5 29 11 35 33 21 41 49 34 47 6 16 
20 36 37 0 23 18 10 18 2 33 30 18 30 9 38 48 49 31 19 32 5 30 12 46 10 4 7 49 27 20 36 31 14 3 11 46 34 24 46 42 41 22 21 37 15 2 29 34 35 18 
29 46 48 23 0 2 15 4 29 28 38 9 44 21 3 47 27 19 13 28 17 1 26 39 46 14 23 39 38 10 23 1 29 2 40 12 13 33 34 5 26 34 36 13 28 4 38 2 16 32 
39 40 48 18 2 0 32 39 26 40 29 33 49 31 31 1 25 45 8 11 38 5 24 14 29 31 22 42 31 36 3 28 24 8 20 16 45 34 4 10 39 1 7 2 27 40 23 28 46 23 
3 16 22 10 15 32 0 28 34 48 5 19 40 35 49 27 1 2 49 4 41 24 28 43 36 27 8 13 17 16 10 19 38 44 8 38 46 6 6 29 38 14 13 26 15 4 41 11 16 9 
36 31 44 18 4 39 28 0 27 19 49 28 21 5 14 27 43 3 19 13 12 12 39 5 11 40 4 43 40 4 2 16 46 39 20 17 9 21 34 16 31 11 32 20 15 37 28 47 47 40 
12 17 22 2 29 26 34 27 0 16 4 36 28 21 20 45 30 22 23 41 45 37 25 41 9 1 3 13 34 6 33 13 37 17 41 22 22 1 16 35 39 2 17 23 49 17 29 16 1 41 
45 1 12 33 28 40 48 19 16 0 28 48 45 42 44 16 32 11 42 15 39 29 31 47 45 49 35 9 22 27 39 32 40 27 42 26 27 36 1 1 36 13 2 13 31 33 30 14 6 5 
7 21 49 30 38 29 5 49 4 28 0 10 4 27 1 3 49 41 46 34 2 44 8 39 39 37 36 7 29 5 44 13 19 19 40 10 33 28 32 48 3 36 18 19 45 11 13 3 14 21 
28 26 10 18 9 33 19 28 36 48 10 0 21 49 6 46 6 34 11 5 25 46 44 10 36 26 28 33 31 20 41 4 9 15 38 47 29 11 13 11 49 48 45 17 7 49 36 30 18 20 
24 10 25 30 44 49 40 21 28 45 4 21 0 40 24 1 24 45 13 7 49 43 30 27 47 1 36 28 2 40 7 15 35 28 42 29 18 3 15 41 28 14 8 39 43 27 29 19 15 26 
22 39 24 9 21 31 35 5 21 42 27 49 40 0 28 5 48 3 8 35 44 32 11 31 32 27 16 47 26 13 40 45 35 15 45 32 4 4 49 7 22 39 18 34 21 10 19 35 8 15 
28 41 15 38 3 31 49 14 20 44 1 6 24 28 0 23 47 22 22 18 41 46 6 44 36 28 18 29 19 43 30 16 30 28 21 25 36 30 16 42 31 45 25 23 1 13 43 26 41 43 
11 27 35 48 47 1 27 27 45 16 3 46 1 5 23 0 30 30 21 7 15 19 30 48 23 26 45 7 14 23 1 4 2 39 1 31 9 33 20 8 18 34 5 11 17 16 43 17 6 38 
2 3 44 49 27 25 1 43 30 32 49 6 24 48 47 30 0 4 35 29 49 17 7 44 46 44 7 4 21 44 7 8 40 26 32 33 12 7 39 43 37 29 42 44 10 14 42 44 20 11 
40 4 14 31 19 45 2 3 22 11 41 34 45 3 22 30 4 0 1 25 40 18 7 15 36 7 16 2 49 25 21 48 7 38 26 13 41 14 6 9 5 16 5 41 41 8 14 12 30 43 
46 30 37 19 13 8 49 19 23 42 46 11 13 8 22 21 35 1 0 15 28 1 4 44 28 10 39 33 9 15 28 41 41 2 16 43 36 47 4 48 45 37 6 47 25 28 45 1 35 46 
3 13 39 32 28 11 4 13 41 15 34 5 7 35 18 7 29 25 15 0 36 41 10 38 10 16 37 8 49 10 20 31 22 12 10 3 18 9 7 44 23 21 45 23 13 29 3 42 5 12 
16 19 25 5 17 38 41 12 45 39 2 25 49 44 41 15 49 40 28 36 0 22 18 35 21 28 41 34 1 33 49 32 49 20 16 20 12 24 46 11 30 18 23 42 28 13 15 9 37 32 
12 40 16 30 1 5 24 12 37 29 44 46 43 32 46 19 17 18 1 41 22 0 43 6 17 49 29 36 20 6 45 8 40 36 28 37 30 24 45 42 9 47 23 38 6 15 46 17 32 3 
30 22 40 12 26 24 28 39 25 31 8 44 30 11 6 30 7 7 4 10 18 43 0 11 19 2 15 44 46 4 26 41 33 10 7 46 22 22 26 34 4 39 5 44 27 42 36 32 33 28 
15 35 31 46 39 14 43 5 41 47 39 10 27 31 44 48 44 15 44 38 35 6 11 0 20 31 45 17 1 2 25 35 3 20 46 32 18 6 49 42 36 46 36 7 14 13 28 37 16 11 
9 20 41 10 46 29 36 11 9 45 39 36 47 32 36 23 46 36 28 10 21 17 19 20 0 28 7 20 37 21 37 1 43 44 14 25 36 48 13 13 46 2 48 7 7 49 7 31 40 12 
1 32 35 4 14 31 27 40 1 49 37 26 1 27 28 26 44 7 10 16 28 49 2 31 28 0 6 10 38 23 27 26 11 17 1 2 8 20 11 48 36 35 8 34 44 3 29 10 31 3 
2 14 21 7 23 22 8 4 3 35 36 28 36 16 18 45 7 16 39 37 41 29 15 45 7 6 0 1 7 15 35 32 45 9 22 36 40 29 16 16 9 35 20 10 46 18 4 37 40 2 
22 6 31 49 39 42 13 43 13 9 7 33 28 47 29 7 4 2 33 8 34 36 44 17 20 10 1 0 30 41 2 12 21 46 36 29 33 20 7 32 15 18 33 16 2 22 47 12 3 24 
46 11 6 27 38 31 17 40 34 22 29 31 2 26 19 14 21 49 9 49 1 20 46 1 37 38 7 30 0 18 5 7 7 21 33 7 41 23 30 13 1 18 28 15 26 31 3 30 21 21 
40 26 19 20 10 36 16 4 6 27 5 20 40 13 43 23 44 25 15 10 33 6 4 2 21 23 15 41 18 0 35 25 15 24 23 14 3 30 15 6 23 24 5 16 19 30 38 42 36 28 
30 5 22 36 23 3 10 2 33 39 44 41 7 40 30 1 7 21 28 20 49 45 26 25 37 27 35 2 5 35 0 15 41 32 11 25 35 13 14 32 13 2 34 31 3 38 47 37 38 26 
36 18 13 31 1 28 19 16 13 32 13 4 15 45 16 4 8 48 41 31 32 8 41 35 1 26 32 12 7 25 15 0 32 46 10 11 5 12 28 24 32 40 39 44 38 34 49 35 25 41 
44 5 46 14 29 24 38 46 37 40 19 9 35 35 30 2 40 7 41 22 49 40 33 3 43 11 45 21 7 15 41 32 0 40 39 11 46 27 42 40 29 13 49 32 31 30 6 36 30 37 
48 17 3 3 2 8 44 39 17 27 19 15 28 15 28 39 26 38 2 12 20 36 10 20 44 17 9 46 21 24 32 46 40 0 22 2 20 34 5 11 41 45 47 8 29 44 41 28 22 43 
36 49 5 11 40 20 8 20 41 42 40 38 42 45 21 1 32 26 16 10 16 28 7 46 14 1 22 36 33 23 11 10 39 22 0 10 11 22 32 48 33 37 42 38 17 42 47 35 13 10 
40 5 30 46 12 16 38 17 22 26 10 47 29 32 25 31 33 13 43 3 20 37 46 32 25 2 36 29 7 14 25 11 11 2 10 0 15 23 48 42 27 6 10 24 46 39 12 46 15 4 
35 8 14 34 13 45 46 9 22 27 33 29 18 4 36 9 12 41 36 18 12 30 22 18 36 8 40 33 41 3 35 5 46 20 11 15 0 39 14 23 8 44 39 31 38 37 30 4 6 26 
18 35 46 24 33 34 6 21 1 36 28 11 3 4 30 33 7 14 47 9 24 24 22 6 48 20 29 20 23 30 13 12 27 34 22 23 39 0 6 3 18 32 37 47 35 47 28 1 8 19 
18 45 5 46 34 4 6 34 16 1 32 13 15 49 16 20 39 6 4 7 46 45 26 49 13 11 16 7 30 15 14 28 42 5 32 48 14 6 0 35 25 42 46 42 9 8 33 20 15 20 
26 26 29 42 5 10 29 16 35 1 48 11 41 7 42 8 43 9 48 44 11 42 34 42 13 48 16 32 13 6 32 24 40 11 48 42 23 3 35 0 15 40 11 48 45 14 42 12 18 23 
10 7 11 41 26 39 38 31 39 36 3 49 28 22 31 18 37 5 45 23 30 9 4 36 46 36 9 15 1 23 13 32 29 41 33 27 8 18 25 15 0 19 41 41 15 14 19 49 25 4 
25 35 35 22 34 1 14 11 2 13 36 48 14 39 45 34 29 16 37 21 18 47 39 46 2 35 35 18 18 24 2 40 13 45 37 6 44 32 42 40 19 0 36 34 47 27 27 2 10 5 
33 15 33 21 36 7 13 32 17 2 18 45 8 18 25 5 42 5 6 45 23 23 5 36 48 8 20 33 28 5 34 39 49 47 42 10 39 37 46 11 41 36 0 7 41 26 25 21 48 18 
11 25 21 37 13 2 26 20 23 13 19 17 39 34 23 11 44 41 47 23 42 38 44 7 7 34 10 16 15 16 31 44 32 8 38 24 31 47 42 48 41 34 7 0 42 32 3 34 18 35 
38 44 41 15 28 27 15 15 49 31 45 7 43 21 1 17 10 41 25 13 28 6 27 14 7 44 46 2 26 19 3 38 31 29 17 46 38 35 9 45 15 47 41 42 0 39 22 18 10 22 
28 16 49 2 4 40 4 37 17 33 11 49 27 10 13 16 14 8 28 29 13 15 42 13 49 3 18 22 31 30 38 34 30 44 42 39 37 47 8 14 14 27 26 32 39 0 35 42 3 6 
47 37 34 29 38 23 41 28 29 30 13 36 29 19 43 43 42 14 45 3 15 46 36 28 7 29 4 47 3 38 47 49 6 41 47 12 30 28 33 42 19 27 25 3 22 35 0 39 17 32 
21 36 47 34 2 28 11 47 16 14 3 30 19 35 26 17 44 12 1 42 9 17 32 37 31 10 37 12 30 42 37 35 36 28 35 46 4 1 20 12 49 2 21 34 18 42 39 0 18 49 
40 26 6 35 16 46 16 47 1 6 14 18 15 8 41 6 20 30 35 5 37 32 33 16 40 31 40 3 21 36 38 25 30 22 13 15 6 8 15 18 25 10 48 18 10 3 17 18 0 47 
22 25 16 18 32 23 9 40 41 5 21 20 26 15 43 38 11 43 46 12 32 3 28 11 12 3 2 24 21 28 26 41 37 43 10 4 26 19 20 23 4 5 18 35 22 6 32 49 47 0 
