0 8 8 44 43 5 30 23 23 41 7 16 38 43 4 22 16 37 15 18 47 23 17 39 42 17 43 48 48 15 48 42 4 16 47 49 36 26 7 35 14 26 10 28 20 49 1 35 32 49 
8 0 4 19 29 49 42 27 42 40 10 43 44 11 49 36 44 20 44 12 10 40 22 20 32 9 13 13 19 13 40 22 3 17 16 11 23 47 16 39 40 10 32 18 41 8 18 49 40 4 
8 4 0 8 23 2 25 14 23 10 34 4 30 5 45 43 7 42 8 8 35 8 23 1 41 5 3 16 5 36 27 23 42 24 40 1 23 40 7 37 45 47 37 21 40 4 24 30 3 41 
44 19 8 0 23 4 41 3 18 49 25 26 19 34 36 45 6 44 7 9 5 3 1 14 43 21 27 46 23 4 20 31 6 6 19 28 31 13 42 8 22 47 15 5 2 42 19 19 3 28 
43 29 23 23 0 17 2 23 9 28 19 30 9 12 40 38 28 16 16 6 19 41 46 33 27 49 27 9 23 40 25 34 46 6 33 22 27 15 10 46 9 21 1 42 29 41 1 45 1 8 
5 49 2 4 17 0 25 29 12 28 23 8 14 48 4 7 5 16 48 2 31 18 29 38 48 29 49 27 23 23 38 43 45 42 35 19 5 17 29 14 20 2 2 48 15 39 19 16 26 17 
30 42 25 41 2 25 0 25 11 14 9 35 47 49 49 4 33 10 32 33 15 25 41 32 25 6 49 4 48 9 25 43 8 5 34 17 18 43 8 42 16 19 39 30 2 8 49 22 3 15 
23 27 14 3 23 29 25 0 40 24 17 49 18 12 33 41 11 23 42 37 29 14 11 21 36 9 4 10 41 29 18 35 28 10 28 37 44 30 37 10 8 7 13 12 18 4 33 45 29 12 
23 42 23 18 9 12 11 40 0 16 23 17 49 34 41 17 4 37 26 3 33 13 37 41 11 28 36 38 15 13 39 33 15 30 46 25 32 21 8 4 10 48 10 24 3 23 45 6 32 18 
41 40 10 49 28 28 14 24 16 0 37 18 5 43 1 35 7 36 13 45 32 37 7 48 36 3 31 3 20 43 3 24 34 33 48 22 3 8 21 5 48 13 8 44 10 33 28 33 31 8 
7 10 34 25 19 23 9 17 23 37 0 20 37 20 35 37 2 6 42 18 39 14 36 14 16 43 45 34 1 17 33 44 31 6 38 16 33 45 26 10 22 20 16 19 17 39 13 3 32 43 
16 43 4 26 30 8 35 49 17 18 20 0 2 24 35 36 45 29 23 34 24 29 46 4 6 11 16 9 44 8 11 6 24 16 44 28 49 43 33 35 44 18 41 11 12 34 18 23 8 17 
38 44 30 19 9 14 47 18 49 5 37 2 0 7 41 14 26 15 42 34 24 5 44 14 20 15 27 22 49 20 6 16 9 40 3 29 47 10 18 5 5 20 4 45 21 13 44 16 37 22 
43 11 5 34 12 48 49 12 34 43 20 24 7 0 6 5 33 7 21 24 36 43 43 1 23 16 21 33 5 15 4 45 40 2 27 12 37 8 36 14 22 41 21 15 2 34 16 11 11 9 
4 49 45 36 40 4 49 33 41 1 35 35 41 6 0 30 43 15 21 18 4 34 27 27 39 49 17 47 26 37 2 9 33 40 27 20 33 7 27 31 17 39 12 18 13 16 41 16 38 48 
22 36 43 45 38 7 4 41 17 35 37 36 14 5 30 0 12 15 35 17 28 38 41 2 24 49 25 32 44 13 38 22 18 41 15 13 33 3 48 12 24 32 14 48 40 35 39 3 40 32 
16 44 7 6 28 5 33 11 4 7 2 45 26 33 43 12 0 27 1 7 18 20 41 33 2 27 41 11 4 34 19 42 28 21 13 25 6 40 24 48 46 33 31 35 49 5 40 36 27 12 
37 20 42 44 16 16 10 23 37 36 6 29 15 7 15 15 27 0 43 43 5 49 25 26 45 47 33 8 32 23 13 7 2 8 29 37 48 47 6 5 10 19 16 21 26 6 4 16 28 16 
15 44 8 7 16 48 32 42 26 13 42 23 42 21 21 35 1 43 0 22 11 35 27 14 2 46 34 32 10 28 42 13 23 35 8 9 14 17 14 2 36 39 14 30 7 9 40 32 42 25 
18 12 8 9 6 2 33 37 3 45 18 34 34 24 18 17 7 43 22 0 4 27 5 11 12 37 21 25 8 41 39 43 20 4 6 41 4 35 37 9 37 16 39 7 8 37 18 15 44 41 
47 10 35 5 19 31 15 29 33 32 39 24 24 36 4 28 18 5 11 4 0 27 19 32 49 43 2 8 24 39 2 31 15 12 5 41 11 36 25 8 41 28 45 43 46 30 44 4 19 36 
23 40 8 3 41 18 25 14 13 37 14 29 5 43 34 38 20 49 35 27 27 0 49 7 32 35 37 19 4 22 40 25 12 29 13 38 11 41 11 36 4 20 46 45 7 37 41 29 6 7 
17 22 23 1 46 29 41 11 37 7 36 46 44 43 27 41 41 25 27 5 19 49 0 35 7 25 25 5 14 18 39 37 21 4 39 41 26 38 8 30 3 9 5 36 41 23 28 7 41 41 
39 20 1 14 33 38 32 21 41 48 14 4 14 1 27 2 33 26 14 11 32 7 35 0 41 44 2 17 30 32 27 7 12 20 40 8 41 10 45 23 40 24 32 33 36 35 5 42 24 29 
42 32 41 43 27 48 25 36 11 36 16 6 20 23 39 24 2 45 2 12 49 32 7 41 0 9 36 35 40 14 23 9 12 46 17 6 25 40 26 18 40 8 21 15 28 44 22 17 2 15 
17 9 5 21 49 29 6 9 28 3 43 11 15 16 49 49 27 47 46 37 43 35 25 44 9 0 15 16 18 24 1 41 17 8 49 46 8 28 39 45 12 27 44 8 12 39 19 12 43 18 
43 13 3 27 27 49 49 4 36 31 45 16 27 21 17 25 41 33 34 21 2 37 25 2 36 15 0 31 35 48 42 21 40 31 12 45 48 28 36 9 24 15 16 10 18 40 13 11 5 29 
48 13 16 46 9 27 4 10 38 3 34 9 22 33 47 32 11 8 32 25 8 19 5 17 35 16 31 0 11 12 36 11 38 47 36 10 44 14 9 24 46 29 26 48 6 46 40 23 27 33 
48 19 5 23 23 23 48 41 15 20 1 44 49 5 26 44 4 32 10 8 24 4 14 30 40 18 35 11 0 28 23 25 48 1 39 27 16 4 20 13 21 16 17 25 13 17 26 3 37 33 
15 13 36 4 40 23 9 29 13 43 17 8 20 15 37 13 34 23 28 41 39 22 18 32 14 24 48 12 28 0 19 7 6 16 32 37 4 19 28 49 36 14 32 15 30 39 37 43 8 25 
48 40 27 20 25 38 25 18 39 3 33 11 6 4 2 38 19 13 42 39 2 40 39 27 23 1 42 36 23 19 0 13 35 49 20 12 39 35 23 34 42 23 35 6 37 3 21 1 31 47 
42 22 23 31 34 43 43 35 33 24 44 6 16 45 9 22 42 7 13 43 31 25 37 7 9 41 21 11 25 7 13 0 46 25 47 21 12 29 13 18 49 20 7 11 16 21 2 48 13 26 
4 3 42 6 46 45 8 28 15 34 31 24 9 40 33 18 28 2 23 20 15 12 21 12 12 17 40 38 48 6 35 46 0 49 20 24 33 1 4 10 34 5 14 37 27 36 39 29 48 44 
16 17 24 6 6 42 5 10 30 33 6 16 40 2 40 41 21 8 35 4 12 29 4 20 46 8 31 47 1 16 49 25 49 0 22 8 41 21 27 47 23 44 11 13 3 7 23 44 19 31 
47 16 40 19 33 35 34 28 46 48 38 44 3 27 27 15 13 29 8 6 5 13 39 40 17 49 12 36 39 32 20 47 20 22 0 49 25 46 6 45 27 18 34 28 27 49 45 23 13 20 
49 11 1 28 22 19 17 37 25 22 16 28 29 12 20 13 25 37 9 41 41 38 41 8 6 46 45 10 27 37 12 21 24 8 49 0 48 17 22 22 31 46 13 2 23 22 41 3 13 30 
36 23 23 31 27 5 18 44 32 3 33 49 47 37 33 33 6 48 14 4 11 11 26 41 25 8 48 44 16 4 39 12 33 41 25 48 0 44 41 9 29 23 6 21 19 23 10 42 37 17 
26 47 40 13 15 17 43 30 21 8 45 43 10 8 7 3 40 47 17 35 36 41 38 10 40 28 28 14 4 19 35 29 1 21 46 17 44 0 43 3 1 12 3 23 28 33 49 40 27 14 
7 16 7 42 10 29 8 37 8 21 26 33 18 36 27 48 24 6 14 37 25 11 8 45 26 39 36 9 20 28 23 13 4 27 6 22 41 43 0 2 9 11 32 8 24 2 11 24 49 17 
35 39 37 8 46 14 42 10 4 5 10 35 5 14 31 12 48 5 2 9 8 36 30 23 18 45 9 24 13 49 34 18 10 47 45 22 9 3 2 0 21 38 31 11 22 26 23 45 9 32 
14 40 45 22 9 20 16 8 10 48 22 44 5 22 17 24 46 10 36 37 41 4 3 40 40 12 24 46 21 36 42 49 34 23 27 31 29 1 9 21 0 16 15 48 43 20 45 42 2 34 
26 10 47 47 21 2 19 7 48 13 20 18 20 41 39 32 33 19 39 16 28 20 9 24 8 27 15 29 16 14 23 20 5 44 18 46 23 12 11 38 16 0 37 29 4 7 36 37 33 4 
10 32 37 15 1 2 39 13 10 8 16 41 4 21 12 14 31 16 14 39 45 46 5 32 21 44 16 26 17 32 35 7 14 11 34 13 6 3 32 31 15 37 0 41 32 6 15 33 21 24 
28 18 21 5 42 48 30 12 24 44 19 11 45 15 18 48 35 21 30 7 43 45 36 33 15 8 10 48 25 15 6 11 37 13 28 2 21 23 8 11 48 29 41 0 14 21 33 19 26 40 
20 41 40 2 29 15 2 18 3 10 17 12 21 2 13 40 49 26 7 8 46 7 41 36 28 12 18 6 13 30 37 16 27 3 27 23 19 28 24 22 43 4 32 14 0 43 16 45 43 20 
49 8 4 42 41 39 8 4 23 33 39 34 13 34 16 35 5 6 9 37 30 37 23 35 44 39 40 46 17 39 3 21 36 7 49 22 23 33 2 26 20 7 6 21 43 0 29 25 37 36 
1 18 24 19 1 19 49 33 45 28 13 18 44 16 41 39 40 4 40 18 44 41 28 5 22 19 13 40 26 37 21 2 39 23 45 41 10 49 11 23 45 36 15 33 16 29 0 9 17 27 
35 49 30 19 45 16 22 45 6 33 3 23 16 11 16 3 36 16 32 15 4 29 7 42 17 12 11 23 3 43 1 48 29 44 23 3 42 40 24 45 42 37 33 19 45 25 9 0 2 40 
32 40 3 3 1 26 3 29 32 31 32 8 37 11 38 40 27 28 42 44 19 6 41 24 2 43 5 27 37 8 31 13 48 19 13 13 37 27 49 9 2 33 21 26 43 37 17 2 0 16 
49 4 41 28 8 17 15 12 18 8 43 17 22 9 48 32 12 16 25 41 36 7 41 29 15 18 29 33 33 25 47 26 44 31 20 30 17 14 17 32 34 4 24 40 20 36 27 40 16 0 
