0 32 21 38 39 41 49 20 28 23 26 2 40 17 42 18 23 25 13 8 20 7 29 34 4 9 40 3 19 30 18 10 5 4 5 10 6 21 45 5 32 45 38 18 39 10 10 33 48 11 
32 0 46 13 31 46 11 5 7 46 21 19 4 18 46 9 23 23 14 17 42 29 20 1 20 5 21 29 3 14 35 12 16 33 2 42 13 12 12 40 1 27 3 28 43 41 7 4 37 2 
21 46 0 35 16 9 8 46 12 8 45 26 39 47 4 29 5 3 10 36 35 43 13 5 8 48 31 32 14 45 19 12 15 32 49 14 1 35 7 2 45 48 1 44 39 13 13 34 18 8 
38 13 35 0 28 38 44 42 37 35 46 24 14 23 9 22 1 33 34 15 10 27 37 10 6 46 27 13 10 19 3 18 12 40 43 8 24 18 37 22 27 46 14 49 22 44 7 13 45 22 
39 31 16 28 0 8 43 7 47 19 9 43 17 18 1 35 18 35 8 6 48 34 29 12 5 14 2 8 4 28 30 14 49 3 36 14 25 9 32 10 27 37 25 30 31 31 12 39 30 9 
41 46 9 38 8 0 46 6 38 16 6 18 32 28 12 1 24 32 41 1 34 47 49 13 13 19 11 17 2 25 22 41 13 11 47 23 13 41 3 42 41 32 13 3 31 7 35 14 36 11 
49 11 8 44 43 46 0 43 8 8 46 39 20 37 4 43 5 40 49 41 47 13 9 17 49 31 36 47 46 9 26 7 26 18 1 24 8 19 7 41 25 6 8 19 29 34 22 3 46 33 
20 5 46 42 7 6 43 0 4 15 43 6 22 32 20 41 38 16 19 42 39 34 23 19 21 47 3 36 34 9 41 1 22 27 6 20 4 43 37 8 32 26 17 17 43 40 32 11 25 47 
28 7 12 37 47 38 8 4 0 16 47 14 39 37 36 31 28 41 46 4 44 5 40 3 33 41 45 2 15 26 43 39 6 39 32 1 9 30 45 30 28 41 29 30 1 43 22 28 17 33 
23 46 8 35 19 16 8 15 16 0 10 42 40 11 29 23 11 8 45 40 2 19 7 17 30 38 27 16 48 30 47 19 35 2 43 25 39 22 25 28 31 4 3 8 6 30 15 26 9 48 
26 21 45 46 9 6 46 43 47 10 0 4 19 34 10 6 36 11 13 21 25 14 41 33 4 42 43 38 43 40 20 34 27 41 27 15 48 43 40 44 25 35 31 20 49 7 36 28 25 33 
2 19 26 24 43 18 39 6 14 42 4 0 34 39 32 13 13 10 23 45 40 7 49 11 20 15 18 16 23 1 34 48 34 15 26 26 12 9 20 2 33 27 30 15 3 43 14 13 45 17 
40 4 39 14 17 32 20 22 39 40 19 34 0 43 6 18 16 37 38 9 3 8 33 12 37 9 19 23 22 48 24 17 38 11 30 38 13 22 24 40 17 9 12 31 23 37 47 35 28 28 
17 18 47 23 18 28 37 32 37 11 34 39 43 0 41 18 34 7 38 14 6 43 1 2 10 41 37 25 17 44 36 18 32 30 44 47 33 48 41 43 49 20 46 15 22 6 38 46 9 32 
42 46 4 9 1 12 4 20 36 29 10 32 6 41 0 40 20 35 30 42 40 29 23 41 10 15 7 36 1 22 22 12 31 30 21 24 30 12 40 23 43 8 30 27 27 49 18 14 13 20 
18 9 29 22 35 1 43 41 31 23 6 13 18 18 40 0 9 13 3 42 26 34 39 37 10 14 40 41 31 41 17 42 9 10 37 32 3 14 33 7 10 9 13 17 14 8 31 37 21 21 
23 23 5 1 18 24 5 38 28 11 36 13 16 34 20 9 0 36 35 2 40 6 16 38 12 15 5 27 18 24 33 12 22 20 44 26 43 22 20 28 10 36 47 10 47 1 45 18 34 31 
25 23 3 33 35 32 40 16 41 8 11 10 37 7 35 13 36 0 32 23 42 30 4 32 27 22 5 22 14 19 43 4 36 23 18 23 6 25 42 22 28 36 11 24 4 14 43 37 38 25 
13 14 10 34 8 41 49 19 46 45 13 23 38 38 30 3 35 32 0 34 6 20 6 34 21 10 29 31 13 1 47 24 20 13 8 48 6 20 5 23 40 44 13 20 49 42 25 7 11 1 
8 17 36 15 6 1 41 42 4 40 21 45 9 14 42 42 2 23 34 0 6 35 6 44 32 21 4 10 6 35 30 45 28 25 37 23 35 12 19 18 5 3 41 5 22 11 29 49 29 13 
20 42 35 10 48 34 47 39 44 2 25 40 3 6 40 26 40 42 6 6 0 13 26 47 47 35 41 39 35 11 9 11 44 36 14 7 44 7 1 35 31 18 37 47 35 8 29 16 44 13 
7 29 43 27 34 47 13 34 5 19 14 7 8 43 29 34 6 30 20 35 13 0 16 18 24 30 38 29 20 25 23 11 29 26 21 1 45 21 41 10 47 28 22 3 5 8 38 37 5 40 
29 20 13 37 29 49 9 23 40 7 41 49 33 1 23 39 16 4 6 6 26 16 0 34 43 44 13 48 19 43 49 5 39 44 34 18 10 35 49 44 20 47 25 20 16 32 37 12 42 2 
34 1 5 10 12 13 17 19 3 17 33 11 12 2 41 37 38 32 34 44 47 18 34 0 34 42 46 20 20 36 49 9 32 47 24 4 38 47 17 44 16 42 37 17 38 9 11 28 11 47 
4 20 8 6 5 13 49 21 33 30 4 20 37 10 10 10 12 27 21 32 47 24 43 34 0 7 23 11 43 14 13 14 28 30 14 11 20 14 23 40 35 5 24 16 1 42 48 30 37 4 
9 5 48 46 14 19 31 47 41 38 42 15 9 41 15 14 15 22 10 21 35 30 44 42 7 0 46 42 40 25 4 10 9 11 41 48 27 29 3 2 10 44 5 17 42 8 40 47 39 5 
40 21 31 27 2 11 36 3 45 27 43 18 19 37 7 40 5 5 29 4 41 38 13 46 23 46 0 14 34 14 15 4 14 22 5 30 42 44 27 45 13 49 43 29 31 48 33 27 11 46 
3 29 32 13 8 17 47 36 2 16 38 16 23 25 36 41 27 22 31 10 39 29 48 20 11 42 14 0 34 24 34 42 47 11 15 28 28 42 44 40 15 18 16 29 12 34 7 31 6 28 
19 3 14 10 4 2 46 34 15 48 43 23 22 17 1 31 18 14 13 6 35 20 19 20 43 40 34 34 0 40 48 43 12 3 36 34 29 38 35 40 5 6 12 21 41 17 4 25 11 47 
30 14 45 19 28 25 9 9 26 30 40 1 48 44 22 41 24 19 1 35 11 25 43 36 14 25 14 24 40 0 8 21 13 39 1 23 4 48 6 20 29 28 47 35 35 15 7 41 13 15 
18 35 19 3 30 22 26 41 43 47 20 34 24 36 22 17 33 43 47 30 9 23 49 49 13 4 15 34 48 8 0 12 23 5 40 19 46 24 24 40 12 34 3 35 5 26 10 23 47 35 
10 12 12 18 14 41 7 1 39 19 34 48 17 18 12 42 12 4 24 45 11 11 5 9 14 10 4 42 43 21 12 0 17 48 22 28 16 25 34 39 40 8 3 33 48 47 7 26 30 27 
5 16 15 12 49 13 26 22 6 35 27 34 38 32 31 9 22 36 20 28 44 29 39 32 28 9 14 47 12 13 23 17 0 7 41 8 14 3 31 37 27 47 44 38 27 2 39 44 38 33 
4 33 32 40 3 11 18 27 39 2 41 15 11 30 30 10 20 23 13 25 36 26 44 47 30 11 22 11 3 39 5 48 7 0 35 23 20 29 6 48 1 10 17 29 10 2 40 12 16 46 
5 2 49 43 36 47 1 6 32 43 27 26 30 44 21 37 44 18 8 37 14 21 34 24 14 41 5 15 36 1 40 22 41 35 0 19 46 31 33 22 38 35 48 7 19 48 22 34 7 5 
10 42 14 8 14 23 24 20 1 25 15 26 38 47 24 32 26 23 48 23 7 1 18 4 11 48 30 28 34 23 19 28 8 23 19 0 45 36 45 40 3 7 26 8 25 9 35 35 21 37 
6 13 1 24 25 13 8 4 9 39 48 12 13 33 30 3 43 6 6 35 44 45 10 38 20 27 42 28 29 4 46 16 14 20 46 45 0 46 23 47 20 47 39 13 39 22 5 40 38 25 
21 12 35 18 9 41 19 43 30 22 43 9 22 48 12 14 22 25 20 12 7 21 35 47 14 29 44 42 38 48 24 25 3 29 31 36 46 0 30 17 47 5 3 48 9 45 45 3 25 18 
45 12 7 37 32 3 7 37 45 25 40 20 24 41 40 33 20 42 5 19 1 41 49 17 23 3 27 44 35 6 24 34 31 6 33 45 23 30 0 2 35 21 12 41 2 39 13 49 3 10 
5 40 2 22 10 42 41 8 30 28 44 2 40 43 23 7 28 22 23 18 35 10 44 44 40 2 45 40 40 20 40 39 37 48 22 40 47 17 2 0 11 20 32 33 1 8 25 23 29 24 
32 1 45 27 27 41 25 32 28 31 25 33 17 49 43 10 10 28 40 5 31 47 20 16 35 10 13 15 5 29 12 40 27 1 38 3 20 47 35 11 0 10 41 26 47 37 28 12 3 3 
45 27 48 46 37 32 6 26 41 4 35 27 9 20 8 9 36 36 44 3 18 28 47 42 5 44 49 18 6 28 34 8 47 10 35 7 47 5 21 20 10 0 47 15 34 44 18 41 45 36 
38 3 1 14 25 13 8 17 29 3 31 30 12 46 30 13 47 11 13 41 37 22 25 37 24 5 43 16 12 47 3 3 44 17 48 26 39 3 12 32 41 47 0 34 13 32 26 48 37 42 
18 28 44 49 30 3 19 17 30 8 20 15 31 15 27 17 10 24 20 5 47 3 20 17 16 17 29 29 21 35 35 33 38 29 7 8 13 48 41 33 26 15 34 0 39 19 25 22 14 10 
39 43 39 22 31 31 29 43 1 6 49 3 23 22 27 14 47 4 49 22 35 5 16 38 1 42 31 12 41 35 5 48 27 10 19 25 39 9 2 1 47 34 13 39 0 34 45 46 8 47 
10 41 13 44 31 7 34 40 43 30 7 43 37 6 49 8 1 14 42 11 8 8 32 9 42 8 48 34 17 15 26 47 2 2 48 9 22 45 39 8 37 44 32 19 34 0 32 35 15 33 
10 7 13 7 12 35 22 32 22 15 36 14 47 38 18 31 45 43 25 29 29 38 37 11 48 40 33 7 4 7 10 7 39 40 22 35 5 45 13 25 28 18 26 25 45 32 0 12 11 47 
33 4 34 13 39 14 3 11 28 26 28 13 35 46 14 37 18 37 7 49 16 37 12 28 30 47 27 31 25 41 23 26 44 12 34 35 40 3 49 23 12 41 48 22 46 35 12 0 49 32 
48 37 18 45 30 36 46 25 17 9 25 45 28 9 13 21 34 38 11 29 44 5 42 11 37 39 11 6 11 13 47 30 38 16 7 21 38 25 3 29 3 45 37 14 8 15 11 49 0 45 
11 2 8 22 9 11 33 47 33 48 33 17 28 32 20 21 31 25 1 13 13 40 2 47 4 5 46 28 47 15 35 27 33 46 5 37 25 18 10 24 3 36 42 10 47 33 47 32 45 0 
