0 16 42 25 22 28 42 25 17 18 41 10 22 21 48 13 42 6 5 30 7 43 16 13 19 41 35 16 23 46 42 37 46 28 7 19 24 5 41 43 42 43 48 4 28 5 7 43 23 25 
16 0 43 36 23 13 40 10 7 49 11 43 26 36 40 32 2 8 3 48 25 14 4 24 22 26 9 44 37 12 35 9 41 16 31 20 33 45 34 9 41 15 9 46 40 34 42 22 49 37 
42 43 0 23 25 10 30 29 32 8 22 38 47 33 6 40 27 5 16 35 28 5 6 29 25 16 21 49 20 40 21 30 38 14 7 7 31 4 38 37 49 20 30 43 40 13 11 47 6 34 
25 36 23 0 24 23 19 30 11 21 1 10 1 43 15 22 20 7 2 12 48 44 36 38 33 38 1 12 11 38 23 24 38 6 26 6 44 4 11 35 13 47 35 28 7 6 19 8 35 28 
22 23 25 24 0 34 48 30 6 10 12 21 3 27 45 45 3 28 32 13 24 37 15 16 37 6 33 4 27 8 39 45 11 10 6 10 9 5 20 18 14 3 25 7 10 13 40 24 28 18 
28 13 10 23 34 0 48 33 19 8 18 5 8 9 34 39 21 47 10 26 25 25 44 46 10 24 31 24 41 24 15 42 30 20 20 1 21 26 24 47 42 17 34 15 15 21 5 46 22 22 
42 40 30 19 48 48 0 48 15 11 38 14 10 35 10 28 43 49 16 31 30 17 25 45 15 38 21 36 13 28 35 48 2 11 1 39 32 13 5 34 32 45 20 34 48 37 10 27 5 42 
25 10 29 30 30 33 48 0 40 17 25 4 14 42 42 30 23 42 23 29 33 26 45 16 6 31 45 44 43 1 34 46 8 25 46 37 11 46 41 11 12 16 9 47 26 26 9 37 19 30 
17 7 32 11 6 19 15 40 0 36 27 25 37 46 10 30 18 29 49 25 32 35 30 12 35 5 9 17 9 6 6 2 32 3 12 47 26 11 14 3 12 2 9 20 23 40 48 3 41 5 
18 49 8 21 10 8 11 17 36 0 21 9 8 8 35 23 47 4 3 37 3 47 39 9 28 38 23 48 21 30 42 47 22 21 4 2 21 14 28 2 10 18 11 23 44 31 47 42 1 16 
41 11 22 1 12 18 38 25 27 21 0 26 11 35 46 39 20 20 35 12 29 41 2 43 23 40 18 40 18 26 41 47 47 41 44 12 38 32 27 42 7 45 10 19 40 3 12 18 10 16 
10 43 38 10 21 5 14 4 25 9 26 0 30 4 22 31 10 31 11 27 1 37 5 45 6 5 32 43 7 26 20 18 19 9 37 7 49 30 46 11 18 11 31 37 25 49 38 10 44 11 
22 26 47 1 3 8 10 14 37 8 11 30 0 33 24 41 12 5 29 36 2 25 23 36 3 37 47 31 7 37 45 16 37 25 44 11 17 47 26 42 36 8 12 17 32 4 12 12 43 1 
21 36 33 43 27 9 35 42 46 8 35 4 33 0 16 5 31 39 23 35 47 28 20 20 6 17 8 6 45 7 46 32 24 15 28 49 42 1 45 1 20 10 7 5 23 34 10 47 21 6 
48 40 6 15 45 34 10 42 10 35 46 22 24 16 0 5 15 38 35 5 13 15 34 27 6 3 33 4 27 7 38 46 34 33 26 7 46 29 25 21 29 31 23 22 17 14 27 38 26 33 
13 32 40 22 45 39 28 30 30 23 39 31 41 5 5 0 47 10 45 9 2 8 17 9 48 6 5 45 3 19 46 6 19 28 20 3 42 12 42 1 13 22 12 32 24 31 46 23 33 18 
42 2 27 20 3 21 43 23 18 47 20 10 12 31 15 47 0 28 26 22 44 49 6 7 46 9 46 2 16 25 42 8 35 49 4 1 8 16 30 11 17 18 25 26 49 21 9 23 2 16 
6 8 5 7 28 47 49 42 29 4 20 31 5 39 38 10 28 0 6 7 17 47 9 4 22 12 34 26 48 25 48 49 48 38 25 22 34 16 42 7 24 37 41 32 17 25 49 33 11 39 
5 3 16 2 32 10 16 23 49 3 35 11 29 23 35 45 26 6 0 8 26 43 31 13 2 6 29 49 1 6 5 2 37 32 14 33 33 26 2 3 49 23 29 15 13 45 25 40 16 14 
30 48 35 12 13 26 31 29 25 37 12 27 36 35 5 9 22 7 8 0 15 13 30 36 38 49 5 48 43 45 22 41 2 47 35 8 21 38 26 11 13 45 27 25 16 36 35 48 3 3 
7 25 28 48 24 25 30 33 32 3 29 1 2 47 13 2 44 17 26 15 0 24 5 31 37 42 23 30 19 25 31 10 21 27 37 30 45 29 17 33 20 40 32 26 14 43 30 18 11 49 
43 14 5 44 37 25 17 26 35 47 41 37 25 28 15 8 49 47 43 13 24 0 30 30 42 26 25 12 9 9 40 49 31 30 31 32 20 34 15 40 31 32 27 11 39 5 3 26 20 20 
16 4 6 36 15 44 25 45 30 39 2 5 23 20 34 17 6 9 31 30 5 30 0 21 3 14 6 44 40 8 15 41 48 43 21 11 9 13 16 19 16 40 27 4 8 7 8 16 5 11 
13 24 29 38 16 46 45 16 12 9 43 45 36 20 27 9 7 4 13 36 31 30 21 0 49 3 22 20 10 4 16 16 13 26 22 29 30 42 7 26 30 23 45 24 41 6 17 20 4 16 
19 22 25 33 37 10 15 6 35 28 23 6 3 6 6 48 46 22 2 38 37 42 3 49 0 47 26 9 42 39 6 12 45 3 3 35 34 43 17 10 3 35 37 10 47 3 36 23 16 11 
41 26 16 38 6 24 38 31 5 38 40 5 37 17 3 6 9 12 6 49 42 26 14 3 47 0 23 1 7 31 26 5 49 38 14 19 14 12 40 36 11 37 26 18 13 1 25 17 45 32 
35 9 21 1 33 31 21 45 9 23 18 32 47 8 33 5 46 34 29 5 23 25 6 22 26 23 0 2 40 16 19 26 29 10 13 42 38 10 7 19 1 11 37 27 3 32 11 31 3 4 
16 44 49 12 4 24 36 44 17 48 40 43 31 6 4 45 2 26 49 48 30 12 44 20 9 1 2 0 43 24 14 38 41 31 20 29 34 22 10 49 24 43 23 36 17 1 45 26 29 21 
23 37 20 11 27 41 13 43 9 21 18 7 7 45 27 3 16 48 1 43 19 9 40 10 42 7 40 43 0 8 43 3 27 36 23 27 17 33 19 44 4 28 24 44 17 1 14 25 38 4 
46 12 40 38 8 24 28 1 6 30 26 26 37 7 7 19 25 25 6 45 25 9 8 4 39 31 16 24 8 0 33 37 7 30 48 32 16 36 8 21 40 2 38 12 37 9 5 36 7 44 
42 35 21 23 39 15 35 34 6 42 41 20 45 46 38 46 42 48 5 22 31 40 15 16 6 26 19 14 43 33 0 29 8 49 29 38 19 7 39 16 39 37 13 33 2 13 38 38 7 30 
37 9 30 24 45 42 48 46 2 47 47 18 16 32 46 6 8 49 2 41 10 49 41 16 12 5 26 38 3 37 29 0 26 20 10 3 38 1 46 49 13 41 30 2 32 18 36 48 48 26 
46 41 38 38 11 30 2 8 32 22 47 19 37 24 34 19 35 48 37 2 21 31 48 13 45 49 29 41 27 7 8 26 0 46 39 32 38 13 38 17 37 20 35 23 3 17 13 1 36 3 
28 16 14 6 10 20 11 25 3 21 41 9 25 15 33 28 49 38 32 47 27 30 43 26 3 38 10 31 36 30 49 20 46 0 34 15 37 6 25 31 18 8 49 44 15 10 4 5 14 31 
7 31 7 26 6 20 1 46 12 4 44 37 44 28 26 20 4 25 14 35 37 31 21 22 3 14 13 20 23 48 29 10 39 34 0 1 22 30 10 35 36 48 18 8 6 35 6 32 5 44 
19 20 7 6 10 1 39 37 47 2 12 7 11 49 7 3 1 22 33 8 30 32 11 29 35 19 42 29 27 32 38 3 32 15 1 0 3 19 42 37 19 45 24 4 7 13 14 46 31 28 
24 33 31 44 9 21 32 11 26 21 38 49 17 42 46 42 8 34 33 21 45 20 9 30 34 14 38 34 17 16 19 38 38 37 22 3 0 21 36 35 28 30 35 22 12 4 45 46 10 10 
5 45 4 4 5 26 13 46 11 14 32 30 47 1 29 12 16 16 26 38 29 34 13 42 43 12 10 22 33 36 7 1 13 6 30 19 21 0 13 29 32 16 12 37 17 26 30 42 28 36 
41 34 38 11 20 24 5 41 14 28 27 46 26 45 25 42 30 42 2 26 17 15 16 7 17 40 7 10 19 8 39 46 38 25 10 42 36 13 0 6 12 34 9 33 32 14 20 18 37 33 
43 9 37 35 18 47 34 11 3 2 42 11 42 1 21 1 11 7 3 11 33 40 19 26 10 36 19 49 44 21 16 49 17 31 35 37 35 29 6 0 6 30 43 27 22 1 49 1 34 31 
42 41 49 13 14 42 32 12 12 10 7 18 36 20 29 13 17 24 49 13 20 31 16 30 3 11 1 24 4 40 39 13 37 18 36 19 28 32 12 6 0 47 49 34 16 25 48 25 45 10 
43 15 20 47 3 17 45 16 2 18 45 11 8 10 31 22 18 37 23 45 40 32 40 23 35 37 11 43 28 2 37 41 20 8 48 45 30 16 34 30 47 0 18 36 19 49 49 24 13 21 
48 9 30 35 25 34 20 9 9 11 10 31 12 7 23 12 25 41 29 27 32 27 27 45 37 26 37 23 24 38 13 30 35 49 18 24 35 12 9 43 49 18 0 7 42 36 46 24 3 1 
4 46 43 28 7 15 34 47 20 23 19 37 17 5 22 32 26 32 15 25 26 11 4 24 10 18 27 36 44 12 33 2 23 44 8 4 22 37 33 27 34 36 7 0 47 8 49 36 32 1 
28 40 40 7 10 15 48 26 23 44 40 25 32 23 17 24 49 17 13 16 14 39 8 41 47 13 3 17 17 37 2 32 3 15 6 7 12 17 32 22 16 19 42 47 0 45 1 25 25 11 
5 34 13 6 13 21 37 26 40 31 3 49 4 34 14 31 21 25 45 36 43 5 7 6 3 1 32 1 1 9 13 18 17 10 35 13 4 26 14 1 25 49 36 8 45 0 39 19 20 14 
7 42 11 19 40 5 10 9 48 47 12 38 12 10 27 46 9 49 25 35 30 3 8 17 36 25 11 45 14 5 38 36 13 4 6 14 45 30 20 49 48 49 46 49 1 39 0 26 35 37 
43 22 47 8 24 46 27 37 3 42 18 10 12 47 38 23 23 33 40 48 18 26 16 20 23 17 31 26 25 36 38 48 1 5 32 46 46 42 18 1 25 24 24 36 25 19 26 0 43 25 
23 49 6 35 28 22 5 19 41 1 10 44 43 21 26 33 2 11 16 3 11 20 5 4 16 45 3 29 38 7 7 48 36 14 5 31 10 28 37 34 45 13 3 32 25 20 35 43 0 16 
25 37 34 28 18 22 42 30 5 16 16 11 1 6 33 18 16 39 14 3 49 20 11 16 11 32 4 21 4 44 30 26 3 31 44 28 10 36 33 31 10 21 1 1 11 14 37 25 16 0 
