0 16 28 37 26 6 23 20 43 33 26 31 32 19 33 17 33 49 32 3 43 15 1 32 3 14 26 37 13 6 30 36 46 31 45 15 16 13 12 27 17 8 26 6 48 21 22 31 21 20 
16 0 37 19 13 15 6 5 25 48 28 27 26 42 6 38 46 25 11 45 24 37 36 20 41 2 39 30 42 23 3 17 15 19 16 29 4 1 5 9 25 8 28 24 45 24 34 5 5 42 
28 37 0 20 32 11 18 34 8 34 5 12 21 20 31 40 12 1 32 21 38 2 42 5 17 38 7 35 35 9 29 8 45 13 23 31 48 36 44 10 37 2 39 20 11 21 40 22 47 40 
37 19 20 0 5 1 35 27 32 17 16 2 13 47 18 48 31 16 20 39 13 11 14 10 44 18 15 15 2 23 15 45 3 49 47 2 15 14 45 13 6 38 17 29 33 12 11 29 17 16 
26 13 32 5 0 33 4 27 41 22 42 16 35 28 14 21 17 9 31 15 25 1 46 30 33 33 18 45 29 27 31 43 5 35 24 8 31 32 46 8 1 17 40 24 2 35 34 28 26 35 
6 15 11 1 33 0 49 38 20 43 2 43 33 2 30 12 49 28 23 7 9 7 16 23 19 13 43 5 32 4 1 35 24 21 3 47 7 34 6 45 5 27 12 6 5 17 41 27 27 32 
23 6 18 35 4 49 0 32 35 22 16 2 4 22 37 48 25 49 2 10 48 32 16 48 43 27 42 36 44 1 9 19 24 38 8 21 20 42 26 7 13 9 29 35 31 28 38 25 40 7 
20 5 34 27 27 38 32 0 33 23 4 28 31 10 10 13 18 21 27 38 40 31 33 9 13 26 9 20 11 17 23 41 45 1 7 43 37 36 9 26 5 14 25 49 20 46 11 24 44 31 
43 25 8 32 41 20 35 33 0 37 41 4 25 17 3 20 33 13 20 48 34 15 2 46 18 33 34 11 35 36 21 29 40 3 47 11 4 27 6 15 46 29 20 36 49 2 13 8 49 27 
33 48 34 17 22 43 22 23 37 0 20 35 4 7 46 2 39 32 48 48 37 11 48 22 46 46 6 20 5 2 5 21 35 3 26 47 6 35 33 30 10 41 19 16 2 39 40 12 38 17 
26 28 5 16 42 2 16 4 41 20 0 47 20 33 1 1 36 30 5 15 17 26 43 35 6 23 39 28 27 25 30 10 47 7 30 18 26 10 26 21 7 39 21 7 13 13 41 34 28 37 
31 27 12 2 16 43 2 28 4 35 47 0 25 29 3 24 32 38 37 47 24 34 33 37 43 27 10 10 15 9 4 49 36 17 20 47 44 8 14 42 16 16 32 11 6 26 15 12 10 35 
32 26 21 13 35 33 4 31 25 4 20 25 0 23 7 5 22 14 32 15 18 24 16 44 43 17 4 21 27 47 32 17 29 1 5 43 21 25 16 6 44 26 22 13 4 17 41 2 13 6 
19 42 20 47 28 2 22 10 17 7 33 29 23 0 30 17 10 39 41 40 32 1 39 33 33 48 8 17 3 8 44 26 6 27 19 19 28 45 49 44 8 24 19 42 20 37 23 45 18 44 
33 6 31 18 14 30 37 10 3 46 1 3 7 30 0 45 32 16 34 22 21 23 14 1 9 44 11 27 45 15 26 13 1 47 32 46 10 23 7 42 46 48 10 45 17 24 30 12 40 9 
17 38 40 48 21 12 48 13 20 2 1 24 5 17 45 0 30 29 18 28 9 1 34 30 5 2 3 1 21 34 10 1 17 4 40 13 20 1 19 31 23 16 26 21 41 14 29 3 27 35 
33 46 12 31 17 49 25 18 33 39 36 32 22 10 32 30 0 44 14 44 48 31 17 43 36 26 2 18 46 18 12 30 39 49 26 28 4 29 40 48 16 14 36 15 47 25 36 13 10 48 
49 25 1 16 9 28 49 21 13 32 30 38 14 39 16 29 44 0 36 2 41 23 1 29 24 37 34 49 1 19 3 31 46 15 1 28 4 5 22 34 49 48 40 30 29 17 1 10 5 20 
32 11 32 20 31 23 2 27 20 48 5 37 32 41 34 18 14 36 0 2 7 2 37 11 46 15 23 33 31 3 17 14 8 38 8 44 45 25 22 14 12 18 42 14 46 42 11 34 14 18 
3 45 21 39 15 7 10 38 48 48 15 47 15 40 22 28 44 2 2 0 47 10 14 42 13 31 3 7 32 25 29 19 5 24 43 34 43 43 45 24 31 26 41 15 46 13 17 3 42 47 
43 24 38 13 25 9 48 40 34 37 17 24 18 32 21 9 48 41 7 47 0 14 8 26 23 49 23 41 13 47 35 5 47 39 27 7 29 18 32 33 7 30 38 30 29 39 36 30 11 39 
15 37 2 11 1 7 32 31 15 11 26 34 24 1 23 1 31 23 2 10 14 0 24 25 17 8 19 21 32 6 30 6 13 17 38 46 14 5 22 19 37 26 20 14 9 17 4 13 38 17 
1 36 42 14 46 16 16 33 2 48 43 33 16 39 14 34 17 1 37 14 8 24 0 29 10 5 9 8 16 38 26 21 30 14 30 26 22 26 20 11 24 14 42 25 29 44 42 44 39 36 
32 20 5 10 30 23 48 9 46 22 35 37 44 33 1 30 43 29 11 42 26 25 29 0 31 23 2 25 8 15 44 49 29 46 19 34 8 35 5 34 10 47 26 45 41 21 45 35 31 36 
3 41 17 44 33 19 43 13 18 46 6 43 43 33 9 5 36 24 46 13 23 17 10 31 0 23 10 14 34 13 28 21 28 40 27 11 7 32 49 12 34 17 41 26 44 47 3 27 42 14 
14 2 38 18 33 13 27 26 33 46 23 27 17 48 44 2 26 37 15 31 49 8 5 23 23 0 16 19 12 32 22 19 14 17 44 30 11 12 44 46 49 8 14 36 14 35 17 28 30 30 
26 39 7 15 18 43 42 9 34 6 39 10 4 8 11 3 2 34 23 3 23 19 9 2 10 16 0 19 1 46 43 43 5 44 18 14 1 20 41 5 5 46 39 7 25 35 29 13 46 38 
37 30 35 15 45 5 36 20 11 20 28 10 21 17 27 1 18 49 33 7 41 21 8 25 14 19 19 0 22 37 24 3 22 36 16 37 41 21 27 30 7 38 14 43 23 20 17 2 46 16 
13 42 35 2 29 32 44 11 35 5 27 15 27 3 45 21 46 1 31 32 13 32 16 8 34 12 1 22 0 4 20 31 17 30 45 42 44 44 1 31 49 22 3 13 11 23 45 33 26 48 
6 23 9 23 27 4 1 17 36 2 25 9 47 8 15 34 18 19 3 25 47 6 38 15 13 32 46 37 4 0 31 15 5 17 30 7 38 11 23 11 7 13 6 1 41 38 20 4 40 15 
30 3 29 15 31 1 9 23 21 5 30 4 32 44 26 10 12 3 17 29 35 30 26 44 28 22 43 24 20 31 0 11 45 21 2 17 11 11 11 35 21 30 9 16 17 37 5 1 24 41 
36 17 8 45 43 35 19 41 29 21 10 49 17 26 13 1 30 31 14 19 5 6 21 49 21 19 43 3 31 15 11 0 40 13 42 24 37 4 47 31 25 12 32 43 10 9 1 27 43 30 
46 15 45 3 5 24 24 45 40 35 47 36 29 6 1 17 39 46 8 5 47 13 30 29 28 14 5 22 17 5 45 40 0 22 16 25 16 24 42 45 44 31 2 12 28 49 36 28 16 25 
31 19 13 49 35 21 38 1 3 3 7 17 1 27 47 4 49 15 38 24 39 17 14 46 40 17 44 36 30 17 21 13 22 0 3 33 26 32 34 25 33 11 1 7 47 44 11 46 17 26 
45 16 23 47 24 3 8 7 47 26 30 20 5 19 32 40 26 1 8 43 27 38 30 19 27 44 18 16 45 30 2 42 16 3 0 11 40 17 32 29 48 26 3 48 42 28 28 42 24 49 
15 29 31 2 8 47 21 43 11 47 18 47 43 19 46 13 28 28 44 34 7 46 26 34 11 30 14 37 42 7 17 24 25 33 11 0 13 26 10 37 14 43 25 45 7 15 19 26 36 49 
16 4 48 15 31 7 20 37 4 6 26 44 21 28 10 20 4 4 45 43 29 14 22 8 7 11 1 41 44 38 11 37 16 26 40 13 0 27 32 46 28 1 23 29 25 28 33 31 6 32 
13 1 36 14 32 34 42 36 27 35 10 8 25 45 23 1 29 5 25 43 18 5 26 35 32 12 20 21 44 11 11 4 24 32 17 26 27 0 47 15 3 37 7 19 14 38 24 42 19 27 
12 5 44 45 46 6 26 9 6 33 26 14 16 49 7 19 40 22 22 45 32 22 20 5 49 44 41 27 1 23 11 47 42 34 32 10 32 47 0 30 22 4 33 11 12 5 29 14 22 44 
27 9 10 13 8 45 7 26 15 30 21 42 6 44 42 31 48 34 14 24 33 19 11 34 12 46 5 30 31 11 35 31 45 25 29 37 46 15 30 0 5 30 8 5 11 20 38 31 1 11 
17 25 37 6 1 5 13 5 46 10 7 16 44 8 46 23 16 49 12 31 7 37 24 10 34 49 5 7 49 7 21 25 44 33 48 14 28 3 22 5 0 33 16 48 28 23 2 32 49 5 
8 8 2 38 17 27 9 14 29 41 39 16 26 24 48 16 14 48 18 26 30 26 14 47 17 8 46 38 22 13 30 12 31 11 26 43 1 37 4 30 33 0 26 4 10 2 14 40 13 28 
26 28 39 17 40 12 29 25 20 19 21 32 22 19 10 26 36 40 42 41 38 20 42 26 41 14 39 14 3 6 9 32 2 1 3 25 23 7 33 8 16 26 0 44 34 46 11 3 43 13 
6 24 20 29 24 6 35 49 36 16 7 11 13 42 45 21 15 30 14 15 30 14 25 45 26 36 7 43 13 1 16 43 12 7 48 45 29 19 11 5 48 4 44 0 38 19 44 46 31 2 
48 45 11 33 2 5 31 20 49 2 13 6 4 20 17 41 47 29 46 46 29 9 29 41 44 14 25 23 11 41 17 10 28 47 42 7 25 14 12 11 28 10 34 38 0 8 40 21 5 8 
21 24 21 12 35 17 28 46 2 39 13 26 17 37 24 14 25 17 42 13 39 17 44 21 47 35 35 20 23 38 37 9 49 44 28 15 28 38 5 20 23 2 46 19 8 0 23 44 26 45 
22 34 40 11 34 41 38 11 13 40 41 15 41 23 30 29 36 1 11 17 36 4 42 45 3 17 29 17 45 20 5 1 36 11 28 19 33 24 29 38 2 14 11 44 40 23 0 7 24 13 
31 5 22 29 28 27 25 24 8 12 34 12 2 45 12 3 13 10 34 3 30 13 44 35 27 28 13 2 33 4 1 27 28 46 42 26 31 42 14 31 32 40 3 46 21 44 7 0 25 47 
21 5 47 17 26 27 40 44 49 38 28 10 13 18 40 27 10 5 14 42 11 38 39 31 42 30 46 46 26 40 24 43 16 17 24 36 6 19 22 1 49 13 43 31 5 26 24 25 0 28 
20 42 40 16 35 32 7 31 27 17 37 35 6 44 9 35 48 20 18 47 39 17 36 36 14 30 38 16 48 15 41 30 25 26 49 49 32 27 44 11 5 28 13 2 8 45 13 47 28 0 
