0 3 17 4 40 26 33 14 12 29 21 42 28 4 17 7 36 22 36 46 41 18 31 41 42 36 44 27 40 46 25 12 26 20 2 42 34 39 42 16 20 13 38 22 10 48 2 24 39 28 
3 0 24 46 27 22 6 39 20 13 18 16 26 14 17 35 45 32 19 42 21 24 6 38 40 45 39 25 36 8 1 37 16 37 34 47 5 11 12 31 16 3 34 48 22 35 44 23 10 48 
17 24 0 45 15 17 13 38 8 4 22 13 13 37 25 21 46 34 11 25 9 20 12 9 48 33 19 21 35 22 27 36 37 25 46 28 34 48 14 48 23 17 18 8 22 41 11 22 9 37 
4 46 45 0 8 37 31 12 38 43 44 15 6 4 36 4 39 41 37 12 30 5 16 15 19 8 7 21 11 34 37 27 35 6 5 26 12 4 37 39 30 7 38 25 23 44 31 42 36 45 
40 27 15 8 0 48 29 24 19 27 21 40 29 28 38 19 23 34 35 7 11 41 32 10 38 13 35 2 18 15 28 19 48 25 32 48 29 9 22 8 23 24 33 29 3 7 43 5 32 3 
26 22 17 37 48 0 5 35 42 9 37 34 9 40 27 33 30 46 46 5 36 27 45 47 46 12 4 4 28 12 37 47 35 26 36 12 23 17 17 4 1 16 18 25 41 37 26 9 19 28 
33 6 13 31 29 5 0 18 17 43 38 24 2 11 1 27 10 46 27 5 49 10 46 32 15 41 41 45 16 2 29 44 19 14 2 4 33 49 48 46 1 4 19 4 35 25 11 7 8 45 
14 39 38 12 24 35 18 0 49 22 15 9 35 9 5 17 46 43 20 22 24 32 4 8 18 24 40 27 49 48 22 38 7 24 5 11 11 10 20 24 17 38 8 9 45 26 48 35 46 28 
12 20 8 38 19 42 17 49 0 47 30 33 44 19 2 23 44 34 34 49 21 1 10 31 36 24 34 44 2 39 7 19 34 2 47 38 14 28 41 9 43 39 30 42 37 47 25 6 25 14 
29 13 4 43 27 9 43 22 47 0 30 14 43 29 28 34 20 1 20 16 42 3 47 27 45 23 35 36 36 17 24 31 22 16 30 4 3 4 21 9 24 27 14 37 11 47 7 6 47 18 
21 18 22 44 21 37 38 15 30 30 0 24 41 19 43 24 43 5 38 24 39 45 44 27 35 4 11 37 11 23 18 43 12 39 27 6 15 2 44 3 33 9 33 38 30 2 13 29 47 25 
42 16 13 15 40 34 24 9 33 14 24 0 3 43 29 22 28 17 5 38 8 6 15 17 49 22 22 42 20 10 12 4 30 2 25 47 37 42 20 37 43 2 30 27 27 19 28 32 19 27 
28 26 13 6 29 9 2 35 44 43 41 3 0 48 42 21 40 41 26 11 1 30 28 7 26 18 45 12 36 11 46 38 23 33 29 37 23 37 1 18 25 33 37 26 2 2 39 5 12 11 
4 14 37 4 28 40 11 9 19 29 19 43 48 0 13 37 42 16 17 19 43 8 48 32 31 11 30 44 41 6 22 12 20 6 22 37 9 15 14 40 4 43 1 17 3 28 12 34 32 49 
17 17 25 36 38 27 1 5 2 28 43 29 42 13 0 31 34 28 14 3 15 24 2 10 28 4 23 42 33 18 22 39 44 48 16 12 35 39 39 46 2 33 22 44 48 31 18 36 37 3 
7 35 21 4 19 33 27 17 23 34 24 22 21 37 31 0 27 43 32 26 12 3 29 13 1 1 37 38 18 47 8 26 8 19 8 38 26 6 34 29 3 34 21 9 22 42 40 41 12 17 
36 45 46 39 23 30 10 46 44 20 43 28 40 42 34 27 0 36 37 39 2 48 4 33 19 19 37 3 42 42 28 3 21 35 45 24 11 16 33 2 25 30 34 25 47 49 41 7 19 33 
22 32 34 41 34 46 46 43 34 1 5 17 41 16 28 43 36 0 31 45 43 17 11 6 43 4 22 13 37 38 28 41 12 10 4 7 37 2 35 44 21 37 36 2 24 19 9 34 48 3 
36 19 11 37 35 46 27 20 34 20 38 5 26 17 14 32 37 31 0 30 35 15 17 10 34 47 40 41 6 16 39 36 45 4 24 31 39 25 41 34 28 2 9 22 34 5 42 45 18 37 
46 42 25 12 7 5 5 22 49 16 24 38 11 19 3 26 39 45 30 0 44 21 29 31 1 34 17 26 47 8 43 39 14 36 10 21 10 10 8 20 40 10 25 25 28 17 27 43 7 1 
41 21 9 30 11 36 49 24 21 42 39 8 1 43 15 12 2 43 35 44 0 5 28 31 7 23 8 25 10 36 25 21 3 2 43 30 11 9 10 10 44 41 18 1 24 12 6 43 22 9 
18 24 20 5 41 27 10 32 1 3 45 6 30 8 24 3 48 17 15 21 5 0 33 43 20 25 31 36 16 34 15 21 42 33 7 45 30 30 47 29 9 46 38 48 48 33 4 49 21 33 
31 6 12 16 32 45 46 4 10 47 44 15 28 48 2 29 4 11 17 29 28 33 0 24 24 16 13 45 26 3 42 33 6 26 41 30 18 17 33 22 16 24 6 10 46 34 12 23 5 32 
41 38 9 15 10 47 32 8 31 27 27 17 7 32 10 13 33 6 10 31 31 43 24 0 41 17 9 42 30 10 5 9 2 47 48 46 32 10 36 42 31 40 6 16 6 5 34 43 39 37 
42 40 48 19 38 46 15 18 36 45 35 49 26 31 28 1 19 43 34 1 7 20 24 41 0 20 9 24 1 48 6 27 4 33 44 18 24 17 18 16 26 30 18 42 1 45 7 40 35 15 
36 45 33 8 13 12 41 24 24 23 4 22 18 11 4 1 19 4 47 34 23 25 16 17 20 0 19 28 22 37 27 38 41 31 41 6 45 21 30 38 22 13 36 10 42 23 19 10 9 43 
44 39 19 7 35 4 41 40 34 35 11 22 45 30 23 37 37 22 40 17 8 31 13 9 9 19 0 43 12 27 47 8 17 40 10 17 3 46 40 37 48 19 32 24 37 47 5 6 27 32 
27 25 21 21 2 4 45 27 44 36 37 42 12 44 42 38 3 13 41 26 25 36 45 42 24 28 43 0 36 25 5 47 46 19 21 1 14 19 33 40 26 14 43 20 13 41 28 8 32 15 
40 36 35 11 18 28 16 49 2 36 11 20 36 41 33 18 42 37 6 47 10 16 26 30 1 22 12 36 0 7 19 5 20 34 43 28 43 14 42 11 7 17 18 2 16 22 8 42 42 3 
46 8 22 34 15 12 2 48 39 17 23 10 11 6 18 47 42 38 16 8 36 34 3 10 48 37 27 25 7 0 3 46 17 19 33 43 34 7 28 16 43 30 38 19 7 27 9 13 41 43 
25 1 27 37 28 37 29 22 7 24 18 12 46 22 22 8 28 28 39 43 25 15 42 5 6 27 47 5 19 3 0 46 7 5 30 12 7 26 1 24 20 5 49 32 32 8 5 13 37 38 
12 37 36 27 19 47 44 38 19 31 43 4 38 12 39 26 3 41 36 39 21 21 33 9 27 38 8 47 5 46 46 0 49 8 33 30 48 48 45 31 45 4 11 1 28 34 4 32 7 42 
26 16 37 35 48 35 19 7 34 22 12 30 23 20 44 8 21 12 45 14 3 42 6 2 4 41 17 46 20 17 7 49 0 27 39 48 29 36 20 18 19 28 7 32 26 22 1 18 27 8 
20 37 25 6 25 26 14 24 2 16 39 2 33 6 48 19 35 10 4 36 2 33 26 47 33 31 40 19 34 19 5 8 27 0 7 23 26 41 26 32 27 6 14 14 39 16 24 32 31 21 
2 34 46 5 32 36 2 5 47 30 27 25 29 22 16 8 45 4 24 10 43 7 41 48 44 41 10 21 43 33 30 33 39 7 0 47 3 34 40 29 49 40 9 8 28 8 22 21 25 39 
42 47 28 26 48 12 4 11 38 4 6 47 37 37 12 38 24 7 31 21 30 45 30 46 18 6 17 1 28 43 12 30 48 23 47 0 10 21 44 41 3 9 29 30 6 6 7 5 3 14 
34 5 34 12 29 23 33 11 14 3 15 37 23 9 35 26 11 37 39 10 11 30 18 32 24 45 3 14 43 34 7 48 29 26 3 10 0 23 20 45 24 13 2 39 29 7 15 16 26 20 
39 11 48 4 9 17 49 10 28 4 2 42 37 15 39 6 16 2 25 10 9 30 17 10 17 21 46 19 14 7 26 48 36 41 34 21 23 0 15 19 25 27 10 25 15 36 40 16 39 11 
42 12 14 37 22 17 48 20 41 21 44 20 1 14 39 34 33 35 41 8 10 47 33 36 18 30 40 33 42 28 1 45 20 26 40 44 20 15 0 4 31 34 14 9 30 23 19 19 18 10 
16 31 48 39 8 4 46 24 9 9 3 37 18 40 46 29 2 44 34 20 10 29 22 42 16 38 37 40 11 16 24 31 18 32 29 41 45 19 4 0 40 44 21 18 24 29 16 40 39 31 
20 16 23 30 23 1 1 17 43 24 33 43 25 4 2 3 25 21 28 40 44 9 16 31 26 22 48 26 7 43 20 45 19 27 49 3 24 25 31 40 0 34 3 16 20 2 42 10 7 49 
13 3 17 7 24 16 4 38 39 27 9 2 33 43 33 34 30 37 2 10 41 46 24 40 30 13 19 14 17 30 5 4 28 6 40 9 13 27 34 44 34 0 43 46 49 20 25 17 25 13 
38 34 18 38 33 18 19 8 30 14 33 30 37 1 22 21 34 36 9 25 18 38 6 6 18 36 32 43 18 38 49 11 7 14 9 29 2 10 14 21 3 43 0 28 12 2 43 20 15 4 
22 48 8 25 29 25 4 9 42 37 38 27 26 17 44 9 25 2 22 25 1 48 10 16 42 10 24 20 2 19 32 1 32 14 8 30 39 25 9 18 16 46 28 0 47 47 13 6 48 31 
10 22 22 23 3 41 35 45 37 11 30 27 2 3 48 22 47 24 34 28 24 48 46 6 1 42 37 13 16 7 32 28 26 39 28 6 29 15 30 24 20 49 12 47 0 5 1 7 11 10 
48 35 41 44 7 37 25 26 47 47 2 19 2 28 31 42 49 19 5 17 12 33 34 5 45 23 47 41 22 27 8 34 22 16 8 6 7 36 23 29 2 20 2 47 5 0 38 40 1 31 
2 44 11 31 43 26 11 48 25 7 13 28 39 12 18 40 41 9 42 27 6 4 12 34 7 19 5 28 8 9 5 4 1 24 22 7 15 40 19 16 42 25 43 13 1 38 0 18 5 7 
24 23 22 42 5 9 7 35 6 6 29 32 5 34 36 41 7 34 45 43 43 49 23 43 40 10 6 8 42 13 13 32 18 32 21 5 16 16 19 40 10 17 20 6 7 40 18 0 45 22 
39 10 9 36 32 19 8 46 25 47 47 19 12 32 37 12 19 48 18 7 22 21 5 39 35 9 27 32 42 41 37 7 27 31 25 3 26 39 18 39 7 25 15 48 11 1 5 45 0 31 
28 48 37 45 3 28 45 28 14 18 25 27 11 49 3 17 33 3 37 1 9 33 32 37 15 43 32 15 3 43 38 42 8 21 39 14 20 11 10 31 49 13 4 31 10 31 7 22 31 0 
