0 43 13 23 35 7 23 42 2 14 17 14 25 33 9 37 35 33 23 3 24 34 29 13 21 19 48 34 48 45 26 18 12 30 7 43 40 9 28 32 13 20 41 45 43 40 39 9 24 28 
43 0 2 39 36 40 7 42 1 7 34 36 24 6 49 20 12 46 14 28 24 24 5 2 5 29 28 25 17 20 10 15 29 23 6 48 42 38 2 46 27 13 38 4 33 18 46 13 28 4 
13 2 0 15 49 49 16 11 22 32 49 13 10 8 37 45 46 35 39 7 42 37 40 34 47 15 8 35 37 35 45 19 44 42 2 1 12 15 23 27 42 17 48 38 26 44 29 12 39 44 
23 39 15 0 31 11 18 41 5 24 36 22 18 21 48 46 21 16 4 7 13 35 4 6 43 30 2 36 27 46 22 44 37 19 46 24 28 19 35 34 45 4 25 1 14 18 43 25 13 46 
35 36 49 31 0 23 6 34 8 25 13 11 25 19 39 31 26 13 2 41 17 12 24 41 30 17 45 30 6 9 13 6 23 10 14 28 18 44 20 16 14 13 8 6 12 22 47 34 32 43 
7 40 49 11 23 0 16 29 39 10 12 46 29 9 39 39 23 32 41 44 14 49 28 3 11 10 16 34 16 19 25 49 13 32 4 40 13 18 4 41 18 10 19 20 18 30 44 10 13 49 
23 7 16 18 6 16 0 23 45 40 10 38 21 6 5 11 22 41 41 32 39 16 49 48 31 30 5 4 10 43 26 46 33 37 43 30 45 33 48 45 4 3 41 24 15 13 8 43 15 27 
42 42 11 41 34 29 23 0 18 41 35 5 8 37 24 31 40 18 2 11 29 34 26 43 27 16 31 21 3 11 47 37 13 23 29 31 35 43 13 27 43 11 37 41 7 29 46 32 33 23 
2 1 22 5 8 39 45 18 0 36 26 13 47 41 41 30 5 7 13 19 11 23 46 1 3 12 18 33 32 4 24 34 23 37 34 11 49 2 38 10 3 5 48 24 12 44 15 3 26 19 
14 7 32 24 25 10 40 41 36 0 40 10 39 33 19 36 7 30 3 42 47 20 32 17 10 30 14 43 5 10 20 11 14 8 49 31 28 45 15 6 23 15 11 4 46 34 13 30 41 30 
17 34 49 36 13 12 10 35 26 40 0 32 25 12 41 2 42 49 48 31 21 12 39 35 23 3 30 31 41 2 36 43 40 19 4 15 4 7 26 44 42 12 34 42 14 4 34 31 36 8 
14 36 13 22 11 46 38 5 13 10 32 0 24 2 23 39 14 46 29 38 25 23 19 1 19 2 1 10 18 16 28 28 43 7 17 40 12 28 38 25 47 44 16 23 36 24 31 37 47 9 
25 24 10 18 25 29 21 8 47 39 25 24 0 17 10 14 29 46 24 38 40 16 19 6 18 36 32 10 30 16 41 44 9 34 5 11 9 16 44 44 45 30 29 2 42 9 40 17 7 46 
33 6 8 21 19 9 6 37 41 33 12 2 17 0 43 24 13 8 20 32 39 26 29 24 7 34 24 27 45 7 23 17 40 23 12 11 49 49 25 23 31 13 16 32 38 32 26 1 27 16 
9 49 37 48 39 39 5 24 41 19 41 23 10 43 0 46 17 42 32 38 2 48 47 32 19 47 13 10 35 46 44 5 11 6 7 6 48 9 31 2 26 13 22 5 23 8 2 1 11 15 
37 20 45 46 31 39 11 31 30 36 2 39 14 24 46 0 37 43 20 12 23 21 1 41 10 26 35 41 40 31 43 34 23 4 24 24 5 22 29 42 15 3 13 46 37 26 12 46 28 23 
35 12 46 21 26 23 22 40 5 7 42 14 29 13 17 37 0 15 19 28 5 2 43 27 25 33 45 13 2 49 15 20 37 43 39 8 48 27 14 4 34 42 18 2 46 17 43 21 18 5 
33 46 35 16 13 32 41 18 7 30 49 46 46 8 42 43 15 0 46 40 20 38 2 9 10 29 11 1 30 4 29 26 30 37 11 21 28 9 19 40 48 29 21 16 6 33 33 36 19 20 
23 14 39 4 2 41 41 2 13 3 48 29 24 20 32 20 19 46 0 5 23 18 2 44 4 19 1 17 33 19 19 10 21 49 16 14 36 36 11 31 29 26 24 24 13 36 46 4 37 40 
3 28 7 7 41 44 32 11 19 42 31 38 38 32 38 12 28 40 5 0 26 38 34 40 26 22 41 11 43 5 5 1 43 40 33 23 5 3 16 9 31 9 17 2 41 43 40 20 17 46 
24 24 42 13 17 14 39 29 11 47 21 25 40 39 2 23 5 20 23 26 0 12 41 4 45 36 14 12 35 40 19 41 43 18 23 14 24 13 27 6 12 14 16 8 17 33 21 11 40 18 
34 24 37 35 12 49 16 34 23 20 12 23 16 26 48 21 2 38 18 38 12 0 48 14 28 46 20 29 41 12 1 44 42 22 42 12 15 37 6 44 19 17 27 15 34 46 47 6 6 29 
29 5 40 4 24 28 49 26 46 32 39 19 19 29 47 1 43 2 2 34 41 48 0 20 40 14 27 5 42 3 19 10 25 2 41 28 23 36 16 14 6 31 39 29 29 24 20 38 40 36 
13 2 34 6 41 3 48 43 1 17 35 1 6 24 32 41 27 9 44 40 4 14 20 0 24 40 8 29 13 28 31 27 42 42 3 33 43 13 48 17 6 17 8 43 37 4 12 12 12 9 
21 5 47 43 30 11 31 27 3 10 23 19 18 7 19 10 25 10 4 26 45 28 40 24 0 15 18 9 43 48 22 17 49 32 18 17 14 13 38 7 33 43 10 37 26 26 10 47 40 7 
19 29 15 30 17 10 30 16 12 30 3 2 36 34 47 26 33 29 19 22 36 46 14 40 15 0 28 8 31 33 17 29 22 22 33 10 15 37 20 4 1 13 23 42 36 25 6 46 29 5 
48 28 8 2 45 16 5 31 18 14 30 1 32 24 13 35 45 11 1 41 14 20 27 8 18 28 0 19 37 45 1 47 41 15 48 20 7 15 33 41 16 14 7 39 17 29 42 19 12 42 
34 25 35 36 30 34 4 21 33 43 31 10 10 27 10 41 13 1 17 11 12 29 5 29 9 8 19 0 23 49 4 39 19 11 37 19 43 9 8 36 45 39 40 10 42 16 47 36 47 2 
48 17 37 27 6 16 10 3 32 5 41 18 30 45 35 40 2 30 33 43 35 41 42 13 43 31 37 23 0 30 19 38 43 42 19 42 22 36 44 30 10 19 42 11 31 23 26 33 8 37 
45 20 35 46 9 19 43 11 4 10 2 16 16 7 46 31 49 4 19 5 40 12 3 28 48 33 45 49 30 0 17 35 30 23 16 35 24 10 37 41 38 24 45 36 15 41 33 19 15 35 
26 10 45 22 13 25 26 47 24 20 36 28 41 23 44 43 15 29 19 5 19 1 19 31 22 17 1 4 19 17 0 46 4 30 46 20 25 39 33 49 30 44 2 16 8 33 46 29 10 17 
18 15 19 44 6 49 46 37 34 11 43 28 44 17 5 34 20 26 10 1 41 44 10 27 17 29 47 39 38 35 46 0 21 21 37 8 4 39 31 12 13 31 11 21 17 35 34 19 33 24 
12 29 44 37 23 13 33 13 23 14 40 43 9 40 11 23 37 30 21 43 43 42 25 42 49 22 41 19 43 30 4 21 0 6 18 12 46 48 37 8 7 26 31 43 31 41 36 13 16 37 
30 23 42 19 10 32 37 23 37 8 19 7 34 23 6 4 43 37 49 40 18 22 2 42 32 22 15 11 42 23 30 21 6 0 33 18 33 27 27 32 21 16 27 3 15 13 19 9 38 29 
7 6 2 46 14 4 43 29 34 49 4 17 5 12 7 24 39 11 16 33 23 42 41 3 18 33 48 37 19 16 46 37 18 33 0 46 28 10 24 35 21 26 14 3 23 3 23 24 12 2 
43 48 1 24 28 40 30 31 11 31 15 40 11 11 6 24 8 21 14 23 14 12 28 33 17 10 20 19 42 35 20 8 12 18 46 0 33 34 48 22 7 27 22 11 1 4 47 23 10 38 
40 42 12 28 18 13 45 35 49 28 4 12 9 49 48 5 48 28 36 5 24 15 23 43 14 15 7 43 22 24 25 4 46 33 28 33 0 48 37 17 41 34 36 48 46 40 36 33 32 33 
9 38 15 19 44 18 33 43 2 45 7 28 16 49 9 22 27 9 36 3 13 37 36 13 13 37 15 9 36 10 39 39 48 27 10 34 48 0 14 9 9 8 17 16 5 11 43 29 14 46 
28 2 23 35 20 4 48 13 38 15 26 38 44 25 31 29 14 19 11 16 27 6 16 48 38 20 33 8 44 37 33 31 37 27 24 48 37 14 0 26 22 29 9 19 22 17 16 42 33 23 
32 46 27 34 16 41 45 27 10 6 44 25 44 23 2 42 4 40 31 9 6 44 14 17 7 4 41 36 30 41 49 12 8 32 35 22 17 9 26 0 11 20 45 41 20 27 38 39 9 14 
13 27 42 45 14 18 4 43 3 23 42 47 45 31 26 15 34 48 29 31 12 19 6 6 33 1 16 45 10 38 30 13 7 21 21 7 41 9 22 11 0 32 47 4 20 12 10 47 43 24 
20 13 17 4 13 10 3 11 5 15 12 44 30 13 13 3 42 29 26 9 14 17 31 17 43 13 14 39 19 24 44 31 26 16 26 27 34 8 29 20 32 0 48 3 32 30 21 26 38 23 
41 38 48 25 8 19 41 37 48 11 34 16 29 16 22 13 18 21 24 17 16 27 39 8 10 23 7 40 42 45 2 11 31 27 14 22 36 17 9 45 47 48 0 31 8 5 24 42 43 34 
45 4 38 1 6 20 24 41 24 4 42 23 2 32 5 46 2 16 24 2 8 15 29 43 37 42 39 10 11 36 16 21 43 3 3 11 48 16 19 41 4 3 31 0 24 21 1 2 49 8 
43 33 26 14 12 18 15 7 12 46 14 36 42 38 23 37 46 6 13 41 17 34 29 37 26 36 17 42 31 15 8 17 31 15 23 1 46 5 22 20 20 32 8 24 0 42 11 14 31 49 
40 18 44 18 22 30 13 29 44 34 4 24 9 32 8 26 17 33 36 43 33 46 24 4 26 25 29 16 23 41 33 35 41 13 3 4 40 11 17 27 12 30 5 21 42 0 23 20 5 35 
39 46 29 43 47 44 8 46 15 13 34 31 40 26 2 12 43 33 46 40 21 47 20 12 10 6 42 47 26 33 46 34 36 19 23 47 36 43 16 38 10 21 24 1 11 23 0 1 43 7 
9 13 12 25 34 10 43 32 3 30 31 37 17 1 1 46 21 36 4 20 11 6 38 12 47 46 19 36 33 19 29 19 13 9 24 23 33 29 42 39 47 26 42 2 14 20 1 0 40 23 
24 28 39 13 32 13 15 33 26 41 36 47 7 27 11 28 18 19 37 17 40 6 40 12 40 29 12 47 8 15 10 33 16 38 12 10 32 14 33 9 43 38 43 49 31 5 43 40 0 6 
28 4 44 46 43 49 27 23 19 30 8 9 46 16 15 23 5 20 40 46 18 29 36 9 7 5 42 2 37 35 17 24 37 29 2 38 33 46 23 14 24 23 34 8 49 35 7 23 6 0 
