0 14 27 7 25 28 41 21 7 17 38 16 23 15 43 18 19 15 39 3 46 8 36 20 34 35 49 18 17 31 16 17 7 20 32 6 24 31 10 48 9 38 18 11 19 33 2 48 29 8 
14 0 3 35 49 24 49 36 17 18 3 15 5 34 4 37 17 35 22 33 5 10 33 23 27 43 29 1 11 42 11 42 45 3 9 36 16 10 31 49 13 13 38 2 19 36 34 31 39 12 
27 3 0 44 21 10 32 31 22 29 24 11 12 19 39 19 23 1 37 21 21 38 28 26 6 17 39 5 46 18 48 24 4 26 38 8 9 14 30 47 25 8 18 32 16 34 1 40 2 42 
7 35 44 0 41 27 14 20 13 9 19 4 24 7 2 37 28 2 11 36 7 32 7 45 9 5 33 44 45 44 29 40 2 45 14 36 39 18 41 35 6 32 3 28 4 7 5 17 38 41 
25 49 21 41 0 4 17 27 29 41 25 3 21 23 16 14 4 40 14 13 4 19 5 7 15 17 22 37 29 5 34 19 17 19 10 9 47 23 18 32 20 8 26 29 33 30 32 17 8 37 
28 24 10 27 4 0 10 25 41 28 21 22 49 33 39 34 47 18 32 7 11 28 16 8 47 41 27 5 13 15 7 17 17 1 18 29 3 13 34 38 24 14 12 7 15 2 21 25 23 28 
41 49 32 14 17 10 0 2 24 44 43 11 28 2 18 3 14 16 42 10 45 43 6 37 4 32 7 35 46 13 44 19 6 21 42 24 43 45 34 13 21 1 43 2 28 35 16 27 13 34 
21 36 31 20 27 25 2 0 29 11 40 38 5 23 9 35 30 20 11 11 7 6 28 46 29 41 36 29 31 38 30 7 44 41 42 49 26 40 25 19 25 18 35 22 37 33 35 45 26 19 
7 17 22 13 29 41 24 29 0 27 5 27 12 20 18 25 49 45 39 45 15 13 9 5 2 5 45 9 41 23 43 28 33 46 42 6 30 48 42 18 40 16 7 6 42 32 21 14 26 16 
17 18 29 9 41 28 44 11 27 0 22 43 7 37 32 27 15 39 45 4 21 35 31 6 4 35 48 34 44 44 14 12 7 33 9 10 5 34 19 28 48 17 36 25 19 26 40 20 43 7 
38 3 24 19 25 21 43 40 5 22 0 23 46 46 29 41 3 14 6 7 45 8 14 43 13 42 3 9 17 14 21 28 8 44 20 34 39 17 17 14 21 1 35 48 9 40 11 27 18 20 
16 15 11 4 3 22 11 38 27 43 23 0 21 40 35 40 31 47 47 26 7 22 35 6 27 47 36 18 2 42 48 3 22 28 14 48 24 29 14 41 9 35 23 47 10 1 46 20 34 49 
23 5 12 24 21 49 28 5 12 7 46 21 0 5 26 48 43 18 39 28 31 44 17 9 10 47 8 9 24 22 7 22 1 49 37 2 17 43 40 34 24 9 36 9 45 41 31 31 23 31 
15 34 19 7 23 33 2 23 20 37 46 40 5 0 1 29 21 5 13 23 26 22 5 33 33 39 25 12 41 36 2 13 6 19 21 4 34 38 16 5 46 23 19 9 42 26 9 16 41 33 
43 4 39 2 16 39 18 9 18 32 29 35 26 1 0 18 41 23 20 12 27 44 41 35 2 42 9 16 1 35 27 5 17 1 7 14 36 5 5 30 29 26 38 6 41 16 34 31 33 19 
18 37 19 37 14 34 3 35 25 27 41 40 48 29 18 0 43 35 28 49 29 4 35 44 44 32 13 29 48 21 28 1 39 6 10 28 36 24 32 48 15 12 15 9 29 7 26 19 30 31 
19 17 23 28 4 47 14 30 49 15 3 31 43 21 41 43 0 33 45 26 8 28 49 19 18 14 25 17 38 2 43 21 42 8 26 3 35 4 49 26 46 36 20 34 4 4 7 17 17 22 
15 35 1 2 40 18 16 20 45 39 14 47 18 5 23 35 33 0 11 15 35 42 13 48 34 22 31 1 11 7 46 10 32 40 49 17 37 12 20 23 12 49 23 25 27 46 34 3 15 6 
39 22 37 11 14 32 42 11 39 45 6 47 39 13 20 28 45 11 0 26 24 13 40 34 3 49 46 43 35 15 22 45 2 35 5 11 30 18 3 33 47 1 32 41 2 15 13 9 41 44 
3 33 21 36 13 7 10 11 45 4 7 26 28 23 12 49 26 15 26 0 44 13 45 2 43 40 9 40 11 48 36 5 46 4 40 34 34 15 11 49 8 14 18 42 27 35 41 3 23 16 
46 5 21 7 4 11 45 7 15 21 45 7 31 26 27 29 8 35 24 44 0 22 30 26 10 35 23 49 4 9 2 8 32 28 26 33 48 27 16 18 39 43 26 29 24 22 30 10 13 43 
8 10 38 32 19 28 43 6 13 35 8 22 44 22 44 4 28 42 13 13 22 0 49 30 42 27 29 36 22 28 3 49 25 35 29 19 26 41 34 22 40 35 6 31 14 7 2 33 13 15 
36 33 28 7 5 16 6 28 9 31 14 35 17 5 41 35 49 13 40 45 30 49 0 18 47 21 47 49 14 8 44 12 35 48 47 20 23 28 42 31 33 46 47 41 15 22 38 6 47 3 
20 23 26 45 7 8 37 46 5 6 43 6 9 33 35 44 19 48 34 2 26 30 18 0 19 29 3 17 43 25 36 13 39 18 29 12 21 19 13 27 25 24 15 4 38 2 15 38 21 2 
34 27 6 9 15 47 4 29 2 4 13 27 10 33 2 44 18 34 3 43 10 42 47 19 0 8 35 14 5 2 26 24 6 43 39 44 35 39 6 34 30 32 8 49 38 8 48 13 6 19 
35 43 17 5 17 41 32 41 5 35 42 47 47 39 42 32 14 22 49 40 35 27 21 29 8 0 45 44 18 12 27 1 45 49 33 28 23 37 5 16 4 23 47 6 45 18 43 33 19 42 
49 29 39 33 22 27 7 36 45 48 3 36 8 25 9 13 25 31 46 9 23 29 47 3 35 45 0 46 15 29 36 45 18 40 9 14 32 34 10 44 4 4 45 11 34 17 8 22 28 37 
18 1 5 44 37 5 35 29 9 34 9 18 9 12 16 29 17 1 43 40 49 36 49 17 14 44 46 0 39 19 43 36 2 35 36 19 24 6 45 36 29 3 38 49 17 49 43 37 28 38 
17 11 46 45 29 13 46 31 41 44 17 2 24 41 1 48 38 11 35 11 4 22 14 43 5 18 15 39 0 2 7 40 48 16 26 31 33 6 48 9 47 7 37 14 43 9 48 10 39 26 
31 42 18 44 5 15 13 38 23 44 14 42 22 36 35 21 2 7 15 48 9 28 8 25 2 12 29 19 2 0 8 28 9 28 44 41 26 48 7 43 30 24 2 26 39 18 9 32 31 14 
16 11 48 29 34 7 44 30 43 14 21 48 7 2 27 28 43 46 22 36 2 3 44 36 26 27 36 43 7 8 0 3 13 37 15 18 4 24 36 27 26 25 18 38 30 1 4 1 35 9 
17 42 24 40 19 17 19 7 28 12 28 3 22 13 5 1 21 10 45 5 8 49 12 13 24 1 45 36 40 28 3 0 7 49 2 45 28 10 33 2 8 43 10 47 45 26 15 33 30 48 
7 45 4 2 17 17 6 44 33 7 8 22 1 6 17 39 42 32 2 46 32 25 35 39 6 45 18 2 48 9 13 7 0 48 29 43 34 17 27 38 22 33 41 27 21 13 10 19 48 6 
20 3 26 45 19 1 21 41 46 33 44 28 49 19 1 6 8 40 35 4 28 35 48 18 43 49 40 35 16 28 37 49 48 0 30 5 44 37 30 42 3 34 18 35 29 37 8 49 38 30 
32 9 38 14 10 18 42 42 42 9 20 14 37 21 7 10 26 49 5 40 26 29 47 29 39 33 9 36 26 44 15 2 29 30 0 12 16 4 43 40 35 19 3 37 41 20 7 13 13 35 
6 36 8 36 9 29 24 49 6 10 34 48 2 4 14 28 3 17 11 34 33 19 20 12 44 28 14 19 31 41 18 45 43 5 12 0 8 32 20 7 24 12 21 25 28 8 16 1 43 5 
24 16 9 39 47 3 43 26 30 5 39 24 17 34 36 36 35 37 30 34 48 26 23 21 35 23 32 24 33 26 4 28 34 44 16 8 0 49 15 11 45 44 15 27 21 14 48 3 36 22 
31 10 14 18 23 13 45 40 48 34 17 29 43 38 5 24 4 12 18 15 27 41 28 19 39 37 34 6 6 48 24 10 17 37 4 32 49 0 48 14 41 45 1 22 43 14 21 46 37 7 
10 31 30 41 18 34 34 25 42 19 17 14 40 16 5 32 49 20 3 11 16 34 42 13 6 5 10 45 48 7 36 33 27 30 43 20 15 48 0 32 25 21 29 17 12 46 35 15 21 3 
48 49 47 35 32 38 13 19 18 28 14 41 34 5 30 48 26 23 33 49 18 22 31 27 34 16 44 36 9 43 27 2 38 42 40 7 11 14 32 0 31 40 19 32 8 30 30 21 33 34 
9 13 25 6 20 24 21 25 40 48 21 9 24 46 29 15 46 12 47 8 39 40 33 25 30 4 4 29 47 30 26 8 22 3 35 24 45 41 25 31 0 43 38 36 36 46 17 26 26 2 
38 13 8 32 8 14 1 18 16 17 1 35 9 23 26 12 36 49 1 14 43 35 46 24 32 23 4 3 7 24 25 43 33 34 19 12 44 45 21 40 43 0 21 9 13 43 24 46 25 8 
18 38 18 3 26 12 43 35 7 36 35 23 36 19 38 15 20 23 32 18 26 6 47 15 8 47 45 38 37 2 18 10 41 18 3 21 15 1 29 19 38 21 0 34 31 41 42 46 45 24 
11 2 32 28 29 7 2 22 6 25 48 47 9 9 6 9 34 25 41 42 29 31 41 4 49 6 11 49 14 26 38 47 27 35 37 25 27 22 17 32 36 9 34 0 20 6 14 3 3 19 
19 19 16 4 33 15 28 37 42 19 9 10 45 42 41 29 4 27 2 27 24 14 15 38 38 45 34 17 43 39 30 45 21 29 41 28 21 43 12 8 36 13 31 20 0 28 28 47 43 9 
33 36 34 7 30 2 35 33 32 26 40 1 41 26 16 7 4 46 15 35 22 7 22 2 8 18 17 49 9 18 1 26 13 37 20 8 14 14 46 30 46 43 41 6 28 0 20 12 48 32 
2 34 1 5 32 21 16 35 21 40 11 46 31 9 34 26 7 34 13 41 30 2 38 15 48 43 8 43 48 9 4 15 10 8 7 16 48 21 35 30 17 24 42 14 28 20 0 11 37 41 
48 31 40 17 17 25 27 45 14 20 27 20 31 16 31 19 17 3 9 3 10 33 6 38 13 33 22 37 10 32 1 33 19 49 13 1 3 46 15 21 26 46 46 3 47 12 11 0 45 9 
29 39 2 38 8 23 13 26 26 43 18 34 23 41 33 30 17 15 41 23 13 13 47 21 6 19 28 28 39 31 35 30 48 38 13 43 36 37 21 33 26 25 45 3 43 48 37 45 0 33 
8 12 42 41 37 28 34 19 16 7 20 49 31 33 19 31 22 6 44 16 43 15 3 2 19 42 37 38 26 14 9 48 6 30 35 5 22 7 3 34 2 8 24 19 9 32 41 9 33 0 
