0 36 17 19 46 2 20 13 49 21 31 31 42 35 43 17 21 24 21 38 2 23 24 37 11 34 13 10 3 16 12 16 39 11 8 18 26 48 34 38 43 2 5 38 10 48 7 37 35 11 
36 0 36 11 11 16 47 7 7 20 30 47 29 6 39 44 8 8 44 19 38 33 8 6 28 49 23 41 7 31 27 12 3 23 45 42 25 40 10 23 17 27 25 6 36 18 49 18 46 18 
17 36 0 3 31 10 30 41 17 41 20 47 8 34 10 7 36 3 40 4 6 23 3 5 31 8 25 32 3 26 6 10 14 41 32 17 43 48 32 2 30 23 4 11 28 10 31 38 9 42 
19 11 3 0 2 35 9 3 41 46 4 8 34 49 8 17 29 3 39 24 22 48 44 17 10 21 16 16 2 39 24 14 23 26 39 23 28 16 37 6 32 29 9 11 31 46 30 14 34 22 
46 11 31 2 0 46 34 19 21 8 17 9 17 44 6 42 7 12 5 13 41 43 14 39 5 10 43 34 8 27 49 43 15 28 29 29 34 3 18 21 46 41 10 5 16 25 29 38 16 25 
2 16 10 35 46 0 34 9 13 5 38 47 41 3 27 2 36 1 13 4 23 45 2 42 26 8 11 2 19 5 9 16 32 25 17 42 19 34 47 24 2 9 26 37 35 16 47 12 12 18 
20 47 30 9 34 34 0 28 29 5 29 35 22 7 26 38 30 9 45 48 10 4 13 12 18 18 21 4 24 17 44 19 48 44 34 43 21 32 23 28 25 37 9 25 48 12 44 2 21 9 
13 7 41 3 19 9 28 0 18 18 26 6 24 3 5 8 16 4 5 43 21 19 27 21 21 3 29 42 49 39 5 22 28 23 15 35 4 15 40 21 16 14 22 32 9 16 44 3 24 27 
49 7 17 41 21 13 29 18 0 22 39 43 10 11 13 10 25 26 11 15 37 16 25 2 7 23 7 21 16 38 9 11 43 15 41 16 24 5 37 45 28 18 20 49 1 35 1 14 6 16 
21 20 41 46 8 5 5 18 22 0 48 25 18 15 29 17 18 23 24 38 25 22 45 24 48 35 38 12 11 48 20 20 19 14 13 44 40 26 1 25 38 8 37 15 39 43 31 37 40 17 
31 30 20 4 17 38 29 26 39 48 0 13 32 23 37 47 22 25 44 43 24 16 49 27 7 36 16 32 6 47 15 2 32 14 17 16 28 24 9 42 7 17 14 24 29 2 24 36 37 44 
31 47 47 8 9 47 35 6 43 25 13 0 23 15 30 5 8 1 15 43 9 48 43 31 12 35 33 8 5 17 35 49 39 34 37 47 39 21 26 38 37 17 23 16 21 42 38 29 35 31 
42 29 8 34 17 41 22 24 10 18 32 23 0 35 47 32 16 42 43 29 36 25 26 9 47 18 20 27 32 42 1 49 25 4 17 22 35 18 9 45 17 30 49 8 38 41 39 31 13 17 
35 6 34 49 44 3 7 3 11 15 23 15 35 0 10 11 7 31 11 37 8 18 23 3 47 2 26 36 2 35 44 48 46 44 40 44 38 1 39 10 43 39 42 49 23 37 24 14 23 46 
43 39 10 8 6 27 26 5 13 29 37 30 47 10 0 13 1 37 36 20 32 6 33 27 12 29 14 10 44 28 2 16 47 48 31 4 43 5 45 37 5 29 7 4 40 2 23 35 6 22 
17 44 7 17 42 2 38 8 10 17 47 5 32 11 13 0 29 5 9 23 48 16 8 10 41 16 15 2 23 45 28 29 12 45 42 20 14 21 11 39 11 10 3 49 19 45 6 38 20 31 
21 8 36 29 7 36 30 16 25 18 22 8 16 7 1 29 0 45 19 26 41 48 14 41 2 18 31 23 7 26 30 33 3 34 23 18 5 43 30 32 22 8 3 18 30 35 7 39 10 37 
24 8 3 3 12 1 9 4 26 23 25 1 42 31 37 5 45 0 48 19 42 5 23 33 36 33 5 7 8 47 28 40 48 18 13 26 43 30 2 37 2 47 31 18 14 26 1 47 42 45 
21 44 40 39 5 13 45 5 11 24 44 15 43 11 36 9 19 48 0 37 38 26 34 6 9 47 23 22 11 31 23 38 21 3 8 22 38 36 35 5 23 28 37 29 34 43 16 23 19 38 
38 19 4 24 13 4 48 43 15 38 43 43 29 37 20 23 26 19 37 0 29 39 8 6 49 37 3 22 31 49 15 10 14 40 2 48 45 21 19 8 45 44 19 21 30 8 22 24 16 3 
2 38 6 22 41 23 10 21 37 25 24 9 36 8 32 48 41 42 38 29 0 9 10 28 36 48 16 40 38 38 45 45 21 49 1 2 24 22 9 21 33 44 12 39 40 21 34 29 44 11 
23 33 23 48 43 45 4 19 16 22 16 48 25 18 6 16 48 5 26 39 9 0 48 16 9 48 41 1 39 27 3 48 22 48 24 48 7 25 48 6 2 4 18 30 18 17 44 11 21 38 
24 8 3 44 14 2 13 27 25 45 49 43 26 23 33 8 14 23 34 8 10 48 0 44 5 45 2 4 2 15 12 42 34 7 47 22 22 49 29 12 33 33 28 20 22 28 21 48 45 47 
37 6 5 17 39 42 12 21 2 24 27 31 9 3 27 10 41 33 6 6 28 16 44 0 19 9 22 34 4 4 44 16 16 7 21 4 49 39 16 7 17 38 47 47 9 43 28 17 15 41 
11 28 31 10 5 26 18 21 7 48 7 12 47 47 12 41 2 36 9 49 36 9 5 19 0 24 27 45 42 15 44 10 26 47 32 11 5 28 42 37 47 47 9 22 42 42 31 2 32 46 
34 49 8 21 10 8 18 3 23 35 36 35 18 2 29 16 18 33 47 37 48 48 45 9 24 0 44 27 18 15 5 11 28 25 11 29 10 47 7 22 30 21 26 34 18 33 13 15 12 41 
13 23 25 16 43 11 21 29 7 38 16 33 20 26 14 15 31 5 23 3 16 41 2 22 27 44 0 16 15 46 47 12 13 19 35 35 17 32 10 5 42 26 17 5 43 25 18 20 37 11 
10 41 32 16 34 2 4 42 21 12 32 8 27 36 10 2 23 7 22 22 40 1 4 34 45 27 16 0 31 24 25 1 40 27 4 48 37 43 44 40 2 38 16 14 36 2 34 42 43 28 
3 7 3 2 8 19 24 49 16 11 6 5 32 2 44 23 7 8 11 31 38 39 2 4 42 18 15 31 0 15 21 29 37 44 43 43 40 47 29 42 8 3 11 16 31 6 26 11 18 11 
16 31 26 39 27 5 17 39 38 48 47 17 42 35 28 45 26 47 31 49 38 27 15 4 15 15 46 24 15 0 1 45 29 33 39 20 46 8 5 41 39 33 26 3 37 19 18 9 17 23 
12 27 6 24 49 9 44 5 9 20 15 35 1 44 2 28 30 28 23 15 45 3 12 44 44 5 47 25 21 1 0 36 47 29 2 24 23 27 19 45 5 42 46 24 42 32 45 35 25 39 
16 12 10 14 43 16 19 22 11 20 2 49 49 48 16 29 33 40 38 10 45 48 42 16 10 11 12 1 29 45 36 0 36 25 16 17 23 15 6 9 40 12 11 33 21 7 31 7 15 9 
39 3 14 23 15 32 48 28 43 19 32 39 25 46 47 12 3 48 21 14 21 22 34 16 26 28 13 40 37 29 47 36 0 13 31 24 38 44 42 46 1 2 48 29 47 20 15 9 45 5 
11 23 41 26 28 25 44 23 15 14 14 34 4 44 48 45 34 18 3 40 49 48 7 7 47 25 19 27 44 33 29 25 13 0 4 29 12 28 30 33 36 27 1 23 43 37 23 12 25 40 
8 45 32 39 29 17 34 15 41 13 17 37 17 40 31 42 23 13 8 2 1 24 47 21 32 11 35 4 43 39 2 16 31 4 0 38 23 9 47 6 1 38 11 24 38 38 32 31 13 9 
18 42 17 23 29 42 43 35 16 44 16 47 22 44 4 20 18 26 22 48 2 48 22 4 11 29 35 48 43 20 24 17 24 29 38 0 40 2 36 2 43 28 9 42 15 30 36 49 38 33 
26 25 43 28 34 19 21 4 24 40 28 39 35 38 43 14 5 43 38 45 24 7 22 49 5 10 17 37 40 46 23 23 38 12 23 40 0 26 34 22 11 47 14 19 16 25 47 26 36 35 
48 40 48 16 3 34 32 15 5 26 24 21 18 1 5 21 43 30 36 21 22 25 49 39 28 47 32 43 47 8 27 15 44 28 9 2 26 0 3 5 19 10 13 26 47 19 21 25 14 43 
34 10 32 37 18 47 23 40 37 1 9 26 9 39 45 11 30 2 35 19 9 48 29 16 42 7 10 44 29 5 19 6 42 30 47 36 34 3 0 25 37 38 44 19 34 36 9 44 5 38 
38 23 2 6 21 24 28 21 45 25 42 38 45 10 37 39 32 37 5 8 21 6 12 7 37 22 5 40 42 41 45 9 46 33 6 2 22 5 25 0 9 2 42 33 20 9 49 6 3 35 
43 17 30 32 46 2 25 16 28 38 7 37 17 43 5 11 22 2 23 45 33 2 33 17 47 30 42 2 8 39 5 40 1 36 1 43 11 19 37 9 0 24 43 27 48 28 22 11 20 26 
2 27 23 29 41 9 37 14 18 8 17 17 30 39 29 10 8 47 28 44 44 4 33 38 47 21 26 38 3 33 42 12 2 27 38 28 47 10 38 2 24 0 20 22 42 40 34 8 25 43 
5 25 4 9 10 26 9 22 20 37 14 23 49 42 7 3 3 31 37 19 12 18 28 47 9 26 17 16 11 26 46 11 48 1 11 9 14 13 44 42 43 20 0 2 25 40 13 44 11 20 
38 6 11 11 5 37 25 32 49 15 24 16 8 49 4 49 18 18 29 21 39 30 20 47 22 34 5 14 16 3 24 33 29 23 24 42 19 26 19 33 27 22 2 0 17 30 48 3 12 29 
10 36 28 31 16 35 48 9 1 39 29 21 38 23 40 19 30 14 34 30 40 18 22 9 42 18 43 36 31 37 42 21 47 43 38 15 16 47 34 20 48 42 25 17 0 3 46 8 49 16 
48 18 10 46 25 16 12 16 35 43 2 42 41 37 2 45 35 26 43 8 21 17 28 43 42 33 25 2 6 19 32 7 20 37 38 30 25 19 36 9 28 40 40 30 3 0 29 9 41 41 
7 49 31 30 29 47 44 44 1 31 24 38 39 24 23 6 7 1 16 22 34 44 21 28 31 13 18 34 26 18 45 31 15 23 32 36 47 21 9 49 22 34 13 48 46 29 0 16 41 26 
37 18 38 14 38 12 2 3 14 37 36 29 31 14 35 38 39 47 23 24 29 11 48 17 2 15 20 42 11 9 35 7 9 12 31 49 26 25 44 6 11 8 44 3 8 9 16 0 14 39 
35 46 9 34 16 12 21 24 6 40 37 35 13 23 6 20 10 42 19 16 44 21 45 15 32 12 37 43 18 17 25 15 45 25 13 38 36 14 5 3 20 25 11 12 49 41 41 14 0 9 
11 18 42 22 25 18 9 27 16 17 44 31 17 46 22 31 37 45 38 3 11 38 47 41 46 41 11 28 11 23 39 9 5 40 9 33 35 43 38 35 26 43 20 29 16 41 26 39 9 0 
