0 14 23 11 41 49 26 20 19 22 38 1 38 12 12 39 46 6 9 21 22 23 20 6 10 32 28 39 38 2 3 31 47 24 33 24 31 7 25 41 45 16 32 44 21 14 44 9 1 23 
14 0 33 18 33 44 26 10 9 40 7 46 4 45 38 9 7 14 47 1 14 45 4 26 10 37 6 15 43 43 38 41 31 47 34 46 49 35 46 47 12 1 41 29 25 6 31 41 26 40 
23 33 0 13 3 30 40 17 6 15 4 37 5 31 24 46 24 37 20 43 6 14 37 43 4 37 30 27 21 40 37 9 15 41 42 32 29 45 5 39 32 12 27 48 41 30 49 9 26 16 
11 18 13 0 29 15 25 29 17 7 3 8 5 17 29 8 27 26 46 18 40 25 18 8 18 26 48 37 24 11 49 2 32 6 30 37 22 36 49 33 21 49 8 11 17 11 16 9 16 17 
41 33 3 29 0 10 20 12 28 16 32 19 41 39 41 49 22 15 11 42 13 41 48 18 1 14 26 47 10 30 43 27 2 7 24 31 27 47 17 30 30 36 30 39 39 26 6 11 4 48 
49 44 30 15 10 0 15 40 8 19 26 2 2 33 46 8 15 19 6 30 11 4 11 18 37 49 38 42 38 36 26 37 48 32 22 37 9 31 33 27 26 33 31 30 20 17 36 25 22 29 
26 26 40 25 20 15 0 43 26 37 39 25 21 7 18 14 18 46 17 2 15 46 30 24 24 25 45 4 7 8 26 28 49 45 5 28 19 25 10 16 7 25 28 39 18 37 17 30 3 8 
20 10 17 29 12 40 43 0 15 8 44 20 37 26 36 26 41 49 28 15 24 4 48 21 36 14 14 23 19 26 33 47 1 34 2 43 44 7 5 16 14 12 40 25 47 1 26 36 46 11 
19 9 6 17 28 8 26 15 0 11 26 16 17 15 41 43 7 1 7 15 20 3 25 34 16 8 48 35 19 23 44 22 43 3 28 35 34 25 25 1 37 23 31 18 20 47 25 29 16 23 
22 40 15 7 16 19 37 8 11 0 29 34 7 10 19 44 6 32 46 1 25 48 49 43 10 35 17 49 6 26 8 35 42 19 17 4 17 41 18 39 46 17 49 14 34 19 13 45 1 23 
38 7 4 3 32 26 39 44 26 29 0 31 24 32 12 1 11 27 1 47 45 43 23 24 42 48 3 17 3 28 29 22 37 30 12 39 9 39 14 8 22 26 21 32 1 7 8 28 28 13 
1 46 37 8 19 2 25 20 16 34 31 0 26 42 34 32 47 37 21 23 34 19 36 30 36 31 28 26 18 45 27 45 17 26 21 18 17 28 30 5 19 20 38 36 12 34 31 21 3 17 
38 4 5 5 41 2 21 37 17 7 24 26 0 37 15 14 28 49 45 3 25 48 16 16 26 12 37 9 40 32 43 46 43 3 33 10 13 11 31 9 17 10 32 3 42 21 8 22 34 42 
12 45 31 17 39 33 7 26 15 10 32 42 37 0 9 21 9 45 1 17 38 45 15 26 4 43 47 26 17 11 21 43 38 24 9 6 44 25 28 42 19 21 32 4 13 17 22 22 47 29 
12 38 24 29 41 46 18 36 41 19 12 34 15 9 0 48 3 49 31 19 33 49 28 24 5 32 27 4 48 10 38 15 7 40 39 11 33 10 33 36 17 16 18 29 17 16 35 19 34 35 
39 9 46 8 49 8 14 26 43 44 1 32 14 21 48 0 21 32 10 9 35 2 23 2 35 42 38 28 16 36 1 6 45 29 30 13 6 21 23 44 42 41 49 13 30 49 17 25 31 17 
46 7 24 27 22 15 18 41 7 6 11 47 28 9 3 21 0 12 14 46 10 10 19 9 7 30 31 25 18 32 26 10 2 43 45 27 46 45 24 19 1 23 35 43 43 43 46 32 30 12 
6 14 37 26 15 19 46 49 1 32 27 37 49 45 49 32 12 0 20 21 5 39 6 47 37 45 11 37 18 17 21 47 21 45 43 14 10 38 42 26 41 49 5 10 26 13 15 28 12 46 
9 47 20 46 11 6 17 28 7 46 1 21 45 1 31 10 14 20 0 40 40 9 6 31 38 33 37 27 42 17 6 49 39 12 40 40 36 41 1 44 5 13 10 45 36 43 39 30 8 4 
21 1 43 18 42 30 2 15 15 1 47 23 3 17 19 9 46 21 40 0 36 31 15 30 10 35 33 2 3 45 37 27 10 35 36 32 45 42 3 29 48 32 31 30 41 47 12 24 46 7 
22 14 6 40 13 11 15 24 20 25 45 34 25 38 33 35 10 5 40 36 0 23 12 7 30 42 41 40 48 43 45 31 1 9 29 3 18 3 6 32 7 33 24 34 1 32 35 36 4 43 
23 45 14 25 41 4 46 4 3 48 43 19 48 45 49 2 10 39 9 31 23 0 16 14 37 26 45 27 3 24 20 43 1 42 48 5 46 42 20 4 30 4 48 19 18 34 43 27 5 28 
20 4 37 18 48 11 30 48 25 49 23 36 16 15 28 23 19 6 6 15 12 16 0 39 37 14 3 36 14 19 33 31 11 27 33 34 44 1 4 1 27 28 37 15 17 23 24 39 38 3 
6 26 43 8 18 18 24 21 34 43 24 30 16 26 24 2 9 47 31 30 7 14 39 0 3 41 48 3 17 3 24 47 18 1 22 37 18 30 40 22 26 8 48 16 34 48 17 23 4 1 
10 10 4 18 1 37 24 36 16 10 42 36 26 4 5 35 7 37 38 10 30 37 37 3 0 24 45 29 27 2 41 14 4 24 38 10 31 24 41 26 10 13 41 18 18 26 29 42 28 2 
32 37 37 26 14 49 25 14 8 35 48 31 12 43 32 42 30 45 33 35 42 26 14 41 24 0 25 40 42 26 38 8 12 7 7 31 1 6 18 24 47 41 2 26 10 7 9 30 43 42 
28 6 30 48 26 38 45 14 48 17 3 28 37 47 27 38 31 11 37 33 41 45 3 48 45 25 0 49 28 7 34 35 45 43 30 40 3 37 30 40 26 45 18 15 35 48 31 4 37 16 
39 15 27 37 47 42 4 23 35 49 17 26 9 26 4 28 25 37 27 2 40 27 36 3 29 40 49 0 3 26 21 13 17 18 3 48 10 16 12 17 41 21 21 22 4 9 6 48 48 22 
38 43 21 24 10 38 7 19 19 6 3 18 40 17 48 16 18 18 42 3 48 3 14 17 27 42 28 3 0 31 39 1 19 24 49 40 30 41 12 6 6 37 22 39 21 46 12 37 20 41 
2 43 40 11 30 36 8 26 23 26 28 45 32 11 10 36 32 17 17 45 43 24 19 3 2 26 7 26 31 0 28 5 12 35 41 23 30 1 2 38 46 26 5 38 4 31 22 16 19 30 
3 38 37 49 43 26 26 33 44 8 29 27 43 21 38 1 26 21 6 37 45 20 33 24 41 38 34 21 39 28 0 2 21 17 4 9 4 3 28 13 7 22 38 45 23 11 45 8 20 42 
31 41 9 2 27 37 28 47 22 35 22 45 46 43 15 6 10 47 49 27 31 43 31 47 14 8 35 13 1 5 2 0 44 8 6 10 32 7 49 35 32 49 1 2 14 41 45 37 37 29 
47 31 15 32 2 48 49 1 43 42 37 17 43 38 7 45 2 21 39 10 1 1 11 18 4 12 45 17 19 12 21 44 0 36 21 42 6 42 44 14 12 7 28 5 24 39 20 25 42 36 
24 47 41 6 7 32 45 34 3 19 30 26 3 24 40 29 43 45 12 35 9 42 27 1 24 7 43 18 24 35 17 8 36 0 25 48 48 46 2 30 48 35 43 29 46 34 47 32 46 41 
33 34 42 30 24 22 5 2 28 17 12 21 33 9 39 30 45 43 40 36 29 48 33 22 38 7 30 3 49 41 4 6 21 25 0 5 43 41 20 27 11 1 44 29 27 39 8 20 9 4 
24 46 32 37 31 37 28 43 35 4 39 18 10 6 11 13 27 14 40 32 3 5 34 37 10 31 40 48 40 23 9 10 42 48 5 0 23 34 49 20 25 47 24 35 25 17 1 8 34 35 
31 49 29 22 27 9 19 44 34 17 9 17 13 44 33 6 46 10 36 45 18 46 44 18 31 1 3 10 30 30 4 32 6 48 43 23 0 47 13 16 16 1 23 16 48 46 29 23 17 7 
7 35 45 36 47 31 25 7 25 41 39 28 11 25 10 21 45 38 41 42 3 42 1 30 24 6 37 16 41 1 3 7 42 46 41 34 47 0 13 33 49 28 2 27 1 3 39 45 19 25 
25 46 5 49 17 33 10 5 25 18 14 30 31 28 33 23 24 42 1 3 6 20 4 40 41 18 30 12 12 2 28 49 44 2 20 49 13 13 0 5 8 9 40 1 9 28 13 32 6 21 
41 47 39 33 30 27 16 16 1 39 8 5 9 42 36 44 19 26 44 29 32 4 1 22 26 24 40 17 6 38 13 35 14 30 27 20 16 33 5 0 48 43 16 4 22 25 38 7 45 29 
45 12 32 21 30 26 7 14 37 46 22 19 17 19 17 42 1 41 5 48 7 30 27 26 10 47 26 41 6 46 7 32 12 48 11 25 16 49 8 48 0 10 12 34 32 23 21 9 42 35 
16 1 12 49 36 33 25 12 23 17 26 20 10 21 16 41 23 49 13 32 33 4 28 8 13 41 45 21 37 26 22 49 7 35 1 47 1 28 9 43 10 0 10 20 12 37 47 43 3 42 
32 41 27 8 30 31 28 40 31 49 21 38 32 32 18 49 35 5 10 31 24 48 37 48 41 2 18 21 22 5 38 1 28 43 44 24 23 2 40 16 12 10 0 12 22 27 11 24 8 3 
44 29 48 11 39 30 39 25 18 14 32 36 3 4 29 13 43 10 45 30 34 19 15 16 18 26 15 22 39 38 45 2 5 29 29 35 16 27 1 4 34 20 12 0 8 15 9 37 3 15 
21 25 41 17 39 20 18 47 20 34 1 12 42 13 17 30 43 26 36 41 1 18 17 34 18 10 35 4 21 4 23 14 24 46 27 25 48 1 9 22 32 12 22 8 0 24 4 25 47 2 
14 6 30 11 26 17 37 1 47 19 7 34 21 17 16 49 43 13 43 47 32 34 23 48 26 7 48 9 46 31 11 41 39 34 39 17 46 3 28 25 23 37 27 15 24 0 28 33 39 36 
44 31 49 16 6 36 17 26 25 13 8 31 8 22 35 17 46 15 39 12 35 43 24 17 29 9 31 6 12 22 45 45 20 47 8 1 29 39 13 38 21 47 11 9 4 28 0 8 49 49 
9 41 9 9 11 25 30 36 29 45 28 21 22 22 19 25 32 28 30 24 36 27 39 23 42 30 4 48 37 16 8 37 25 32 20 8 23 45 32 7 9 43 24 37 25 33 8 0 44 48 
1 26 26 16 4 22 3 46 16 1 28 3 34 47 34 31 30 12 8 46 4 5 38 4 28 43 37 48 20 19 20 37 42 46 9 34 17 19 6 45 42 3 8 3 47 39 49 44 0 39 
23 40 16 17 48 29 8 11 23 23 13 17 42 29 35 17 12 46 4 7 43 28 3 1 2 42 16 22 41 30 42 29 36 41 4 35 7 25 21 29 35 42 3 15 2 36 49 48 39 0 
