0 19 41 1 19 16 21 33 26 24 41 41 45 5 39 32 9 2 23 28 17 8 22 49 49 36 40 30 22 28 10 44 4 45 40 24 25 17 1 17 37 43 36 45 12 18 4 4 39 6 
19 0 22 34 28 2 12 12 27 16 6 8 14 33 39 6 36 37 19 1 46 29 33 24 45 32 1 19 1 33 19 3 32 30 9 26 49 12 42 20 21 7 18 36 12 46 4 33 7 1 
41 22 0 43 18 27 8 5 26 2 26 32 7 5 17 47 18 20 34 4 20 13 22 46 5 2 32 23 6 8 47 17 26 40 26 22 21 45 44 26 36 27 44 49 15 3 45 5 36 41 
1 34 43 0 10 8 17 14 26 36 14 22 31 43 6 10 37 47 42 43 1 34 17 2 41 36 12 10 6 42 1 17 21 46 20 25 44 7 34 43 12 39 38 11 48 14 23 24 25 19 
19 28 18 10 0 36 29 21 25 20 12 44 43 34 14 28 16 41 33 15 39 19 29 32 43 41 10 43 34 45 41 37 6 43 12 22 31 34 13 13 7 25 21 29 28 28 40 34 15 29 
16 2 27 8 36 0 48 39 5 13 24 20 48 29 6 42 48 46 17 17 15 5 21 16 1 46 48 30 24 18 24 45 17 35 40 1 31 2 20 32 1 46 1 38 2 6 29 30 10 48 
21 12 8 17 29 48 0 17 10 48 15 8 13 33 23 47 7 43 21 15 3 26 48 19 23 39 8 46 12 23 28 17 9 42 31 48 16 21 33 7 46 37 8 14 35 38 4 3 48 36 
33 12 5 14 21 39 17 0 49 2 13 49 23 36 46 12 38 16 49 24 19 4 43 27 45 31 33 47 41 10 38 15 38 21 44 46 24 47 23 48 7 48 28 2 13 42 31 20 14 15 
26 27 26 26 25 5 10 49 0 1 22 31 1 14 7 30 40 5 39 9 36 8 21 28 43 43 13 38 40 41 8 36 20 35 29 10 10 13 20 42 7 20 29 36 10 36 25 48 14 22 
24 16 2 36 20 13 48 2 1 0 39 12 30 6 21 16 32 38 48 27 1 15 13 4 6 45 23 5 42 29 34 37 7 16 10 29 43 38 41 36 27 27 23 44 11 25 46 27 3 39 
41 6 26 14 12 24 15 13 22 39 0 48 8 45 40 26 15 12 29 15 28 17 30 17 27 2 34 33 31 32 44 47 49 20 9 37 10 21 28 5 31 11 44 20 25 18 12 46 20 30 
41 8 32 22 44 20 8 49 31 12 48 0 30 15 4 14 22 34 42 18 36 44 47 40 4 5 24 49 36 48 8 5 17 47 40 46 48 4 31 13 21 19 47 10 32 46 45 9 26 7 
45 14 7 31 43 48 13 23 1 30 8 30 0 14 28 45 23 34 25 21 38 3 19 3 9 18 12 12 17 14 12 18 10 33 37 11 32 18 41 8 47 8 22 19 24 8 10 37 13 1 
5 33 5 43 34 29 33 36 14 6 45 15 14 0 42 23 9 35 25 39 46 23 15 48 49 44 2 16 1 38 27 23 39 7 16 34 41 38 10 47 40 35 29 20 9 30 13 18 3 5 
39 39 17 6 14 6 23 46 7 21 40 4 28 42 0 49 11 40 6 24 13 38 30 33 29 7 39 25 26 5 6 33 15 43 16 7 32 5 22 19 2 36 12 47 20 26 41 4 44 4 
32 6 47 10 28 42 47 12 30 16 26 14 45 23 49 0 11 39 21 39 22 44 45 15 38 1 15 38 8 13 49 17 13 23 6 34 42 34 9 47 21 47 37 3 47 43 47 39 45 31 
9 36 18 37 16 48 7 38 40 32 15 22 23 9 11 11 0 30 16 42 42 36 48 39 43 42 40 1 32 20 45 33 45 4 18 27 49 33 43 1 49 15 23 10 15 9 40 19 14 17 
2 37 20 47 41 46 43 16 5 38 12 34 34 35 40 39 30 0 23 20 20 13 2 10 27 12 23 35 48 23 20 17 13 42 11 29 13 39 19 8 48 20 12 19 11 1 21 37 37 33 
23 19 34 42 33 17 21 49 39 48 29 42 25 25 6 21 16 23 0 36 3 31 16 39 26 7 17 8 22 22 20 38 10 44 31 37 21 12 40 32 46 9 49 43 14 4 33 4 47 34 
28 1 4 43 15 17 15 24 9 27 15 18 21 39 24 39 42 20 36 0 49 38 22 42 8 33 46 4 32 33 15 45 35 4 49 41 24 30 19 9 45 23 9 30 49 41 24 34 20 35 
17 46 20 1 39 15 3 19 36 1 28 36 38 46 13 22 42 20 3 49 0 25 34 21 18 14 44 19 30 17 16 10 12 17 15 4 1 1 39 38 48 24 37 33 49 19 25 14 11 4 
8 29 13 34 19 5 26 4 8 15 17 44 3 23 38 44 36 13 31 38 25 0 18 44 35 27 10 14 40 9 28 25 4 6 29 23 14 13 34 25 5 43 12 13 46 46 27 48 37 45 
22 33 22 17 29 21 48 43 21 13 30 47 19 15 30 45 48 2 16 22 34 18 0 26 5 29 37 41 26 9 21 41 1 21 17 33 13 25 21 44 39 24 3 16 5 5 21 25 4 25 
49 24 46 2 32 16 19 27 28 4 17 40 3 48 33 15 39 10 39 42 21 44 26 0 30 19 17 18 14 45 3 16 18 16 30 20 16 25 38 31 6 34 37 37 13 30 37 37 25 3 
49 45 5 41 43 1 23 45 43 6 27 4 9 49 29 38 43 27 26 8 18 35 5 30 0 16 5 48 22 47 30 28 20 9 23 19 46 24 33 37 6 5 24 19 30 24 33 42 19 4 
36 32 2 36 41 46 39 31 43 45 2 5 18 44 7 1 42 12 7 33 14 27 29 19 16 0 48 34 42 17 33 28 1 24 35 45 45 15 34 9 5 22 47 6 35 41 4 9 38 9 
40 1 32 12 10 48 8 33 13 23 34 24 12 2 39 15 40 23 17 46 44 10 37 17 5 48 0 41 42 5 15 24 37 44 44 43 18 42 18 25 27 48 21 15 3 48 2 16 34 7 
30 19 23 10 43 30 46 47 38 5 33 49 12 16 25 38 1 35 8 4 19 14 41 18 48 34 41 0 47 23 23 16 42 39 24 20 39 36 32 25 21 14 35 15 34 48 25 7 29 12 
22 1 6 6 34 24 12 41 40 42 31 36 17 1 26 8 32 48 22 32 30 40 26 14 22 42 42 47 0 25 9 8 39 6 26 15 5 29 46 9 33 13 32 11 21 27 23 10 4 46 
28 33 8 42 45 18 23 10 41 29 32 48 14 38 5 13 20 23 22 33 17 9 9 45 47 17 5 23 25 0 21 2 38 37 32 3 31 5 11 28 20 30 15 49 30 10 44 23 47 28 
10 19 47 1 41 24 28 38 8 34 44 8 12 27 6 49 45 20 20 15 16 28 21 3 30 33 15 23 9 21 0 41 13 24 23 23 34 28 26 41 27 27 33 24 31 21 40 41 20 14 
44 3 17 17 37 45 17 15 36 37 47 5 18 23 33 17 33 17 38 45 10 25 41 16 28 28 24 16 8 2 41 0 24 38 22 38 3 45 31 24 4 45 4 26 15 23 27 42 34 3 
4 32 26 21 6 17 9 38 20 7 49 17 10 39 15 13 45 13 10 35 12 4 1 18 20 1 37 42 39 38 13 24 0 48 22 24 4 3 11 28 1 28 41 44 21 27 30 30 28 7 
45 30 40 46 43 35 42 21 35 16 20 47 33 7 43 23 4 42 44 4 17 6 21 16 9 24 44 39 6 37 24 38 48 0 22 32 4 31 23 35 19 9 10 18 8 2 20 36 44 5 
40 9 26 20 12 40 31 44 29 10 9 40 37 16 16 6 18 11 31 49 15 29 17 30 23 35 44 24 26 32 23 22 22 22 0 9 23 34 7 20 44 29 3 12 28 22 12 42 45 34 
24 26 22 25 22 1 48 46 10 29 37 46 11 34 7 34 27 29 37 41 4 23 33 20 19 45 43 20 15 3 23 38 24 32 9 0 1 43 4 4 37 14 15 1 11 16 3 35 1 8 
25 49 21 44 31 31 16 24 10 43 10 48 32 41 32 42 49 13 21 24 1 14 13 16 46 45 18 39 5 31 34 3 4 4 23 1 0 24 19 41 49 37 2 48 22 20 41 26 7 7 
17 12 45 7 34 2 21 47 13 38 21 4 18 38 5 34 33 39 12 30 1 13 25 25 24 15 42 36 29 5 28 45 3 31 34 43 24 0 16 28 7 10 25 43 47 12 39 49 24 23 
1 42 44 34 13 20 33 23 20 41 28 31 41 10 22 9 43 19 40 19 39 34 21 38 33 34 18 32 46 11 26 31 11 23 7 4 19 16 0 33 44 36 33 32 16 15 35 23 5 20 
17 20 26 43 13 32 7 48 42 36 5 13 8 47 19 47 1 8 32 9 38 25 44 31 37 9 25 25 9 28 41 24 28 35 20 4 41 28 33 0 26 7 39 43 17 26 9 19 18 38 
37 21 36 12 7 1 46 7 7 27 31 21 47 40 2 21 49 48 46 45 48 5 39 6 6 5 27 21 33 20 27 4 1 19 44 37 49 7 44 26 0 27 24 5 12 5 37 38 21 2 
43 7 27 39 25 46 37 48 20 27 11 19 8 35 36 47 15 20 9 23 24 43 24 34 5 22 48 14 13 30 27 45 28 9 29 14 37 10 36 7 27 0 39 27 43 48 31 2 15 16 
36 18 44 38 21 1 8 28 29 23 44 47 22 29 12 37 23 12 49 9 37 12 3 37 24 47 21 35 32 15 33 4 41 10 3 15 2 25 33 39 24 39 0 19 29 17 22 46 31 34 
45 36 49 11 29 38 14 2 36 44 20 10 19 20 47 3 10 19 43 30 33 13 16 37 19 6 15 15 11 49 24 26 44 18 12 1 48 43 32 43 5 27 19 0 7 30 35 32 33 36 
12 12 15 48 28 2 35 13 10 11 25 32 24 9 20 47 15 11 14 49 49 46 5 13 30 35 3 34 21 30 31 15 21 8 28 11 22 47 16 17 12 43 29 7 0 39 10 16 35 45 
18 46 3 14 28 6 38 42 36 25 18 46 8 30 26 43 9 1 4 41 19 46 5 30 24 41 48 48 27 10 21 23 27 2 22 16 20 12 15 26 5 48 17 30 39 0 30 7 26 22 
4 4 45 23 40 29 4 31 25 46 12 45 10 13 41 47 40 21 33 24 25 27 21 37 33 4 2 25 23 44 40 27 30 20 12 3 41 39 35 9 37 31 22 35 10 30 0 10 28 1 
4 33 5 24 34 30 3 20 48 27 46 9 37 18 4 39 19 37 4 34 14 48 25 37 42 9 16 7 10 23 41 42 30 36 42 35 26 49 23 19 38 2 46 32 16 7 10 0 21 11 
39 7 36 25 15 10 48 14 14 3 20 26 13 3 44 45 14 37 47 20 11 37 4 25 19 38 34 29 4 47 20 34 28 44 45 1 7 24 5 18 21 15 31 33 35 26 28 21 0 7 
6 1 41 19 29 48 36 15 22 39 30 7 1 5 4 31 17 33 34 35 4 45 25 3 4 9 7 12 46 28 14 3 7 5 34 8 7 23 20 38 2 16 34 36 45 22 1 11 7 0 
