0 39 4 28 32 25 13 46 12 27 47 6 20 18 21 27 35 5 33 26 6 16 31 22 41 14 13 47 6 32 18 36 22 30 27 45 20 4 30 44 28 45 17 34 9 11 43 18 13 48 
39 0 16 19 22 25 34 47 3 6 21 24 31 11 28 21 41 37 16 14 20 13 32 8 45 3 12 47 2 47 45 32 13 43 23 46 40 16 30 45 10 22 45 20 38 16 31 49 48 27 
4 16 0 25 34 15 49 28 29 27 29 20 1 42 28 48 40 37 9 2 21 16 23 3 25 44 49 40 18 4 8 21 6 37 5 46 12 30 25 13 11 20 47 20 10 14 11 11 13 27 
28 19 25 0 11 28 27 8 8 25 47 41 17 6 2 20 6 41 5 21 36 34 48 13 6 30 46 13 27 1 6 17 10 36 18 30 21 22 27 47 19 4 16 20 5 19 25 29 2 34 
32 22 34 11 0 23 9 32 27 5 49 11 23 7 40 7 21 15 12 29 3 13 36 41 17 14 15 31 21 21 33 43 46 17 21 45 29 2 13 3 35 5 24 28 2 7 18 27 17 12 
25 25 15 28 23 0 2 37 46 23 31 20 29 48 39 48 44 5 6 49 35 22 25 7 11 27 4 17 28 31 28 40 2 7 46 9 21 43 9 7 39 43 44 12 2 14 10 48 34 13 
13 34 49 27 9 2 0 39 14 11 38 44 34 32 15 1 20 40 13 48 41 48 6 29 48 41 33 26 18 34 17 15 49 15 20 38 20 4 45 17 3 12 32 5 43 21 49 14 31 9 
46 47 28 8 32 37 39 0 9 47 34 2 17 10 28 24 36 49 2 33 47 10 19 29 19 37 15 26 46 31 46 44 14 19 32 22 33 9 3 16 35 38 33 12 45 48 42 47 45 22 
12 3 29 8 27 46 14 9 0 34 45 20 44 38 29 16 41 34 32 12 9 17 19 48 32 26 31 14 3 2 8 32 4 42 7 27 36 27 34 46 31 37 25 22 36 36 46 42 16 18 
27 6 27 25 5 23 11 47 34 0 43 4 36 25 23 30 43 33 1 34 38 18 9 28 11 23 44 18 10 25 29 9 24 20 30 24 2 43 44 35 8 24 37 4 10 22 21 6 31 4 
47 21 29 47 49 31 38 34 45 43 0 9 24 44 17 18 6 42 13 14 47 40 37 7 4 46 48 48 29 27 2 6 42 27 11 9 38 38 8 38 19 8 43 45 2 24 27 19 10 41 
6 24 20 41 11 20 44 2 20 4 9 0 27 9 26 26 4 35 15 11 12 48 21 9 37 45 23 7 16 40 27 30 32 8 46 3 41 2 5 43 49 29 49 21 31 27 37 44 9 21 
20 31 1 17 23 29 34 17 44 36 24 27 0 29 9 23 25 5 12 3 10 38 43 47 42 20 47 4 21 3 33 17 28 6 16 5 13 6 41 35 1 44 15 6 10 36 24 31 28 38 
18 11 42 6 7 48 32 10 38 25 44 9 29 0 26 2 36 1 37 12 25 38 5 38 3 32 35 27 17 39 5 19 48 9 49 20 2 30 17 20 36 37 25 4 9 37 29 36 12 49 
21 28 28 2 40 39 15 28 29 23 17 26 9 26 0 44 20 7 11 20 8 19 45 10 11 49 47 17 2 30 12 39 28 32 10 36 2 33 7 44 3 20 34 45 5 27 41 16 27 45 
27 21 48 20 7 48 1 24 16 30 18 26 23 2 44 0 12 39 6 28 9 24 31 24 30 3 29 6 12 37 32 33 16 17 38 39 49 46 25 37 24 32 17 10 5 45 13 15 3 15 
35 41 40 6 21 44 20 36 41 43 6 4 25 36 20 12 0 48 13 43 13 15 2 48 41 14 5 10 19 20 23 13 21 9 43 41 26 22 23 22 26 4 4 9 41 14 35 36 27 23 
5 37 37 41 15 5 40 49 34 33 42 35 5 1 7 39 48 0 15 20 22 29 26 29 12 12 16 37 18 30 40 18 15 14 35 16 11 27 34 11 38 19 33 36 4 31 36 16 9 1 
33 16 9 5 12 6 13 2 32 1 13 15 12 37 11 6 13 15 0 48 35 17 29 48 27 37 2 45 44 36 25 1 3 38 34 11 35 34 45 5 35 18 33 15 49 29 13 7 18 46 
26 14 2 21 29 49 48 33 12 34 14 11 3 12 20 28 43 20 48 0 40 15 20 2 10 21 6 9 23 20 17 43 7 24 4 38 25 16 48 35 25 48 31 15 44 25 8 17 41 40 
6 20 21 36 3 35 41 47 9 38 47 12 10 25 8 9 13 22 35 40 0 25 41 30 40 26 49 30 15 6 4 6 8 3 26 10 41 38 12 12 12 1 12 20 40 46 7 6 31 43 
16 13 16 34 13 22 48 10 17 18 40 48 38 38 19 24 15 29 17 15 25 0 21 17 42 38 19 25 19 19 16 24 35 15 5 48 4 4 41 7 19 14 11 33 7 41 19 8 48 30 
31 32 23 48 36 25 6 19 19 9 37 21 43 5 45 31 2 26 29 20 41 21 0 2 5 41 6 6 15 35 10 4 11 47 43 35 15 37 37 15 16 26 18 32 14 24 40 11 41 32 
22 8 3 13 41 7 29 29 48 28 7 9 47 38 10 24 48 29 48 2 30 17 2 0 37 17 46 9 24 46 1 3 6 7 16 6 22 3 36 3 23 45 39 16 44 17 17 12 42 13 
41 45 25 6 17 11 48 19 32 11 4 37 42 3 11 30 41 12 27 10 40 42 5 37 0 35 30 4 34 45 17 41 44 15 42 6 5 32 45 28 38 17 40 37 16 6 32 23 24 5 
14 3 44 30 14 27 41 37 26 23 46 45 20 32 49 3 14 12 37 21 26 38 41 17 35 0 10 4 44 40 45 40 22 14 49 6 4 46 47 35 7 46 38 9 10 26 17 24 25 49 
13 12 49 46 15 4 33 15 31 44 48 23 47 35 47 29 5 16 2 6 49 19 6 46 30 10 0 30 37 22 24 11 11 43 25 1 19 15 28 13 38 13 31 10 30 42 19 14 14 20 
47 47 40 13 31 17 26 26 14 18 48 7 4 27 17 6 10 37 45 9 30 25 6 9 4 4 30 0 11 29 11 20 45 43 49 27 44 2 12 23 43 49 32 47 18 40 30 21 6 42 
6 2 18 27 21 28 18 46 3 10 29 16 21 17 2 12 19 18 44 23 15 19 15 24 34 44 37 11 0 24 16 14 6 36 30 22 24 13 35 36 20 47 3 2 20 45 22 45 37 33 
32 47 4 1 21 31 34 31 2 25 27 40 3 39 30 37 20 30 36 20 6 19 35 46 45 40 22 29 24 0 37 40 39 8 31 39 47 4 30 24 44 44 12 23 21 19 4 41 32 5 
18 45 8 6 33 28 17 46 8 29 2 27 33 5 12 32 23 40 25 17 4 16 10 1 17 45 24 11 16 37 0 12 32 8 24 37 43 36 48 42 18 47 33 9 33 2 44 29 23 19 
36 32 21 17 43 40 15 44 32 9 6 30 17 19 39 33 13 18 1 43 6 24 4 3 41 40 11 20 14 40 12 0 17 42 44 28 25 26 21 9 14 42 8 30 34 6 39 33 31 22 
22 13 6 10 46 2 49 14 4 24 42 32 28 48 28 16 21 15 3 7 8 35 11 6 44 22 11 45 6 39 32 17 0 31 1 24 4 41 26 11 34 38 8 36 42 6 4 46 42 45 
30 43 37 36 17 7 15 19 42 20 27 8 6 9 32 17 9 14 38 24 3 15 47 7 15 14 43 43 36 8 8 42 31 0 47 44 26 42 23 33 24 39 44 42 6 1 45 7 43 14 
27 23 5 18 21 46 20 32 7 30 11 46 16 49 10 38 43 35 34 4 26 5 43 16 42 49 25 49 30 31 24 44 1 47 0 43 31 37 43 18 10 15 44 45 23 44 38 36 47 45 
45 46 46 30 45 9 38 22 27 24 9 3 5 20 36 39 41 16 11 38 10 48 35 6 6 6 1 27 22 39 37 28 24 44 43 0 23 6 20 4 24 33 25 18 15 14 47 33 4 38 
20 40 12 21 29 21 20 33 36 2 38 41 13 2 2 49 26 11 35 25 41 4 15 22 5 4 19 44 24 47 43 25 4 26 31 23 0 23 9 10 22 44 37 11 7 9 12 27 33 45 
4 16 30 22 2 43 4 9 27 43 38 2 6 30 33 46 22 27 34 16 38 4 37 3 32 46 15 2 13 4 36 26 41 42 37 6 23 0 29 32 31 45 14 46 6 11 4 14 1 7 
30 30 25 27 13 9 45 3 34 44 8 5 41 17 7 25 23 34 45 48 12 41 37 36 45 47 28 12 35 30 48 21 26 23 43 20 9 29 0 44 30 10 22 10 4 30 46 17 48 9 
44 45 13 47 3 7 17 16 46 35 38 43 35 20 44 37 22 11 5 35 12 7 15 3 28 35 13 23 36 24 42 9 11 33 18 4 10 32 44 0 10 47 4 35 18 41 21 31 15 34 
28 10 11 19 35 39 3 35 31 8 19 49 1 36 3 24 26 38 35 25 12 19 16 23 38 7 38 43 20 44 18 14 34 24 10 24 22 31 30 10 0 21 37 3 3 12 48 47 25 24 
45 22 20 4 5 43 12 38 37 24 8 29 44 37 20 32 4 19 18 48 1 14 26 45 17 46 13 49 47 44 47 42 38 39 15 33 44 45 10 47 21 0 10 39 8 35 5 36 26 43 
17 45 47 16 24 44 32 33 25 37 43 49 15 25 34 17 4 33 33 31 12 11 18 39 40 38 31 32 3 12 33 8 8 44 44 25 37 14 22 4 37 10 0 22 8 8 36 34 18 23 
34 20 20 20 28 12 5 12 22 4 45 21 6 4 45 10 9 36 15 15 20 33 32 16 37 9 10 47 2 23 9 30 36 42 45 18 11 46 10 35 3 39 22 0 40 28 5 13 1 25 
9 38 10 5 2 2 43 45 36 10 2 31 10 9 5 5 41 4 49 44 40 7 14 44 16 10 30 18 20 21 33 34 42 6 23 15 7 6 4 18 3 8 8 40 0 23 33 34 23 24 
11 16 14 19 7 14 21 48 36 22 24 27 36 37 27 45 14 31 29 25 46 41 24 17 6 26 42 40 45 19 2 6 6 1 44 14 9 11 30 41 12 35 8 28 23 0 44 18 23 41 
43 31 11 25 18 10 49 42 46 21 27 37 24 29 41 13 35 36 13 8 7 19 40 17 32 17 19 30 22 4 44 39 4 45 38 47 12 4 46 21 48 5 36 5 33 44 0 22 40 30 
18 49 11 29 27 48 14 47 42 6 19 44 31 36 16 15 36 16 7 17 6 8 11 12 23 24 14 21 45 41 29 33 46 7 36 33 27 14 17 31 47 36 34 13 34 18 22 0 46 25 
13 48 13 2 17 34 31 45 16 31 10 9 28 12 27 3 27 9 18 41 31 48 41 42 24 25 14 6 37 32 23 31 42 43 47 4 33 1 48 15 25 26 18 1 23 23 40 46 0 14 
48 27 27 34 12 13 9 22 18 4 41 21 38 49 45 15 23 1 46 40 43 30 32 13 5 49 20 42 33 5 19 22 45 14 45 38 45 7 9 34 24 43 23 25 24 41 30 25 14 0 
