0 18 32 44 9 1 3 43 44 47 32 16 8 33 35 28 23 37 21 5 1 38 37 29 19 14 38 8 17 8 48 24 18 39 16 10 27 40 48 25 44 26 3 21 41 16 45 33 2 25 
18 0 26 8 43 11 14 9 19 12 30 38 30 12 15 5 15 31 30 16 49 48 9 48 6 42 35 38 33 36 46 29 43 44 36 23 27 40 45 28 1 15 18 2 10 33 43 29 26 4 
32 26 0 38 45 7 15 22 14 10 2 27 36 3 32 31 21 8 45 3 16 23 10 39 18 4 12 2 2 30 36 23 37 6 33 34 20 45 8 3 44 27 24 45 49 24 7 38 22 12 
44 8 38 0 12 11 9 25 32 12 19 1 23 42 2 26 1 42 10 5 38 30 34 30 18 14 28 6 47 14 34 35 41 36 30 39 23 28 40 25 9 2 45 27 13 35 20 26 11 47 
9 43 45 12 0 31 16 33 35 43 15 7 2 3 21 38 21 16 20 10 2 30 23 30 49 38 4 7 19 23 44 23 12 47 29 42 12 44 32 10 42 2 4 38 32 13 29 31 34 48 
1 11 7 11 31 0 44 1 17 49 2 22 44 44 33 36 6 44 20 34 18 37 16 47 24 21 33 34 28 31 8 36 41 3 24 44 11 13 19 23 11 41 49 11 46 25 8 20 45 46 
3 14 15 9 16 44 0 49 5 31 1 22 7 17 9 23 28 28 46 43 10 11 33 35 34 47 25 43 13 36 6 46 45 4 19 19 14 8 40 7 29 2 17 5 34 12 29 33 1 48 
43 9 22 25 33 1 49 0 15 5 31 18 22 42 35 21 31 24 20 26 29 35 4 43 28 6 17 17 12 22 6 9 17 16 42 27 26 29 22 1 30 44 17 27 26 4 24 23 8 12 
44 19 14 32 35 17 5 15 0 20 17 49 48 4 19 45 15 10 15 25 48 18 32 1 15 34 41 1 35 5 5 21 7 2 31 8 21 1 9 4 33 13 29 34 16 17 3 34 24 23 
47 12 10 12 43 49 31 5 20 0 7 21 9 33 49 1 13 39 5 13 21 23 33 6 21 48 40 6 22 4 20 33 10 46 29 28 48 26 45 30 13 16 29 17 23 9 20 35 19 49 
32 30 2 19 15 2 1 31 17 7 0 13 18 34 38 20 2 25 8 32 31 9 25 33 39 12 4 12 48 40 22 40 35 13 15 30 19 2 40 13 8 11 11 20 23 23 45 40 26 44 
16 38 27 1 7 22 22 18 49 21 13 0 36 18 46 2 49 29 26 16 25 33 43 40 45 28 7 10 5 30 37 26 33 1 40 4 41 49 45 44 38 8 34 19 12 26 12 25 28 41 
8 30 36 23 2 44 7 22 48 9 18 36 0 16 6 2 32 18 20 42 39 16 44 25 38 33 48 43 47 35 37 22 25 3 13 31 32 47 42 12 38 26 29 43 21 43 43 27 36 43 
33 12 3 42 3 44 17 42 4 33 34 18 16 0 3 37 2 1 35 16 9 35 19 14 31 2 14 6 33 11 5 10 36 1 26 45 33 16 48 33 20 11 32 10 24 32 32 14 34 46 
35 15 32 2 21 33 9 35 19 49 38 46 6 3 0 37 34 21 12 9 8 1 38 27 28 24 6 26 18 36 4 44 20 37 15 45 18 28 12 21 1 13 42 39 19 40 8 34 20 39 
28 5 31 26 38 36 23 21 45 1 20 2 2 37 37 0 7 10 22 38 36 14 15 15 15 37 26 45 6 20 28 3 8 3 7 29 26 43 28 12 3 12 15 37 49 9 26 18 34 44 
23 15 21 1 21 6 28 31 15 13 2 49 32 2 34 7 0 7 41 33 28 36 3 27 25 49 23 5 9 32 7 14 45 15 4 44 16 42 16 26 45 14 37 24 35 23 12 37 37 43 
37 31 8 42 16 44 28 24 10 39 25 29 18 1 21 10 7 0 20 44 43 17 41 45 20 16 43 18 48 26 3 20 19 13 21 37 43 26 44 6 13 25 8 20 3 17 47 13 7 14 
21 30 45 10 20 20 46 20 15 5 8 26 20 35 12 22 41 20 0 28 39 31 29 34 23 18 24 22 20 46 7 17 4 26 45 20 16 30 48 9 10 39 12 44 20 24 28 30 7 41 
5 16 3 5 10 34 43 26 25 13 32 16 42 16 9 38 33 44 28 0 10 38 11 41 44 26 8 16 42 41 28 35 15 38 16 9 11 47 7 48 7 7 39 16 49 2 3 29 47 46 
1 49 16 38 2 18 10 29 48 21 31 25 39 9 8 36 28 43 39 10 0 20 4 42 9 10 49 40 21 44 11 25 47 14 30 1 36 34 24 2 7 25 10 40 48 15 2 9 6 18 
38 48 23 30 30 37 11 35 18 23 9 33 16 35 1 14 36 17 31 38 20 0 18 10 28 38 13 45 40 37 28 2 14 39 41 9 37 24 19 25 10 30 30 2 7 32 19 20 15 13 
37 9 10 34 23 16 33 4 32 33 25 43 44 19 38 15 3 41 29 11 4 18 0 9 29 41 6 48 42 6 13 35 45 24 22 37 35 38 30 28 49 27 40 23 34 31 18 31 27 2 
29 48 39 30 30 47 35 43 1 6 33 40 25 14 27 15 27 45 34 41 42 10 9 0 21 20 28 29 30 11 20 3 21 40 12 7 6 7 31 48 31 41 3 11 44 16 15 8 28 36 
19 6 18 18 49 24 34 28 15 21 39 45 38 31 28 15 25 20 23 44 9 28 29 21 0 12 49 45 2 41 6 30 47 23 24 12 49 1 46 43 45 40 27 33 30 37 1 42 7 3 
14 42 4 14 38 21 47 6 34 48 12 28 33 2 24 37 49 16 18 26 10 38 41 20 12 0 37 41 13 28 35 36 3 45 9 7 21 14 9 48 15 18 17 30 20 24 9 40 9 30 
38 35 12 28 4 33 25 17 41 40 4 7 48 14 6 26 23 43 24 8 49 13 6 28 49 37 0 49 48 33 18 24 49 36 5 20 22 6 37 49 21 29 21 1 42 38 39 9 5 38 
8 38 2 6 7 34 43 17 1 6 12 10 43 6 26 45 5 18 22 16 40 45 48 29 45 41 49 0 45 41 40 13 38 44 31 46 17 5 10 28 25 37 48 3 36 12 24 12 49 43 
17 33 2 47 19 28 13 12 35 22 48 5 47 33 18 6 9 48 20 42 21 40 42 30 2 13 48 45 0 17 35 31 34 48 48 11 15 9 13 36 15 31 32 49 34 38 49 6 19 22 
8 36 30 14 23 31 36 22 5 4 40 30 35 11 36 20 32 26 46 41 44 37 6 11 41 28 33 41 17 0 47 10 48 28 41 3 37 2 47 10 32 9 14 46 43 23 18 29 1 27 
48 46 36 34 44 8 6 6 5 20 22 37 37 5 4 28 7 3 7 28 11 28 13 20 6 35 18 40 35 47 0 21 11 15 37 6 7 31 14 33 30 39 43 21 4 14 3 35 31 1 
24 29 23 35 23 36 46 9 21 33 40 26 22 10 44 3 14 20 17 35 25 2 35 3 30 36 24 13 31 10 21 0 36 17 27 1 24 33 31 46 7 30 9 28 11 44 24 40 17 33 
18 43 37 41 12 41 45 17 7 10 35 33 25 36 20 8 45 19 4 15 47 14 45 21 47 3 49 38 34 48 11 36 0 17 35 29 49 25 13 49 49 40 48 9 19 45 17 35 29 40 
39 44 6 36 47 3 4 16 2 46 13 1 3 1 37 3 15 13 26 38 14 39 24 40 23 45 36 44 48 28 15 17 17 0 48 45 17 25 28 38 33 18 16 20 8 31 32 36 23 8 
16 36 33 30 29 24 19 42 31 29 15 40 13 26 15 7 4 21 45 16 30 41 22 12 24 9 5 31 48 41 37 27 35 48 0 49 35 28 44 1 10 30 25 5 34 10 18 13 15 25 
10 23 34 39 42 44 19 27 8 28 30 4 31 45 45 29 44 37 20 9 1 9 37 7 12 7 20 46 11 3 6 1 29 45 49 0 2 22 47 30 22 4 12 41 29 3 7 36 14 42 
27 27 20 23 12 11 14 26 21 48 19 41 32 33 18 26 16 43 16 11 36 37 35 6 49 21 22 17 15 37 7 24 49 17 35 2 0 6 26 11 49 9 34 47 23 16 8 35 43 36 
40 40 45 28 44 13 8 29 1 26 2 49 47 16 28 43 42 26 30 47 34 24 38 7 1 14 6 5 9 2 31 33 25 25 28 22 6 0 19 46 11 40 13 32 30 45 12 27 45 20 
48 45 8 40 32 19 40 22 9 45 40 45 42 48 12 28 16 44 48 7 24 19 30 31 46 9 37 10 13 47 14 31 13 28 44 47 26 19 0 37 19 26 4 20 32 10 2 28 11 48 
25 28 3 25 10 23 7 1 4 30 13 44 12 33 21 12 26 6 9 48 2 25 28 48 43 48 49 28 36 10 33 46 49 38 1 30 11 46 37 0 12 6 14 32 45 42 35 3 43 35 
44 1 44 9 42 11 29 30 33 13 8 38 38 20 1 3 45 13 10 7 7 10 49 31 45 15 21 25 15 32 30 7 49 33 10 22 49 11 19 12 0 37 31 16 27 49 45 9 30 28 
26 15 27 2 2 41 2 44 13 16 11 8 26 11 13 12 14 25 39 7 25 30 27 41 40 18 29 37 31 9 39 30 40 18 30 4 9 40 26 6 37 0 19 27 6 30 28 12 17 4 
3 18 24 45 4 49 17 17 29 29 11 34 29 32 42 15 37 8 12 39 10 30 40 3 27 17 21 48 32 14 43 9 48 16 25 12 34 13 4 14 31 19 0 16 38 2 4 12 12 4 
21 2 45 27 38 11 5 27 34 17 20 19 43 10 39 37 24 20 44 16 40 2 23 11 33 30 1 3 49 46 21 28 9 20 5 41 47 32 20 32 16 27 16 0 40 24 27 39 46 23 
41 10 49 13 32 46 34 26 16 23 23 12 21 24 19 49 35 3 20 49 48 7 34 44 30 20 42 36 34 43 4 11 19 8 34 29 23 30 32 45 27 6 38 40 0 17 30 34 13 24 
16 33 24 35 13 25 12 4 17 9 23 26 43 32 40 9 23 17 24 2 15 32 31 16 37 24 38 12 38 23 14 44 45 31 10 3 16 45 10 42 49 30 2 24 17 0 7 12 3 32 
45 43 7 20 29 8 29 24 3 20 45 12 43 32 8 26 12 47 28 3 2 19 18 15 1 9 39 24 49 18 3 24 17 32 18 7 8 12 2 35 45 28 4 27 30 7 0 24 23 42 
33 29 38 26 31 20 33 23 34 35 40 25 27 14 34 18 37 13 30 29 9 20 31 8 42 40 9 12 6 29 35 40 35 36 13 36 35 27 28 3 9 12 12 39 34 12 24 0 24 33 
2 26 22 11 34 45 1 8 24 19 26 28 36 34 20 34 37 7 7 47 6 15 27 28 7 9 5 49 19 1 31 17 29 23 15 14 43 45 11 43 30 17 12 46 13 3 23 24 0 31 
25 4 12 47 48 46 48 12 23 49 44 41 43 46 39 44 43 14 41 46 18 13 2 36 3 30 38 43 22 27 1 33 40 8 25 42 36 20 48 35 28 4 4 23 24 32 42 33 31 0 
