0 12 11 2 23 34 1 34 6 18 6 4 8 2 10 39 6 7 47 46 29 15 21 25 40 6 30 36 7 2 48 41 27 17 8 43 45 8 24 35 12 44 25 17 17 5 21 10 24 46 
12 0 7 30 35 19 44 2 1 13 23 18 44 5 41 10 37 27 49 22 1 28 3 2 34 20 46 28 25 25 49 40 15 45 13 48 28 14 1 29 1 49 26 12 14 10 2 27 11 9 
11 7 0 17 21 14 34 22 3 24 2 33 36 9 9 28 30 12 10 32 41 4 14 19 4 12 27 26 1 38 43 48 11 1 34 2 27 37 49 23 4 42 19 13 22 30 43 21 29 28 
2 30 17 0 26 35 44 10 27 25 3 17 29 9 14 17 4 32 2 35 17 34 49 19 28 33 9 25 10 48 7 43 32 9 24 37 16 36 46 4 11 12 15 15 17 26 3 36 35 25 
23 35 21 26 0 9 9 28 47 49 8 44 4 9 14 49 21 7 44 1 6 47 38 3 48 2 23 7 36 8 44 27 15 48 20 24 41 20 16 24 8 22 8 9 48 48 15 21 37 40 
34 19 14 35 9 0 8 25 8 23 19 14 23 18 13 3 7 21 22 45 24 5 49 48 5 21 14 35 30 36 13 34 18 3 12 40 14 40 27 7 32 1 19 15 38 20 2 43 5 4 
1 44 34 44 9 8 0 44 47 5 6 34 48 34 11 5 42 46 5 2 4 11 33 16 37 14 33 15 43 40 45 38 16 32 26 28 31 28 21 21 26 11 18 16 12 24 8 17 25 8 
34 2 22 10 28 25 44 0 21 31 10 12 36 17 31 14 9 26 40 20 32 22 26 29 15 1 36 14 34 24 26 40 9 6 19 44 40 14 24 33 8 15 41 2 33 12 39 19 19 39 
6 1 3 27 47 8 47 21 0 18 22 8 31 44 24 16 12 43 20 9 6 31 34 14 24 29 46 37 39 20 31 29 23 24 24 18 5 23 17 35 49 39 12 4 5 27 16 10 4 35 
18 13 24 25 49 23 5 31 18 0 18 41 37 29 38 45 35 38 18 32 29 37 45 31 17 36 42 37 7 36 39 34 17 21 8 5 26 6 32 34 25 9 12 24 32 16 41 19 13 39 
6 23 2 3 8 19 6 10 22 18 0 44 18 25 28 33 13 24 42 24 37 20 2 35 12 32 33 38 36 39 37 32 10 5 24 5 19 8 13 9 43 28 16 24 37 44 47 43 9 18 
4 18 33 17 44 14 34 12 8 41 44 0 37 23 47 46 7 49 40 19 16 45 38 32 32 47 40 16 4 29 23 21 2 33 9 25 34 41 18 35 10 32 35 4 43 46 31 14 2 22 
8 44 36 29 4 23 48 36 31 37 18 37 0 33 24 12 37 18 11 19 45 10 3 36 13 25 6 13 43 39 49 44 36 19 12 40 34 28 2 20 32 17 19 14 31 32 26 46 38 14 
2 5 9 9 9 18 34 17 44 29 25 23 33 0 3 16 31 41 31 26 38 38 21 19 23 24 37 9 44 46 33 21 8 17 47 24 36 25 36 12 40 25 5 45 45 12 6 10 6 14 
10 41 9 14 14 13 11 31 24 38 28 47 24 3 0 11 38 4 18 41 36 7 15 40 44 28 43 47 45 1 17 34 22 41 18 20 10 47 20 42 6 12 35 33 10 33 8 32 23 25 
39 10 28 17 49 3 5 14 16 45 33 46 12 16 11 0 7 34 16 20 34 23 23 49 24 34 32 49 35 14 39 38 4 34 23 12 46 26 36 47 25 27 28 21 8 5 43 26 7 47 
6 37 30 4 21 7 42 9 12 35 13 7 37 31 38 7 0 36 28 35 32 37 11 45 18 5 47 42 27 13 18 47 29 12 16 19 47 45 35 2 15 31 27 12 41 9 41 22 42 27 
7 27 12 32 7 21 46 26 43 38 24 49 18 41 4 34 36 0 41 3 40 34 3 13 39 46 39 24 24 14 22 47 39 17 42 44 6 24 23 9 24 21 16 25 36 33 10 34 21 15 
47 49 10 2 44 22 5 40 20 18 42 40 11 31 18 16 28 41 0 8 44 29 37 42 38 5 6 40 15 34 33 36 17 41 44 47 28 39 7 46 47 34 23 4 48 23 19 30 10 34 
46 22 32 35 1 45 2 20 9 32 24 19 19 26 41 20 35 3 8 0 22 15 47 14 42 41 44 49 30 44 42 8 37 21 36 22 6 8 47 31 8 28 4 7 49 35 32 32 2 30 
29 1 41 17 6 24 4 32 6 29 37 16 45 38 36 34 32 40 44 22 0 42 40 18 42 40 23 6 44 3 26 42 6 49 5 40 3 41 19 9 4 39 14 41 36 27 10 11 41 16 
15 28 4 34 47 5 11 22 31 37 20 45 10 38 7 23 37 34 29 15 42 0 4 9 26 48 47 5 28 44 47 31 2 16 27 1 20 30 45 19 38 34 48 1 20 29 31 43 6 15 
21 3 14 49 38 49 33 26 34 45 2 38 3 21 15 23 11 3 37 47 40 4 0 48 2 18 17 43 23 47 2 32 10 26 18 31 15 10 31 25 1 21 20 12 25 23 13 30 41 18 
25 2 19 19 3 48 16 29 14 31 35 32 36 19 40 49 45 13 42 14 18 9 48 0 41 29 28 47 27 30 36 29 25 39 32 20 2 45 16 45 49 13 12 49 4 40 42 47 44 39 
40 34 4 28 48 5 37 15 24 17 12 32 13 23 44 24 18 39 38 42 42 26 2 41 0 37 33 19 43 5 44 32 13 13 44 20 38 24 25 36 25 42 4 29 28 44 31 44 30 19 
6 20 12 33 2 21 14 1 29 36 32 47 25 24 28 34 5 46 5 41 40 48 18 29 37 0 44 39 36 9 29 9 7 40 40 24 48 12 39 30 47 34 28 23 5 43 10 17 26 13 
30 46 27 9 23 14 33 36 46 42 33 40 6 37 43 32 47 39 6 44 23 47 17 28 33 44 0 6 14 39 31 24 13 38 36 35 15 10 2 8 3 30 6 37 7 18 42 8 14 23 
36 28 26 25 7 35 15 14 37 37 38 16 13 9 47 49 42 24 40 49 6 5 43 47 19 39 6 0 23 15 29 33 25 20 40 44 26 8 49 1 3 39 24 34 36 35 11 12 16 39 
7 25 1 10 36 30 43 34 39 7 36 4 43 44 45 35 27 24 15 30 44 28 23 27 43 36 14 23 0 20 12 21 15 10 4 32 12 12 40 12 47 33 39 14 35 38 47 18 13 48 
2 25 38 48 8 36 40 24 20 36 39 29 39 46 1 14 13 14 34 44 3 44 47 30 5 9 39 15 20 0 1 23 2 28 24 39 14 20 44 15 5 5 22 32 46 49 16 5 22 38 
48 49 43 7 44 13 45 26 31 39 37 23 49 33 17 39 18 22 33 42 26 47 2 36 44 29 31 29 12 1 0 6 24 15 12 14 41 36 9 8 15 6 3 16 22 45 3 26 37 2 
41 40 48 43 27 34 38 40 29 34 32 21 44 21 34 38 47 47 36 8 42 31 32 29 32 9 24 33 21 23 6 0 38 37 15 28 46 13 10 38 21 37 47 21 41 36 14 1 26 33 
27 15 11 32 15 18 16 9 23 17 10 2 36 8 22 4 29 39 17 37 6 2 10 25 13 7 13 25 15 2 24 38 0 31 2 10 2 13 7 27 20 17 26 27 3 34 14 19 41 11 
17 45 1 9 48 3 32 6 24 21 5 33 19 17 41 34 12 17 41 21 49 16 26 39 13 40 38 20 10 28 15 37 31 0 25 47 18 24 16 24 47 2 22 5 23 25 33 2 18 24 
8 13 34 24 20 12 26 19 24 8 24 9 12 47 18 23 16 42 44 36 5 27 18 32 44 40 36 40 4 24 12 15 2 25 0 11 35 20 1 35 4 4 7 25 31 42 46 45 26 39 
43 48 2 37 24 40 28 44 18 5 5 25 40 24 20 12 19 44 47 22 40 1 31 20 20 24 35 44 32 39 14 28 10 47 11 0 44 48 43 48 13 7 1 45 46 38 47 8 12 35 
45 28 27 16 41 14 31 40 5 26 19 34 34 36 10 46 47 6 28 6 3 20 15 2 38 48 15 26 12 14 41 46 2 18 35 44 0 21 2 28 16 48 38 3 34 16 32 35 48 46 
8 14 37 36 20 40 28 14 23 6 8 41 28 25 47 26 45 24 39 8 41 30 10 45 24 12 10 8 12 20 36 13 13 24 20 48 21 0 21 32 10 45 17 9 17 28 27 21 26 20 
24 1 49 46 16 27 21 24 17 32 13 18 2 36 20 36 35 23 7 47 19 45 31 16 25 39 2 49 40 44 9 10 7 16 1 43 2 21 0 23 13 34 37 40 2 48 41 22 10 10 
35 29 23 4 24 7 21 33 35 34 9 35 20 12 42 47 2 9 46 31 9 19 25 45 36 30 8 1 12 15 8 38 27 24 35 48 28 32 23 0 27 29 16 25 8 28 5 14 1 41 
12 1 4 11 8 32 26 8 49 25 43 10 32 40 6 25 15 24 47 8 4 38 1 49 25 47 3 3 47 5 15 21 20 47 4 13 16 10 13 27 0 42 12 32 42 11 29 3 43 32 
44 49 42 12 22 1 11 15 39 9 28 32 17 25 12 27 31 21 34 28 39 34 21 13 42 34 30 39 33 5 6 37 17 2 4 7 48 45 34 29 42 0 31 49 6 28 45 13 24 38 
25 26 19 15 8 19 18 41 12 12 16 35 19 5 35 28 27 16 23 4 14 48 20 12 4 28 6 24 39 22 3 47 26 22 7 1 38 17 37 16 12 31 0 36 41 12 25 38 12 42 
17 12 13 15 9 15 16 2 4 24 24 4 14 45 33 21 12 25 4 7 41 1 12 49 29 23 37 34 14 32 16 21 27 5 25 45 3 9 40 25 32 49 36 0 16 7 19 12 15 17 
17 14 22 17 48 38 12 33 5 32 37 43 31 45 10 8 41 36 48 49 36 20 25 4 28 5 7 36 35 46 22 41 3 23 31 46 34 17 2 8 42 6 41 16 0 24 9 19 43 14 
5 10 30 26 48 20 24 12 27 16 44 46 32 12 33 5 9 33 23 35 27 29 23 40 44 43 18 35 38 49 45 36 34 25 42 38 16 28 48 28 11 28 12 7 24 0 23 6 11 32 
21 2 43 3 15 2 8 39 16 41 47 31 26 6 8 43 41 10 19 32 10 31 13 42 31 10 42 11 47 16 3 14 14 33 46 47 32 27 41 5 29 45 25 19 9 23 0 44 33 47 
10 27 21 36 21 43 17 19 10 19 43 14 46 10 32 26 22 34 30 32 11 43 30 47 44 17 8 12 18 5 26 1 19 2 45 8 35 21 22 14 3 13 38 12 19 6 44 0 38 21 
24 11 29 35 37 5 25 19 4 13 9 2 38 6 23 7 42 21 10 2 41 6 41 44 30 26 14 16 13 22 37 26 41 18 26 12 48 26 10 1 43 24 12 15 43 11 33 38 0 43 
46 9 28 25 40 4 8 39 35 39 18 22 14 14 25 47 27 15 34 30 16 15 18 39 19 13 23 39 48 38 2 33 11 24 39 35 46 20 10 41 32 38 42 17 14 32 47 21 43 0 
