0 15 32 11 8 1 22 47 17 5 46 21 34 32 37 18 48 16 12 18 11 28 28 7 45 9 26 10 1 19 15 10 18 35 6 20 10 15 19 41 11 17 12 31 3 20 17 6 48 48 
15 0 15 2 47 11 26 41 8 45 6 7 31 14 40 19 15 3 26 23 14 11 17 47 35 44 25 24 8 45 13 19 32 6 10 22 14 30 11 20 31 35 2 36 18 29 31 49 35 45 
32 15 0 1 23 3 8 3 36 14 12 35 2 27 29 47 41 49 10 37 27 48 2 48 27 25 33 45 43 39 29 1 21 4 20 1 30 7 26 33 41 20 29 19 32 22 38 16 6 19 
11 2 1 0 16 34 17 30 27 14 18 47 31 23 49 1 12 24 40 46 42 47 23 44 38 33 15 4 22 38 45 41 48 25 44 39 3 20 13 5 19 11 16 46 23 6 35 29 12 33 
8 47 23 16 0 24 31 14 21 23 17 41 30 21 31 19 10 5 28 45 48 19 1 21 40 15 47 10 9 40 33 8 46 7 11 9 45 34 31 36 25 32 40 39 7 45 33 30 9 2 
1 11 3 34 24 0 6 45 23 1 3 27 2 12 39 17 9 48 8 28 13 17 33 17 4 23 28 15 2 20 25 30 6 6 26 49 23 21 14 42 28 46 15 39 24 33 16 27 15 13 
22 26 8 17 31 6 0 17 39 48 28 24 5 33 1 23 29 47 13 16 48 14 38 33 14 21 27 14 10 14 18 13 37 9 18 22 47 12 25 39 35 38 48 42 41 11 41 39 45 30 
47 41 3 30 14 45 17 0 15 14 21 36 5 40 40 34 13 42 42 22 2 37 47 40 22 26 16 46 43 4 10 43 43 12 39 49 4 5 36 5 45 46 41 47 11 16 5 26 40 17 
17 8 36 27 21 23 39 15 0 42 29 22 37 39 19 26 31 2 9 26 19 1 23 27 18 47 11 35 38 43 41 34 2 41 21 20 9 44 18 24 45 39 14 47 28 30 5 30 33 42 
5 45 14 14 23 1 48 14 42 0 30 25 34 8 45 30 28 2 10 6 29 5 41 16 9 7 26 17 48 38 19 36 23 1 35 5 39 25 43 28 24 49 44 35 30 18 7 11 5 23 
46 6 12 18 17 3 28 21 29 30 0 33 46 31 19 47 19 9 16 23 29 36 46 31 45 40 42 33 15 18 37 22 26 47 9 47 26 14 8 19 24 10 45 30 2 20 6 28 6 19 
21 7 35 47 41 27 24 36 22 25 33 0 4 14 44 48 35 44 36 14 37 28 10 46 17 33 37 9 19 33 12 26 22 10 1 6 17 24 48 11 33 5 15 38 12 24 28 41 6 36 
34 31 2 31 30 2 5 5 37 34 46 4 0 42 42 35 30 5 5 18 32 41 30 40 33 2 8 20 44 2 36 8 11 47 35 3 10 27 4 27 49 37 12 22 4 40 25 36 41 14 
32 14 27 23 21 12 33 40 39 8 31 14 42 0 42 37 31 3 13 3 9 29 24 6 29 45 43 5 13 32 18 44 8 15 17 6 11 16 22 18 32 7 35 45 25 27 37 33 42 33 
37 40 29 49 31 39 1 40 19 45 19 44 42 42 0 41 29 29 13 1 22 17 4 31 19 16 10 31 7 8 17 37 21 45 33 6 46 48 25 15 5 5 31 1 38 9 42 20 8 1 
18 19 47 1 19 17 23 34 26 30 47 48 35 37 41 0 46 41 49 30 29 28 4 17 38 17 43 7 17 10 12 47 30 9 35 17 45 31 11 17 27 3 23 33 10 41 28 46 8 26 
48 15 41 12 10 9 29 13 31 28 19 35 30 31 29 46 0 42 9 38 42 11 26 5 38 33 26 3 49 17 22 9 26 11 17 41 19 7 31 45 17 44 38 35 36 49 42 21 42 7 
16 3 49 24 5 48 47 42 2 2 9 44 5 3 29 41 42 0 26 23 26 42 44 45 29 2 35 17 5 41 26 30 32 25 12 36 1 36 39 41 6 37 31 39 27 21 11 33 44 31 
12 26 10 40 28 8 13 42 9 10 16 36 5 13 13 49 9 26 0 11 30 1 20 39 40 17 19 18 9 3 28 40 48 42 15 6 40 13 23 37 39 34 21 18 6 21 26 29 34 43 
18 23 37 46 45 28 16 22 26 6 23 14 18 3 1 30 38 23 11 0 40 30 20 28 24 3 44 27 18 2 10 3 8 6 36 47 43 30 36 43 25 43 38 1 39 37 44 1 6 39 
11 14 27 42 48 13 48 2 19 29 29 37 32 9 22 29 42 26 30 40 0 46 34 38 21 35 44 43 2 46 28 13 47 4 36 26 43 3 19 20 3 32 32 44 6 38 6 21 26 10 
28 11 48 47 19 17 14 37 1 5 36 28 41 29 17 28 11 42 1 30 46 0 13 5 39 34 13 36 22 17 2 29 45 33 7 11 9 48 12 33 46 19 42 13 8 44 9 34 19 32 
28 17 2 23 1 33 38 47 23 41 46 10 30 24 4 4 26 44 20 20 34 13 0 41 41 27 24 13 45 30 28 20 7 33 27 17 10 11 45 19 26 24 39 45 19 6 42 15 33 49 
7 47 48 44 21 17 33 40 27 16 31 46 40 6 31 17 5 45 39 28 38 5 41 0 45 22 23 45 3 37 11 4 15 19 9 4 12 13 18 39 2 28 23 17 19 3 48 11 19 2 
45 35 27 38 40 4 14 22 18 9 45 17 33 29 19 38 38 29 40 24 21 39 41 45 0 16 23 30 19 27 3 33 10 39 42 43 45 4 36 13 49 34 45 45 11 19 2 14 12 31 
9 44 25 33 15 23 21 26 47 7 40 33 2 45 16 17 33 2 17 3 35 34 27 22 16 0 41 42 11 27 47 36 38 34 16 1 46 16 27 26 14 42 26 48 42 36 38 44 4 26 
26 25 33 15 47 28 27 16 11 26 42 37 8 43 10 43 26 35 19 44 44 13 24 23 23 41 0 43 15 22 21 12 39 34 17 11 43 17 49 43 33 40 38 8 33 43 21 33 12 15 
10 24 45 4 10 15 14 46 35 17 33 9 20 5 31 7 3 17 18 27 43 36 13 45 30 42 43 0 44 27 30 25 43 49 43 30 41 16 43 44 29 19 10 33 4 47 14 4 22 26 
1 8 43 22 9 2 10 43 38 48 15 19 44 13 7 17 49 5 9 18 2 22 45 3 19 11 15 44 0 29 48 6 37 40 20 45 12 18 6 22 32 2 48 21 49 10 11 9 14 23 
19 45 39 38 40 20 14 4 43 38 18 33 2 32 8 10 17 41 3 2 46 17 30 37 27 27 22 27 29 0 38 6 38 30 26 26 9 27 10 21 38 31 2 35 37 42 25 23 10 42 
15 13 29 45 33 25 18 10 41 19 37 12 36 18 17 12 22 26 28 10 28 2 28 11 3 47 21 30 48 38 0 5 12 12 40 8 28 22 16 23 23 7 15 15 1 33 43 14 19 41 
10 19 1 41 8 30 13 43 34 36 22 26 8 44 37 47 9 30 40 3 13 29 20 4 33 36 12 25 6 6 5 0 30 34 2 39 8 10 24 8 40 42 33 33 33 19 47 23 49 30 
18 32 21 48 46 6 37 43 2 23 26 22 11 8 21 30 26 32 48 8 47 45 7 15 10 38 39 43 37 38 12 30 0 12 28 6 18 21 30 29 48 48 33 16 34 29 11 14 37 31 
35 6 4 25 7 6 9 12 41 1 47 10 47 15 45 9 11 25 42 6 4 33 33 19 39 34 34 49 40 30 12 34 12 0 31 21 2 17 24 19 21 21 38 3 1 39 21 17 40 47 
6 10 20 44 11 26 18 39 21 35 9 1 35 17 33 35 17 12 15 36 36 7 27 9 42 16 17 43 20 26 40 2 28 31 0 6 21 24 15 47 19 45 29 25 28 21 27 31 46 28 
20 22 1 39 9 49 22 49 20 5 47 6 3 6 6 17 41 36 6 47 26 11 17 4 43 1 11 30 45 26 8 39 6 21 6 0 48 36 20 33 10 34 47 16 31 30 23 27 20 11 
10 14 30 3 45 23 47 4 9 39 26 17 10 11 46 45 19 1 40 43 43 9 10 12 45 46 43 41 12 9 28 8 18 2 21 48 0 27 13 7 1 41 38 41 12 40 18 14 38 3 
15 30 7 20 34 21 12 5 44 25 14 24 27 16 48 31 7 36 13 30 3 48 11 13 4 16 17 16 18 27 22 10 21 17 24 36 27 0 39 19 25 44 32 8 6 12 33 35 25 3 
19 11 26 13 31 14 25 36 18 43 8 48 4 22 25 11 31 39 23 36 19 12 45 18 36 27 49 43 6 10 16 24 30 24 15 20 13 39 0 2 28 12 26 25 14 27 6 42 18 48 
41 20 33 5 36 42 39 5 24 28 19 11 27 18 15 17 45 41 37 43 20 33 19 39 13 26 43 44 22 21 23 8 29 19 47 33 7 19 2 0 23 19 32 31 32 10 9 41 16 35 
11 31 41 19 25 28 35 45 45 24 24 33 49 32 5 27 17 6 39 25 3 46 26 2 49 14 33 29 32 38 23 40 48 21 19 10 1 25 28 23 0 37 27 27 18 16 38 47 4 7 
17 35 20 11 32 46 38 46 39 49 10 5 37 7 5 3 44 37 34 43 32 19 24 28 34 42 40 19 2 31 7 42 48 21 45 34 41 44 12 19 37 0 38 35 41 32 12 49 12 2 
12 2 29 16 40 15 48 41 14 44 45 15 12 35 31 23 38 31 21 38 32 42 39 23 45 26 38 10 48 2 15 33 33 38 29 47 38 32 26 32 27 38 0 39 25 25 34 49 36 11 
31 36 19 46 39 39 42 47 47 35 30 38 22 45 1 33 35 39 18 1 44 13 45 17 45 48 8 33 21 35 15 33 16 3 25 16 41 8 25 31 27 35 39 0 44 14 9 37 42 38 
3 18 32 23 7 24 41 11 28 30 2 12 4 25 38 10 36 27 6 39 6 8 19 19 11 42 33 4 49 37 1 33 34 1 28 31 12 6 14 32 18 41 25 44 0 26 13 16 36 26 
20 29 22 6 45 33 11 16 30 18 20 24 40 27 9 41 49 21 21 37 38 44 6 3 19 36 43 47 10 42 33 19 29 39 21 30 40 12 27 10 16 32 25 14 26 0 12 20 15 35 
17 31 38 35 33 16 41 5 5 7 6 28 25 37 42 28 42 11 26 44 6 9 42 48 2 38 21 14 11 25 43 47 11 21 27 23 18 33 6 9 38 12 34 9 13 12 0 26 4 34 
6 49 16 29 30 27 39 26 30 11 28 41 36 33 20 46 21 33 29 1 21 34 15 11 14 44 33 4 9 23 14 23 14 17 31 27 14 35 42 41 47 49 49 37 16 20 26 0 32 40 
48 35 6 12 9 15 45 40 33 5 6 6 41 42 8 8 42 44 34 6 26 19 33 19 12 4 12 22 14 10 19 49 37 40 46 20 38 25 18 16 4 12 36 42 36 15 4 32 0 45 
48 45 19 33 2 13 30 17 42 23 19 36 14 33 1 26 7 31 43 39 10 32 49 2 31 26 15 26 23 42 41 30 31 47 28 11 3 3 48 35 7 2 11 38 26 35 34 40 45 0 
