0 5 21 7 15 12 4 1 6 11 32 35 8 9 10 25 25 36 25 46 34 24 18 33 31 9 4 23 35 38 47 23 32 25 48 37 37 43 36 5 5 9 19 42 1 12 6 19 22 3 
5 0 30 12 14 1 4 47 11 18 34 46 16 8 2 17 24 12 44 13 25 23 24 26 13 43 34 22 28 15 39 3 43 23 48 46 21 49 43 12 44 23 41 6 33 30 25 26 5 31 
21 30 0 45 38 35 19 22 34 6 17 35 34 4 33 10 13 33 39 12 49 28 24 42 18 39 22 13 14 27 16 5 19 47 9 2 38 7 36 22 6 44 41 5 15 9 24 20 22 1 
7 12 45 0 31 13 44 14 23 17 10 38 39 46 3 43 23 32 1 20 12 1 22 41 41 12 11 20 13 42 36 15 20 3 34 12 26 24 41 46 36 32 13 7 42 15 34 18 22 49 
15 14 38 31 0 36 7 28 14 20 16 29 12 36 6 28 4 21 38 32 27 10 36 40 21 3 2 22 32 43 46 24 45 39 13 49 1 42 11 13 42 32 7 28 45 22 34 15 30 6 
12 1 35 13 36 0 36 9 47 42 49 18 14 16 20 2 13 1 8 29 35 2 9 47 38 37 18 34 14 2 9 32 19 41 24 33 6 15 2 12 17 49 17 5 26 39 12 2 40 6 
4 4 19 44 7 36 0 5 29 14 36 32 29 21 21 34 13 18 21 12 8 40 43 23 41 41 35 49 49 30 29 1 5 33 20 40 31 24 26 47 19 15 14 6 35 28 29 43 12 49 
1 47 22 14 28 9 5 0 10 49 20 35 5 3 39 12 45 49 1 46 35 40 5 13 5 46 21 20 3 28 49 17 38 25 48 40 3 8 30 28 37 47 28 7 12 8 17 8 41 36 
6 11 34 23 14 47 29 10 0 48 20 4 39 11 4 18 18 10 4 40 31 34 1 30 13 48 38 34 2 21 1 28 27 34 1 44 2 17 6 30 49 12 33 44 19 9 9 46 43 2 
11 18 6 17 20 42 14 49 48 0 34 26 30 10 4 43 3 27 39 21 43 11 20 4 26 10 25 42 36 18 8 12 13 30 22 27 4 31 4 46 30 18 36 32 37 48 1 13 33 39 
32 34 17 10 16 49 36 20 20 34 0 49 18 23 34 27 32 26 13 5 9 19 18 7 9 30 9 4 28 27 12 19 23 41 44 34 49 4 44 15 13 3 12 25 13 2 13 1 36 17 
35 46 35 38 29 18 32 35 4 26 49 0 46 41 34 30 27 7 14 37 34 30 5 1 49 33 34 8 45 44 36 41 22 21 13 20 19 45 14 16 44 37 19 24 23 18 47 23 21 18 
8 16 34 39 12 14 29 5 39 30 18 46 0 16 12 24 41 2 41 42 31 5 44 18 33 43 44 37 21 27 18 29 15 4 36 19 12 15 3 12 36 15 43 20 6 4 12 23 17 46 
9 8 4 46 36 16 21 3 11 10 23 41 16 0 38 39 48 6 5 26 17 5 12 44 48 42 14 46 31 34 36 45 28 38 44 15 33 43 9 15 22 29 40 49 48 29 27 18 43 2 
10 2 33 3 6 20 21 39 4 4 34 34 12 38 0 23 19 39 41 15 28 1 30 2 21 9 8 48 13 33 37 15 9 36 42 49 14 34 27 8 47 3 1 13 19 6 39 17 29 12 
25 17 10 43 28 2 34 12 18 43 27 30 24 39 23 0 14 28 37 32 12 17 41 21 10 29 20 13 26 13 41 1 27 35 24 49 35 25 39 16 27 35 7 16 2 38 20 12 47 10 
25 24 13 23 4 13 13 45 18 3 32 27 41 48 19 14 0 15 30 20 33 44 4 37 27 41 40 3 18 12 43 11 37 32 47 24 21 26 35 48 15 9 7 46 36 20 33 45 33 18 
36 12 33 32 21 1 18 49 10 27 26 7 2 6 39 28 15 0 44 33 44 43 33 9 23 15 37 18 49 35 10 17 38 16 23 11 27 15 5 11 3 37 24 43 11 3 10 48 42 10 
25 44 39 1 38 8 21 1 4 39 13 14 41 5 41 37 30 44 0 37 13 35 45 47 49 26 31 19 16 31 40 34 23 34 3 29 37 21 45 30 14 9 13 21 10 13 39 13 44 44 
46 13 12 20 32 29 12 46 40 21 5 37 42 26 15 32 20 33 37 0 21 29 14 14 21 46 39 42 19 28 17 16 5 14 18 49 36 49 2 42 6 41 9 8 41 2 16 10 25 16 
34 25 49 12 27 35 8 35 31 43 9 34 31 17 28 12 33 44 13 21 0 25 27 21 7 31 28 45 37 45 39 38 15 21 23 38 26 11 46 38 1 25 2 8 24 34 35 46 24 47 
24 23 28 1 10 2 40 40 34 11 19 30 5 5 1 17 44 43 35 29 25 0 44 13 19 6 39 24 38 20 22 36 22 8 23 36 21 34 2 41 22 15 47 5 42 21 19 13 44 14 
18 24 24 22 36 9 43 5 1 20 18 5 44 12 30 41 4 33 45 14 27 44 0 11 26 13 15 9 33 10 44 7 12 39 7 18 43 10 26 23 21 8 9 34 30 1 45 10 42 8 
33 26 42 41 40 47 23 13 30 4 7 1 18 44 2 21 37 9 47 14 21 13 11 0 7 39 16 45 13 19 24 31 24 3 31 41 20 31 9 1 17 23 3 41 31 19 2 30 21 1 
31 13 18 41 21 38 41 5 13 26 9 49 33 48 21 10 27 23 49 21 7 19 26 7 0 12 20 26 38 38 5 13 44 8 4 17 27 34 44 43 13 36 22 47 10 20 44 15 9 19 
9 43 39 12 3 37 41 46 48 10 30 33 43 42 9 29 41 15 26 46 31 6 13 39 12 0 1 14 15 38 18 41 48 36 26 19 15 21 14 37 18 13 16 23 31 2 10 23 3 30 
4 34 22 11 2 18 35 21 38 25 9 34 44 14 8 20 40 37 31 39 28 39 15 16 20 1 0 22 13 37 41 16 4 12 26 22 29 1 49 11 15 29 19 46 17 9 5 44 18 36 
23 22 13 20 22 34 49 20 34 42 4 8 37 46 48 13 3 18 19 42 45 24 9 45 26 14 22 0 44 3 26 15 23 43 44 48 38 29 6 29 33 44 29 46 47 6 13 33 15 1 
35 28 14 13 32 14 49 3 2 36 28 45 21 31 13 26 18 49 16 19 37 38 33 13 38 15 13 44 0 22 16 11 4 19 46 28 2 11 6 28 19 44 9 45 38 20 1 32 25 5 
38 15 27 42 43 2 30 28 21 18 27 44 27 34 33 13 12 35 31 28 45 20 10 19 38 38 37 3 22 0 19 19 23 5 35 44 21 47 48 19 15 41 17 45 31 4 29 38 1 47 
47 39 16 36 46 9 29 49 1 8 12 36 18 36 37 41 43 10 40 17 39 22 44 24 5 18 41 26 16 19 0 21 18 1 41 22 32 8 32 15 11 46 28 15 7 31 48 8 23 40 
23 3 5 15 24 32 1 17 28 12 19 41 29 45 15 1 11 17 34 16 38 36 7 31 13 41 16 15 11 19 21 0 17 17 23 2 19 10 32 14 44 46 26 8 21 19 9 32 8 35 
32 43 19 20 45 19 5 38 27 13 23 22 15 28 9 27 37 38 23 5 15 22 12 24 44 48 4 23 4 23 18 17 0 48 35 17 28 15 23 48 44 44 25 39 10 14 5 46 6 26 
25 23 47 3 39 41 33 25 34 30 41 21 4 38 36 35 32 16 34 14 21 8 39 3 8 36 12 43 19 5 1 17 48 0 45 23 6 19 37 40 47 32 12 29 40 33 37 49 12 45 
48 48 9 34 13 24 20 48 1 22 44 13 36 44 42 24 47 23 3 18 23 23 7 31 4 26 26 44 46 35 41 23 35 45 0 41 31 47 16 34 21 34 14 12 46 13 3 25 39 3 
37 46 2 12 49 33 40 40 44 27 34 20 19 15 49 49 24 11 29 49 38 36 18 41 17 19 22 48 28 44 22 2 17 23 41 0 17 39 26 13 27 28 29 28 46 18 23 15 33 18 
37 21 38 26 1 6 31 3 2 4 49 19 12 33 14 35 21 27 37 36 26 21 43 20 27 15 29 38 2 21 32 19 28 6 31 17 0 12 31 31 7 28 28 26 33 47 33 8 26 39 
43 49 7 24 42 15 24 8 17 31 4 45 15 43 34 25 26 15 21 49 11 34 10 31 34 21 1 29 11 47 8 10 15 19 47 39 12 0 35 2 7 32 29 42 13 41 21 30 41 29 
36 43 36 41 11 2 26 30 6 4 44 14 3 9 27 39 35 5 45 2 46 2 26 9 44 14 49 6 6 48 32 32 23 37 16 26 31 35 0 30 25 30 40 9 25 6 22 5 41 40 
5 12 22 46 13 12 47 28 30 46 15 16 12 15 8 16 48 11 30 42 38 41 23 1 43 37 11 29 28 19 15 14 48 40 34 13 31 2 30 0 20 38 18 9 48 4 43 1 43 26 
5 44 6 36 42 17 19 37 49 30 13 44 36 22 47 27 15 3 14 6 1 22 21 17 13 18 15 33 19 15 11 44 44 47 21 27 7 7 25 20 0 32 28 12 25 1 19 13 45 32 
9 23 44 32 32 49 15 47 12 18 3 37 15 29 3 35 9 37 9 41 25 15 8 23 36 13 29 44 44 41 46 46 44 32 34 28 28 32 30 38 32 0 31 9 10 42 8 47 9 28 
19 41 41 13 7 17 14 28 33 36 12 19 43 40 1 7 7 24 13 9 2 47 9 3 22 16 19 29 9 17 28 26 25 12 14 29 28 29 40 18 28 31 0 3 8 26 1 17 8 47 
42 6 5 7 28 5 6 7 44 32 25 24 20 49 13 16 46 43 21 8 8 5 34 41 47 23 46 46 45 45 15 8 39 29 12 28 26 42 9 9 12 9 3 0 28 38 49 23 29 17 
1 33 15 42 45 26 35 12 19 37 13 23 6 48 19 2 36 11 10 41 24 42 30 31 10 31 17 47 38 31 7 21 10 40 46 46 33 13 25 48 25 10 8 28 0 44 6 25 35 42 
12 30 9 15 22 39 28 8 9 48 2 18 4 29 6 38 20 3 13 2 34 21 1 19 20 2 9 6 20 4 31 19 14 33 13 18 47 41 6 4 1 42 26 38 44 0 15 7 46 28 
6 25 24 34 34 12 29 17 9 1 13 47 12 27 39 20 33 10 39 16 35 19 45 2 44 10 5 13 1 29 48 9 5 37 3 23 33 21 22 43 19 8 1 49 6 15 0 28 13 35 
19 26 20 18 15 2 43 8 46 13 1 23 23 18 17 12 45 48 13 10 46 13 10 30 15 23 44 33 32 38 8 32 46 49 25 15 8 30 5 1 13 47 17 23 25 7 28 0 8 5 
22 5 22 22 30 40 12 41 43 33 36 21 17 43 29 47 33 42 44 25 24 44 42 21 9 3 18 15 25 1 23 8 6 12 39 33 26 41 41 43 45 9 8 29 35 46 13 8 0 24 
3 31 1 49 6 6 49 36 2 39 17 18 46 2 12 10 18 10 44 16 47 14 8 1 19 30 36 1 5 47 40 35 26 45 3 18 39 29 40 26 32 28 47 17 42 28 35 5 24 0 
