0 24 34 34 3 24 17 28 6 6 31 34 2 29 34 12 35 27 4 29 20 28 17 26 19 30 6 15 17 25 16 25 40 6 4 16 40 17 48 6 30 8 39 14 30 19 36 38 9 47 
24 0 36 47 10 2 15 42 39 7 7 23 33 11 43 19 7 1 26 23 34 11 5 33 17 47 26 46 46 31 8 10 12 6 26 20 9 16 4 7 22 36 7 21 19 33 4 17 24 8 
34 36 0 21 24 40 15 25 8 9 33 44 39 4 5 4 32 19 7 28 46 13 10 11 3 35 3 49 26 15 41 32 20 41 33 14 9 39 7 17 30 27 11 16 30 4 24 13 2 49 
34 47 21 0 32 39 24 29 14 39 45 24 40 5 14 41 5 22 22 32 47 39 45 21 13 33 15 36 41 35 19 5 43 1 49 40 34 38 1 39 15 19 8 17 3 10 17 25 42 22 
3 10 24 32 0 35 49 12 49 14 37 15 1 16 37 35 21 39 11 43 19 30 35 29 25 38 46 29 13 15 28 5 24 30 7 30 20 34 37 45 4 46 7 13 33 29 21 35 30 44 
24 2 40 39 35 0 2 32 42 26 15 19 4 39 37 36 27 39 44 8 29 24 22 6 21 43 12 14 5 25 26 9 31 49 10 35 11 25 19 23 18 42 34 37 18 4 32 45 27 33 
17 15 15 24 49 2 0 30 11 26 19 8 47 48 37 19 49 42 1 18 6 22 20 5 40 48 47 18 46 44 1 14 15 11 43 14 5 36 1 37 36 43 1 49 17 24 16 29 11 6 
28 42 25 29 12 32 30 0 20 44 31 3 20 37 10 14 31 22 49 11 11 16 43 18 24 19 35 39 45 6 4 43 43 25 44 48 42 25 5 45 26 41 10 4 20 15 8 20 2 2 
6 39 8 14 49 42 11 20 0 43 22 18 11 37 16 49 37 35 22 4 40 36 44 11 20 43 44 26 14 6 21 17 45 22 8 19 9 4 35 25 30 6 49 14 36 39 19 2 2 47 
6 7 9 39 14 26 26 44 43 0 21 28 15 36 20 37 8 25 38 45 13 48 28 32 19 29 9 30 49 3 44 24 16 14 26 31 35 43 15 32 34 9 11 16 39 26 38 33 19 30 
31 7 33 45 37 15 19 31 22 21 0 48 15 49 2 22 25 38 35 3 43 11 12 14 41 26 15 16 17 49 1 37 34 32 16 14 45 37 12 43 17 2 38 27 7 9 37 37 4 29 
34 23 44 24 15 19 8 3 18 28 48 0 10 22 24 2 42 3 6 32 39 34 6 47 5 38 20 40 42 17 32 3 34 29 20 27 12 41 21 36 23 48 5 45 13 31 42 5 5 45 
2 33 39 40 1 4 47 20 11 15 15 10 0 23 11 24 20 16 44 48 31 40 26 22 41 1 18 36 43 5 20 24 9 14 40 12 38 22 21 46 39 34 39 5 15 39 26 19 22 37 
29 11 4 5 16 39 48 37 37 36 49 22 23 0 20 1 20 38 27 28 25 48 16 13 8 40 14 23 49 43 31 19 45 43 33 2 35 14 9 47 47 16 24 48 19 27 39 32 38 29 
34 43 5 14 37 37 37 10 16 20 2 24 11 20 0 4 5 15 10 3 36 32 28 6 41 34 2 37 35 45 14 44 28 35 48 14 36 4 46 35 17 40 32 2 4 37 40 49 40 9 
12 19 4 41 35 36 19 14 49 37 22 2 24 1 4 0 2 37 39 22 32 14 47 31 34 2 33 40 12 11 7 35 10 14 13 15 4 40 48 9 9 12 5 29 20 47 18 22 18 23 
35 7 32 5 21 27 49 31 37 8 25 42 20 20 5 2 0 28 19 22 27 49 13 3 31 49 4 22 46 44 42 34 16 6 25 1 13 3 7 12 35 26 31 26 5 24 28 14 24 29 
27 1 19 22 39 39 42 22 35 25 38 3 16 38 15 37 28 0 35 4 9 6 48 32 45 22 17 47 42 45 12 6 25 26 37 6 21 23 32 33 39 4 20 35 13 11 28 18 8 11 
4 26 7 22 11 44 1 49 22 38 35 6 44 27 10 39 19 35 0 39 48 42 36 36 35 39 30 31 35 6 10 43 25 44 8 34 17 44 33 10 10 5 14 12 13 44 45 1 37 39 
29 23 28 32 43 8 18 11 4 45 3 32 48 28 3 22 22 4 39 0 11 29 24 4 32 25 28 24 23 40 15 9 39 44 24 28 4 9 41 24 38 11 13 14 23 26 40 8 26 47 
20 34 46 47 19 29 6 11 40 13 43 39 31 25 36 32 27 9 48 11 0 8 2 17 24 32 36 38 31 17 46 46 28 9 25 33 46 49 47 25 44 47 44 12 28 34 37 17 15 43 
28 11 13 39 30 24 22 16 36 48 11 34 40 48 32 14 49 6 42 29 8 0 8 7 43 20 25 15 17 21 5 7 25 30 13 12 26 6 32 35 43 5 17 36 32 36 26 23 34 34 
17 5 10 45 35 22 20 43 44 28 12 6 26 16 28 47 13 48 36 24 2 8 0 19 46 26 42 47 43 32 15 22 22 36 37 7 6 14 8 34 42 46 34 27 20 29 46 2 32 20 
26 33 11 21 29 6 5 18 11 32 14 47 22 13 6 31 3 32 36 4 17 7 19 0 11 33 10 26 9 41 40 5 12 33 23 36 14 12 1 40 23 47 26 42 18 12 44 40 42 3 
19 17 3 13 25 21 40 24 20 19 41 5 41 8 41 34 31 45 35 32 24 43 46 11 0 26 33 33 30 27 2 13 22 32 8 41 23 15 42 49 1 7 21 44 24 8 13 26 14 30 
30 47 35 33 38 43 48 19 43 29 26 38 1 40 34 2 49 22 39 25 32 20 26 33 26 0 4 17 4 11 32 6 17 5 44 9 11 32 3 5 2 42 29 49 48 6 28 21 15 7 
6 26 3 15 46 12 47 35 44 9 15 20 18 14 2 33 4 17 30 28 36 25 42 10 33 4 0 16 26 40 20 2 49 27 12 22 42 26 10 43 29 28 40 20 41 29 29 42 34 26 
15 46 49 36 29 14 18 39 26 30 16 40 36 23 37 40 22 47 31 24 38 15 47 26 33 17 16 0 33 15 27 28 18 25 9 24 27 45 45 15 4 40 46 20 18 46 45 26 40 2 
17 46 26 41 13 5 46 45 14 49 17 42 43 49 35 12 46 42 35 23 31 17 43 9 30 4 26 33 0 39 23 33 3 10 47 11 29 20 12 13 7 46 1 30 13 6 33 37 11 2 
25 31 15 35 15 25 44 6 6 3 49 17 5 43 45 11 44 45 6 40 17 21 32 41 27 11 40 15 39 0 1 9 25 32 33 49 46 29 45 20 8 46 26 38 38 47 17 10 32 24 
16 8 41 19 28 26 1 4 21 44 1 32 20 31 14 7 42 12 10 15 46 5 15 40 2 32 20 27 23 1 0 15 14 16 37 24 20 11 48 19 46 14 9 21 40 7 32 23 14 27 
25 10 32 5 5 9 14 43 17 24 37 3 24 19 44 35 34 6 43 9 46 7 22 5 13 6 2 28 33 9 15 0 38 38 39 1 36 43 13 27 36 31 36 43 7 3 40 38 7 30 
40 12 20 43 24 31 15 43 45 16 34 34 9 45 28 10 16 25 25 39 28 25 22 12 22 17 49 18 3 25 14 38 0 14 38 20 15 24 35 34 44 31 19 29 9 42 47 6 7 35 
6 6 41 1 30 49 11 25 22 14 32 29 14 43 35 14 6 26 44 44 9 30 36 33 32 5 27 25 10 32 16 38 14 0 31 25 40 3 46 31 11 33 40 33 37 42 41 24 35 18 
4 26 33 49 7 10 43 44 8 26 16 20 40 33 48 13 25 37 8 24 25 13 37 23 8 44 12 9 47 33 37 39 38 31 0 18 6 36 8 47 4 16 3 26 35 24 4 16 36 41 
16 20 14 40 30 35 14 48 19 31 14 27 12 2 14 15 1 6 34 28 33 12 7 36 41 9 22 24 11 49 24 1 20 25 18 0 7 21 3 44 24 37 3 15 41 20 6 42 31 22 
40 9 9 34 20 11 5 42 9 35 45 12 38 35 36 4 13 21 17 4 46 26 6 14 23 11 42 27 29 46 20 36 15 40 6 7 0 4 11 1 37 3 44 37 26 42 27 25 27 28 
17 16 39 38 34 25 36 25 4 43 37 41 22 14 4 40 3 23 44 9 49 6 14 12 15 32 26 45 20 29 11 43 24 3 36 21 4 0 28 6 1 6 9 31 39 48 33 23 4 44 
48 4 7 1 37 19 1 5 35 15 12 21 21 9 46 48 7 32 33 41 47 32 8 1 42 3 10 45 12 45 48 13 35 46 8 3 11 28 0 18 4 28 10 27 21 31 16 30 16 34 
6 7 17 39 45 23 37 45 25 32 43 36 46 47 35 9 12 33 10 24 25 35 34 40 49 5 43 15 13 20 19 27 34 31 47 44 1 6 18 0 17 32 42 41 13 44 44 45 26 27 
30 22 30 15 4 18 36 26 30 34 17 23 39 47 17 9 35 39 10 38 44 43 42 23 1 2 29 4 7 8 46 36 44 11 4 24 37 1 4 17 0 26 39 33 1 46 26 12 48 40 
8 36 27 19 46 42 43 41 6 9 2 48 34 16 40 12 26 4 5 11 47 5 46 47 7 42 28 40 46 46 14 31 31 33 16 37 3 6 28 32 26 0 6 41 14 47 40 36 45 32 
39 7 11 8 7 34 1 10 49 11 38 5 39 24 32 5 31 20 14 13 44 17 34 26 21 29 40 46 1 26 9 36 19 40 3 3 44 9 10 42 39 6 0 40 41 49 6 29 36 38 
14 21 16 17 13 37 49 4 14 16 27 45 5 48 2 29 26 35 12 14 12 36 27 42 44 49 20 20 30 38 21 43 29 33 26 15 37 31 27 41 33 41 40 0 4 29 7 35 48 45 
30 19 30 3 33 18 17 20 36 39 7 13 15 19 4 20 5 13 13 23 28 32 20 18 24 48 41 18 13 38 40 7 9 37 35 41 26 39 21 13 1 14 41 4 0 45 28 33 18 11 
19 33 4 10 29 4 24 15 39 26 9 31 39 27 37 47 24 11 44 26 34 36 29 12 8 6 29 46 6 47 7 3 42 42 24 20 42 48 31 44 46 47 49 29 45 0 5 16 21 16 
36 4 24 17 21 32 16 8 19 38 37 42 26 39 40 18 28 28 45 40 37 26 46 44 13 28 29 45 33 17 32 40 47 41 4 6 27 33 16 44 26 40 6 7 28 5 0 10 16 13 
38 17 13 25 35 45 29 20 2 33 37 5 19 32 49 22 14 18 1 8 17 23 2 40 26 21 42 26 37 10 23 38 6 24 16 42 25 23 30 45 12 36 29 35 33 16 10 0 10 12 
9 24 2 42 30 27 11 2 2 19 4 5 22 38 40 18 24 8 37 26 15 34 32 42 14 15 34 40 11 32 14 7 7 35 36 31 27 4 16 26 48 45 36 48 18 21 16 10 0 22 
47 8 49 22 44 33 6 2 47 30 29 45 37 29 9 23 29 11 39 47 43 34 20 3 30 7 26 2 2 24 27 30 35 18 41 22 28 44 34 27 40 32 38 45 11 16 13 12 22 0 
