0 25 15 17 22 43 43 24 11 40 37 47 32 47 17 49 22 27 2 42 46 28 40 45 2 24 45 30 36 41 25 17 16 34 5 20 3 13 30 2 26 2 8 45 28 5 36 22 36 3 
25 0 3 11 3 40 5 14 7 48 43 40 15 29 14 18 2 10 19 10 13 21 19 6 11 3 15 33 33 44 11 45 47 21 32 24 34 40 37 38 41 44 23 1 34 1 3 32 23 22 
15 3 0 24 25 36 27 36 33 49 48 10 33 48 7 30 2 17 32 22 23 44 21 13 44 30 11 48 26 27 1 39 32 32 47 47 38 14 17 37 27 14 44 42 19 49 46 44 21 12 
17 11 24 0 2 13 19 20 26 29 18 8 18 29 45 29 18 7 33 29 38 35 41 39 39 39 2 36 22 42 13 19 6 26 44 45 1 29 16 15 46 2 24 5 40 36 16 48 2 46 
22 3 25 2 0 38 11 41 43 41 24 15 15 32 20 15 16 9 6 13 32 42 9 20 28 33 32 13 27 32 40 31 20 19 37 22 6 14 3 16 24 11 36 39 8 4 38 8 39 15 
43 40 36 13 38 0 43 40 10 8 22 14 2 31 19 13 21 47 7 37 39 14 5 36 46 2 11 47 5 10 19 6 7 15 46 20 42 34 17 47 8 40 19 43 38 29 20 44 10 11 
43 5 27 19 11 43 0 5 31 35 4 2 23 38 13 19 22 14 17 44 31 1 30 47 32 5 36 46 43 15 17 8 16 37 21 2 7 29 8 48 45 46 47 3 46 45 44 29 38 11 
24 14 36 20 41 40 5 0 5 42 39 23 6 27 37 5 18 37 44 25 20 30 30 44 47 39 46 1 25 6 14 9 11 9 42 3 46 24 37 1 22 18 21 5 36 31 12 40 11 23 
11 7 33 26 43 10 31 5 0 12 19 7 23 22 32 5 23 31 3 2 18 44 16 13 19 49 38 26 23 2 19 4 25 29 17 2 19 19 29 45 17 2 2 5 14 14 4 16 36 45 
40 48 49 29 41 8 35 42 12 0 27 48 21 19 2 12 8 10 38 35 4 43 33 14 34 3 34 45 11 11 13 42 17 29 38 39 24 27 9 8 36 13 37 45 3 14 41 34 29 40 
37 43 48 18 24 22 4 39 19 27 0 26 39 34 9 16 4 26 2 4 11 34 5 25 7 39 48 34 8 31 6 32 11 28 39 42 35 43 1 31 18 35 15 3 24 37 31 18 4 10 
47 40 10 8 15 14 2 23 7 48 26 0 23 10 27 2 8 29 13 42 45 28 8 48 21 35 30 12 34 46 21 41 5 24 37 14 41 8 20 22 17 4 9 6 46 20 45 16 7 27 
32 15 33 18 15 2 23 6 23 21 39 23 0 43 19 39 31 47 31 29 40 44 42 23 35 3 7 5 3 29 43 42 27 28 41 38 14 41 44 10 42 36 37 37 7 47 39 21 48 39 
47 29 48 29 32 31 38 27 22 19 34 10 43 0 25 24 5 8 3 20 1 24 20 35 33 10 4 14 7 26 10 42 11 12 13 39 29 49 26 16 6 13 24 24 40 30 47 43 29 45 
17 14 7 45 20 19 13 37 32 2 9 27 19 25 0 42 19 26 19 17 12 30 7 14 9 36 31 29 2 4 36 31 36 18 49 1 15 24 42 29 26 7 13 10 34 9 17 16 31 34 
49 18 30 29 15 13 19 5 5 12 16 2 39 24 42 0 40 49 21 6 29 30 44 12 18 41 3 6 1 48 18 46 27 9 12 22 2 45 38 36 11 34 44 13 21 15 16 7 44 41 
22 2 2 18 16 21 22 18 23 8 4 8 31 5 19 40 0 39 24 31 27 35 43 13 25 16 20 23 49 48 46 38 22 4 43 26 20 19 43 9 49 25 40 11 6 5 21 16 16 38 
27 10 17 7 9 47 14 37 31 10 26 29 47 8 26 49 39 0 2 47 33 23 48 18 38 26 23 11 34 9 35 16 27 36 6 18 9 35 30 48 43 3 43 4 31 19 33 16 38 11 
2 19 32 33 6 7 17 44 3 38 2 13 31 3 19 21 24 2 0 16 39 48 41 29 24 1 47 10 10 24 7 15 40 43 20 13 18 8 28 19 14 48 2 40 42 49 45 22 2 25 
42 10 22 29 13 37 44 25 2 35 4 42 29 20 17 6 31 47 16 0 16 6 20 14 25 10 24 7 20 23 9 4 48 38 38 5 29 3 9 11 26 17 17 17 18 16 25 11 39 43 
46 13 23 38 32 39 31 20 18 4 11 45 40 1 12 29 27 33 39 16 0 36 17 41 25 42 48 29 7 27 18 28 10 3 17 45 39 30 44 30 16 36 25 31 43 38 34 40 6 47 
28 21 44 35 42 14 1 30 44 43 34 28 44 24 30 30 35 23 48 6 36 0 40 4 44 16 49 34 17 28 41 48 48 15 11 23 43 37 34 47 46 2 4 29 29 38 30 26 36 37 
40 19 21 41 9 5 30 30 16 33 5 8 42 20 7 44 43 48 41 20 17 40 0 28 1 7 44 9 11 26 40 27 40 28 1 8 22 33 40 37 28 11 36 49 44 4 11 35 39 47 
45 6 13 39 20 36 47 44 13 14 25 48 23 35 14 12 13 18 29 14 41 4 28 0 6 38 22 43 38 33 6 24 35 41 7 22 45 25 22 20 19 40 39 10 35 49 13 39 15 43 
2 11 44 39 28 46 32 47 19 34 7 21 35 33 9 18 25 38 24 25 25 44 1 6 0 42 47 28 5 3 8 38 13 34 26 14 48 42 29 1 37 13 9 28 28 37 7 26 49 5 
24 3 30 39 33 2 5 39 49 3 39 35 3 10 36 41 16 26 1 10 42 16 7 38 42 0 37 49 20 18 8 8 14 11 44 2 19 20 20 46 43 4 43 20 34 46 16 23 40 22 
45 15 11 2 32 11 36 46 38 34 48 30 7 4 31 3 20 23 47 24 48 49 44 22 47 37 0 31 24 38 16 39 39 8 22 9 39 38 46 16 28 28 32 1 48 19 44 25 21 25 
30 33 48 36 13 47 46 1 26 45 34 12 5 14 29 6 23 11 10 7 29 34 9 43 28 49 31 0 38 40 33 20 11 12 28 48 10 9 44 20 25 10 13 21 17 32 18 8 32 25 
36 33 26 22 27 5 43 25 23 11 8 34 3 7 2 1 49 34 10 20 7 17 11 38 5 20 24 38 0 33 9 27 23 26 22 5 44 29 7 3 7 33 14 24 35 42 48 35 4 39 
41 44 27 42 32 10 15 6 2 11 31 46 29 26 4 48 48 9 24 23 27 28 26 33 3 18 38 40 33 0 33 2 34 18 5 32 2 41 10 43 16 21 49 7 2 16 32 23 2 33 
25 11 1 13 40 19 17 14 19 13 6 21 43 10 36 18 46 35 7 9 18 41 40 6 8 8 16 33 9 33 0 8 47 43 21 23 42 34 7 9 39 20 36 22 16 36 15 25 16 9 
17 45 39 19 31 6 8 9 4 42 32 41 42 42 31 46 38 16 15 4 28 48 27 24 38 8 39 20 27 2 8 0 29 30 6 3 19 46 9 10 43 39 6 5 45 17 49 21 29 5 
16 47 32 6 20 7 16 11 25 17 11 5 27 11 36 27 22 27 40 48 10 48 40 35 13 14 39 11 23 34 47 29 0 12 10 41 19 35 45 45 13 20 24 30 2 2 14 36 15 46 
34 21 32 26 19 15 37 9 29 29 28 24 28 12 18 9 4 36 43 38 3 15 28 41 34 11 8 12 26 18 43 30 12 0 4 41 46 46 20 30 25 39 13 9 20 12 1 48 37 11 
5 32 47 44 37 46 21 42 17 38 39 37 41 13 49 12 43 6 20 38 17 11 1 7 26 44 22 28 22 5 21 6 10 4 0 17 37 45 17 49 8 9 42 44 48 38 21 12 21 17 
20 24 47 45 22 20 2 3 2 39 42 14 38 39 1 22 26 18 13 5 45 23 8 22 14 2 9 48 5 32 23 3 41 41 17 0 45 15 2 2 46 31 17 21 43 13 38 32 16 46 
3 34 38 1 6 42 7 46 19 24 35 41 14 29 15 2 20 9 18 29 39 43 22 45 48 19 39 10 44 2 42 19 19 46 37 45 0 26 27 43 30 46 37 6 9 4 20 30 31 36 
13 40 14 29 14 34 29 24 19 27 43 8 41 49 24 45 19 35 8 3 30 37 33 25 42 20 38 9 29 41 34 46 35 46 45 15 26 0 32 4 48 35 44 48 24 23 12 47 15 6 
30 37 17 16 3 17 8 37 29 9 1 20 44 26 42 38 43 30 28 9 44 34 40 22 29 20 46 44 7 10 7 9 45 20 17 2 27 32 0 42 2 35 5 21 32 46 35 3 38 31 
2 38 37 15 16 47 48 1 45 8 31 22 10 16 29 36 9 48 19 11 30 47 37 20 1 46 16 20 3 43 9 10 45 30 49 2 43 4 42 0 48 12 47 47 9 45 48 17 48 12 
26 41 27 46 24 8 45 22 17 36 18 17 42 6 26 11 49 43 14 26 16 46 28 19 37 43 28 25 7 16 39 43 13 25 8 46 30 48 2 48 0 12 35 1 9 18 1 40 19 43 
2 44 14 2 11 40 46 18 2 13 35 4 36 13 7 34 25 3 48 17 36 2 11 40 13 4 28 10 33 21 20 39 20 39 9 31 46 35 35 12 12 0 34 22 27 34 20 33 32 11 
8 23 44 24 36 19 47 21 2 37 15 9 37 24 13 44 40 43 2 17 25 4 36 39 9 43 32 13 14 49 36 6 24 13 42 17 37 44 5 47 35 34 0 38 15 38 4 21 49 19 
45 1 42 5 39 43 3 5 5 45 3 6 37 24 10 13 11 4 40 17 31 29 49 10 28 20 1 21 24 7 22 5 30 9 44 21 6 48 21 47 1 22 38 0 48 43 13 43 27 26 
28 34 19 40 8 38 46 36 14 3 24 46 7 40 34 21 6 31 42 18 43 29 44 35 28 34 48 17 35 2 16 45 2 20 48 43 9 24 32 9 9 27 15 48 0 11 39 31 28 26 
5 1 49 36 4 29 45 31 14 14 37 20 47 30 9 15 5 19 49 16 38 38 4 49 37 46 19 32 42 16 36 17 2 12 38 13 4 23 46 45 18 34 38 43 11 0 36 39 42 27 
36 3 46 16 38 20 44 12 4 41 31 45 39 47 17 16 21 33 45 25 34 30 11 13 7 16 44 18 48 32 15 49 14 1 21 38 20 12 35 48 1 20 4 13 39 36 0 20 26 31 
22 32 44 48 8 44 29 40 16 34 18 16 21 43 16 7 16 16 22 11 40 26 35 39 26 23 25 8 35 23 25 21 36 48 12 32 30 47 3 17 40 33 21 43 31 39 20 0 25 38 
36 23 21 2 39 10 38 11 36 29 4 7 48 29 31 44 16 38 2 39 6 36 39 15 49 40 21 32 4 2 16 29 15 37 21 16 31 15 38 48 19 32 49 27 28 42 26 25 0 40 
3 22 12 46 15 11 11 23 45 40 10 27 39 45 34 41 38 11 25 43 47 37 47 43 5 22 25 25 39 33 9 5 46 11 17 46 36 6 31 12 43 11 19 26 26 27 31 38 40 0 
