0 33 9 2 9 27 30 19 26 39 9 37 2 44 32 35 31 37 10 34 31 32 13 27 13 14 27 46 17 44 44 5 15 21 41 27 43 25 37 26 6 20 42 19 22 34 35 2 15 25 
33 0 14 43 9 33 43 28 8 4 4 28 8 18 49 19 20 28 47 16 6 22 35 43 40 5 14 33 44 30 41 44 12 3 21 20 3 29 44 44 24 9 35 39 8 10 43 36 22 8 
9 14 0 26 37 24 3 18 15 47 19 18 46 45 34 47 46 37 16 48 40 49 18 13 21 43 27 20 48 22 30 28 3 37 44 3 6 11 5 44 20 10 1 18 22 39 42 40 41 19 
2 43 26 0 36 7 41 7 17 29 10 39 26 19 12 35 24 33 9 42 45 35 8 19 9 38 18 15 28 10 31 47 38 32 29 47 38 22 9 27 33 5 45 43 34 14 4 15 8 37 
9 9 37 36 0 38 5 25 27 3 38 44 6 32 40 8 3 2 19 17 24 2 2 46 23 8 34 16 41 7 17 43 1 3 20 24 24 39 33 28 48 37 30 26 13 1 27 26 23 49 
27 33 24 7 38 0 43 9 43 42 15 29 12 24 40 15 38 17 22 49 8 5 18 9 8 37 42 29 18 7 16 6 19 33 42 30 26 3 41 5 46 26 33 25 40 39 31 3 24 25 
30 43 3 41 5 43 0 32 3 40 39 37 28 38 11 41 6 1 34 17 8 24 22 29 26 40 43 13 12 34 8 37 6 36 17 27 24 46 8 10 11 4 22 12 42 10 45 49 37 45 
19 28 18 7 25 9 32 0 18 42 4 38 37 9 36 34 7 40 19 15 14 9 16 43 41 2 7 2 6 23 19 25 35 12 19 49 37 43 14 21 29 8 30 32 21 40 21 46 48 27 
26 8 15 17 27 43 3 18 0 42 22 35 10 28 10 46 18 9 20 11 8 20 3 48 4 6 28 18 43 3 15 28 2 17 39 29 15 25 14 42 48 36 48 19 8 1 24 19 26 20 
39 4 47 29 3 42 40 42 42 0 22 28 22 7 3 33 32 33 18 31 14 38 10 28 14 34 45 39 25 33 18 45 46 28 44 47 31 19 48 39 3 35 24 21 22 13 33 16 26 46 
9 4 19 10 38 15 39 4 22 22 0 28 47 8 20 41 9 45 14 20 41 27 2 42 37 47 39 48 7 11 11 11 34 47 6 22 14 31 10 49 9 35 1 9 3 29 30 32 33 2 
37 28 18 39 44 29 37 38 35 28 28 0 30 40 19 15 25 37 38 42 2 1 44 23 4 41 17 27 3 22 3 6 44 47 16 22 6 16 23 37 7 10 5 27 37 21 1 39 35 24 
2 8 46 26 6 12 28 37 10 22 47 30 0 23 34 38 15 30 43 2 24 15 1 36 36 22 45 1 2 27 16 1 24 34 11 7 20 30 35 2 41 14 42 28 21 5 14 5 7 49 
44 18 45 19 32 24 38 9 28 7 8 40 23 0 11 39 39 19 16 7 34 34 27 9 32 6 46 24 11 31 13 20 5 31 49 12 19 11 6 18 29 29 42 7 11 14 20 27 20 40 
32 49 34 12 40 40 11 36 10 3 20 19 34 11 0 47 39 39 16 4 20 45 6 43 2 2 16 28 21 19 16 4 10 8 20 5 30 34 33 38 44 24 3 1 22 15 13 47 43 8 
35 19 47 35 8 15 41 34 46 33 41 15 38 39 47 0 42 27 49 14 2 9 36 30 25 36 31 9 12 27 25 21 16 35 29 31 33 45 5 19 24 41 48 4 11 22 19 37 37 24 
31 20 46 24 3 38 6 7 18 32 9 25 15 39 39 42 0 20 1 37 33 22 31 42 18 44 10 4 43 4 49 48 47 49 8 31 40 40 28 31 2 17 40 10 42 23 47 30 42 29 
37 28 37 33 2 17 1 40 9 33 45 37 30 19 39 27 20 0 13 24 39 13 35 43 49 43 18 26 42 33 14 29 16 32 26 31 22 47 38 21 8 47 7 44 45 27 22 46 43 33 
10 47 16 9 19 22 34 19 20 18 14 38 43 16 16 49 1 13 0 21 43 12 32 5 24 43 44 31 30 16 25 25 46 39 23 1 14 10 7 20 7 22 33 34 31 23 13 22 19 4 
34 16 48 42 17 49 17 15 11 31 20 42 2 7 4 14 37 24 21 0 34 40 34 42 31 1 2 22 45 49 25 38 33 39 37 41 5 31 17 10 45 32 42 29 28 36 18 39 42 20 
31 6 40 45 24 8 8 14 8 14 41 2 24 34 20 2 33 39 43 34 0 12 33 16 21 27 43 1 47 49 27 27 43 34 15 2 47 48 44 12 38 49 20 15 33 47 42 37 23 26 
32 22 49 35 2 5 24 9 20 38 27 1 15 34 45 9 22 13 12 40 12 0 17 38 33 32 23 8 19 43 22 29 40 39 1 23 10 38 1 35 36 38 21 12 47 46 10 46 33 49 
13 35 18 8 2 18 22 16 3 10 2 44 1 27 6 36 31 35 32 34 33 17 0 19 28 29 24 44 41 26 43 46 49 15 10 18 15 23 10 45 8 23 14 31 10 26 40 37 19 16 
27 43 13 19 46 9 29 43 48 28 42 23 36 9 43 30 42 43 5 42 16 38 19 0 24 5 17 37 27 19 43 39 37 32 25 49 28 44 17 11 5 37 21 10 10 4 13 13 5 5 
13 40 21 9 23 8 26 41 4 14 37 4 36 32 2 25 18 49 24 31 21 33 28 24 0 13 12 9 34 3 21 40 28 12 24 25 31 22 16 34 5 45 4 25 29 33 14 7 42 14 
14 5 43 38 8 37 40 2 6 34 47 41 22 6 2 36 44 43 43 1 27 32 29 5 13 0 24 34 6 17 41 26 8 26 42 2 2 33 31 4 34 36 4 32 23 48 3 12 14 36 
27 14 27 18 34 42 43 7 28 45 39 17 45 46 16 31 10 18 44 2 43 23 24 17 12 24 0 37 38 20 45 45 42 45 10 26 5 24 40 46 19 36 29 30 35 30 36 19 3 44 
46 33 20 15 16 29 13 2 18 39 48 27 1 24 28 9 4 26 31 22 1 8 44 37 9 34 37 0 42 25 15 7 25 13 30 2 47 27 26 34 34 26 34 47 17 11 20 6 8 47 
17 44 48 28 41 18 12 6 43 25 7 3 2 11 21 12 43 42 30 45 47 19 41 27 34 6 38 42 0 46 4 43 45 2 7 29 32 40 16 2 22 10 24 3 11 39 46 1 22 4 
44 30 22 10 7 7 34 23 3 33 11 22 27 31 19 27 4 33 16 49 49 43 26 19 3 17 20 25 46 0 39 18 16 44 29 28 32 33 42 3 31 1 40 5 20 18 49 25 30 22 
44 41 30 31 17 16 8 19 15 18 11 3 16 13 16 25 49 14 25 25 27 22 43 43 21 41 45 15 4 39 0 4 15 48 13 21 42 30 30 5 41 9 6 14 9 38 25 47 17 14 
5 44 28 47 43 6 37 25 28 45 11 6 1 20 4 21 48 29 25 38 27 29 46 39 40 26 45 7 43 18 4 0 1 12 29 4 7 40 34 18 16 48 41 45 26 28 47 13 29 39 
15 12 3 38 1 19 6 35 2 46 34 44 24 5 10 16 47 16 46 33 43 40 49 37 28 8 42 25 45 16 15 1 0 26 25 43 44 3 44 32 29 1 1 23 32 17 38 16 46 31 
21 3 37 32 3 33 36 12 17 28 47 47 34 31 8 35 49 32 39 39 34 39 15 32 12 26 45 13 2 44 48 12 26 0 24 2 46 3 13 15 16 29 43 30 47 49 8 18 9 39 
41 21 44 29 20 42 17 19 39 44 6 16 11 49 20 29 8 26 23 37 15 1 10 25 24 42 10 30 7 29 13 29 25 24 0 23 11 16 3 12 30 5 15 23 7 35 34 25 10 49 
27 20 3 47 24 30 27 49 29 47 22 22 7 12 5 31 31 31 1 41 2 23 18 49 25 2 26 2 29 28 21 4 43 2 23 0 4 19 36 11 19 39 4 12 30 11 27 14 10 35 
43 3 6 38 24 26 24 37 15 31 14 6 20 19 30 33 40 22 14 5 47 10 15 28 31 2 5 47 32 32 42 7 44 46 11 4 0 12 42 24 41 37 8 11 39 7 10 9 31 47 
25 29 11 22 39 3 46 43 25 19 31 16 30 11 34 45 40 47 10 31 48 38 23 44 22 33 24 27 40 33 30 40 3 3 16 19 12 0 19 34 30 22 6 12 34 14 11 1 28 7 
37 44 5 9 33 41 8 14 14 48 10 23 35 6 33 5 28 38 7 17 44 1 10 17 16 31 40 26 16 42 30 34 44 13 3 36 42 19 0 22 24 23 26 30 20 46 43 10 21 39 
26 44 44 27 28 5 10 21 42 39 49 37 2 18 38 19 31 21 20 10 12 35 45 11 34 4 46 34 2 3 5 18 32 15 12 11 24 34 22 0 17 5 45 11 14 27 45 13 7 30 
6 24 20 33 48 46 11 29 48 3 9 7 41 29 44 24 2 8 7 45 38 36 8 5 5 34 19 34 22 31 41 16 29 16 30 19 41 30 24 17 0 11 19 36 41 8 41 17 42 23 
20 9 10 5 37 26 4 8 36 35 35 10 14 29 24 41 17 47 22 32 49 38 23 37 45 36 36 26 10 1 9 48 1 29 5 39 37 22 23 5 11 0 15 19 49 46 42 2 4 17 
42 35 1 45 30 33 22 30 48 24 1 5 42 42 3 48 40 7 33 42 20 21 14 21 4 4 29 34 24 40 6 41 1 43 15 4 8 6 26 45 19 15 0 34 25 12 32 26 13 22 
19 39 18 43 26 25 12 32 19 21 9 27 28 7 1 4 10 44 34 29 15 12 31 10 25 32 30 47 3 5 14 45 23 30 23 12 11 12 30 11 36 19 34 0 3 42 32 37 34 49 
22 8 22 34 13 40 42 21 8 22 3 37 21 11 22 11 42 45 31 28 33 47 10 10 29 23 35 17 11 20 9 26 32 47 7 30 39 34 20 14 41 49 25 3 0 7 35 34 25 46 
34 10 39 14 1 39 10 40 1 13 29 21 5 14 15 22 23 27 23 36 47 46 26 4 33 48 30 11 39 18 38 28 17 49 35 11 7 14 46 27 8 46 12 42 7 0 9 43 40 19 
35 43 42 4 27 31 45 21 24 33 30 1 14 20 13 19 47 22 13 18 42 10 40 13 14 3 36 20 46 49 25 47 38 8 34 27 10 11 43 45 41 42 32 32 35 9 0 21 4 49 
2 36 40 15 26 3 49 46 19 16 32 39 5 27 47 37 30 46 22 39 37 46 37 13 7 12 19 6 1 25 47 13 16 18 25 14 9 1 10 13 17 2 26 37 34 43 21 0 9 27 
15 22 41 8 23 24 37 48 26 26 33 35 7 20 43 37 42 43 19 42 23 33 19 5 42 14 3 8 22 30 17 29 46 9 10 10 31 28 21 7 42 4 13 34 25 40 4 9 0 17 
25 8 19 37 49 25 45 27 20 46 2 24 49 40 8 24 29 33 4 20 26 49 16 5 14 36 44 47 4 22 14 39 31 39 49 35 47 7 39 30 23 17 22 49 46 19 49 27 17 0 
