0 41 47 18 8 2 22 29 5 42 48 9 15 31 37 3 1 28 14 41 5 41 29 2 5 7 41 9 16 34 14 23 33 6 6 21 44 16 11 24 27 47 37 23 40 29 13 25 48 35 
41 0 14 36 39 31 33 29 35 41 28 31 19 29 46 32 44 49 17 6 6 9 6 27 29 36 29 8 19 17 34 17 45 37 22 34 28 42 47 28 6 6 37 34 12 39 27 4 20 29 
47 14 0 11 23 9 23 8 8 21 44 38 30 41 25 48 6 23 23 7 18 22 33 22 15 3 27 23 43 31 5 18 38 30 9 35 37 30 46 22 3 15 28 8 47 6 40 47 20 40 
18 36 11 0 12 11 34 45 15 21 22 36 39 38 42 49 28 9 23 10 28 36 37 46 17 17 2 12 15 39 5 20 19 40 5 3 1 36 12 21 23 30 30 35 17 1 14 37 26 4 
8 39 23 12 0 16 22 25 48 4 5 39 46 40 48 48 38 28 42 30 20 7 45 18 34 40 41 37 32 34 48 44 4 20 26 12 33 3 22 34 4 11 35 13 46 2 40 18 27 41 
2 31 9 11 16 0 3 17 41 39 44 16 5 3 25 38 20 22 46 27 8 16 22 28 26 38 40 33 24 6 19 26 15 21 16 10 3 37 3 5 3 12 24 45 42 38 38 38 30 47 
22 33 23 34 22 3 0 11 39 19 9 40 28 1 1 47 23 26 46 13 21 37 46 23 23 37 37 20 19 3 11 35 43 39 23 4 44 10 33 41 15 39 19 45 3 18 38 24 37 44 
29 29 8 45 25 17 11 0 15 4 23 15 9 7 34 26 21 19 25 31 23 30 9 28 26 29 4 37 38 26 36 16 5 47 1 19 41 23 10 15 27 17 26 26 46 19 41 45 14 26 
5 35 8 15 48 41 39 15 0 38 41 25 21 33 20 34 20 30 32 45 21 35 39 1 3 12 17 46 2 19 26 2 44 30 31 14 19 16 35 31 14 37 39 47 21 40 21 8 10 18 
42 41 21 21 4 39 19 4 38 0 34 29 15 19 35 1 19 36 47 9 48 24 31 32 45 32 35 26 25 33 34 40 46 37 28 34 49 28 47 9 16 8 5 38 42 48 19 6 41 45 
48 28 44 22 5 44 9 23 41 34 0 10 17 31 29 8 23 17 6 25 8 37 20 6 22 28 29 39 25 47 9 44 24 40 47 25 38 28 32 18 34 13 20 21 28 28 20 28 20 33 
9 31 38 36 39 16 40 15 25 29 10 0 35 10 16 16 14 23 18 6 41 26 39 30 26 27 27 47 16 41 35 37 22 17 19 45 37 12 23 47 26 40 10 17 8 22 42 3 22 46 
15 19 30 39 46 5 28 9 21 15 17 35 0 18 7 45 28 32 14 40 36 22 29 39 35 41 39 48 5 38 14 3 12 43 15 11 45 20 4 30 5 44 49 27 49 33 44 46 27 18 
31 29 41 38 40 3 1 7 33 19 31 10 18 0 35 35 49 8 31 49 42 6 22 14 20 3 33 20 12 36 16 35 48 20 12 32 6 30 8 14 27 34 46 14 24 10 19 11 46 32 
37 46 25 42 48 25 1 34 20 35 29 16 7 35 0 45 19 9 14 5 49 14 19 27 2 36 3 17 40 28 18 39 17 4 17 29 4 18 31 27 30 34 48 46 4 44 9 26 20 47 
3 32 48 49 48 38 47 26 34 1 8 16 45 35 45 0 15 46 19 36 9 47 49 3 30 49 18 32 18 45 25 7 12 6 46 23 35 28 40 4 16 43 12 8 34 25 2 45 17 36 
1 44 6 28 38 20 23 21 20 19 23 14 28 49 19 15 0 9 38 3 20 19 13 32 39 14 10 43 49 18 2 6 47 9 13 32 6 15 33 22 6 34 17 17 42 6 28 38 26 45 
28 49 23 9 28 22 26 19 30 36 17 23 32 8 9 46 9 0 7 33 22 25 27 30 45 1 28 12 41 43 1 44 36 23 48 43 45 8 23 47 41 30 24 28 44 29 2 45 22 44 
14 17 23 23 42 46 46 25 32 47 6 18 14 31 14 19 38 7 0 43 16 23 12 24 24 45 3 34 25 17 24 49 10 22 10 43 22 43 40 47 27 43 12 11 37 14 15 11 48 42 
41 6 7 10 30 27 13 31 45 9 25 6 40 49 5 36 3 33 43 0 43 12 44 30 35 23 35 23 3 15 23 9 38 17 11 47 16 23 36 3 35 40 24 38 24 40 25 3 11 35 
5 6 18 28 20 8 21 23 21 48 8 41 36 42 49 9 20 22 16 43 0 32 10 15 32 10 1 2 20 28 21 37 33 6 7 40 21 47 43 33 39 26 42 26 8 26 36 17 15 5 
41 9 22 36 7 16 37 30 35 24 37 26 22 6 14 47 19 25 23 12 32 0 19 20 6 4 45 31 8 21 13 20 8 30 17 23 33 6 25 31 33 24 38 25 6 21 34 4 19 39 
29 6 33 37 45 22 46 9 39 31 20 39 29 22 19 49 13 27 12 44 10 19 0 19 39 37 24 18 39 43 49 7 12 20 18 43 47 41 17 4 4 26 11 41 32 36 48 23 20 9 
2 27 22 46 18 28 23 28 1 32 6 30 39 14 27 3 32 30 24 30 15 20 19 0 43 27 25 43 10 22 10 43 5 7 3 38 44 46 9 35 43 40 14 5 23 25 6 44 11 34 
5 29 15 17 34 26 23 26 3 45 22 26 35 20 2 30 39 45 24 35 32 6 39 43 0 42 14 12 22 40 38 22 35 24 49 33 45 24 12 8 17 36 45 3 13 32 21 41 31 15 
7 36 3 17 40 38 37 29 12 32 28 27 41 3 36 49 14 1 45 23 10 4 37 27 42 0 49 33 31 5 44 49 22 1 34 34 39 24 6 41 21 32 48 25 47 32 36 1 29 49 
41 29 27 2 41 40 37 4 17 35 29 27 39 33 3 18 10 28 3 35 1 45 24 25 14 49 0 14 14 30 35 12 22 40 16 49 46 41 46 10 14 29 23 21 26 19 27 13 41 2 
9 8 23 12 37 33 20 37 46 26 39 47 48 20 17 32 43 12 34 23 2 31 18 43 12 33 14 0 45 38 25 42 26 15 20 20 25 16 34 34 45 14 20 47 12 2 37 3 9 46 
16 19 43 15 32 24 19 38 2 25 25 16 5 12 40 18 49 41 25 3 20 8 39 10 22 31 14 45 0 10 38 4 43 45 26 33 35 49 28 18 28 7 22 38 43 46 1 21 40 49 
34 17 31 39 34 6 3 26 19 33 47 41 38 36 28 45 18 43 17 15 28 21 43 22 40 5 30 38 10 0 16 15 48 12 10 13 34 27 11 2 42 5 6 15 24 37 6 10 47 23 
14 34 5 5 48 19 11 36 26 34 9 35 14 16 18 25 2 1 24 23 21 13 49 10 38 44 35 25 38 16 0 25 46 24 48 24 7 8 3 20 34 29 49 26 7 26 7 47 7 28 
23 17 18 20 44 26 35 16 2 40 44 37 3 35 39 7 6 44 49 9 37 20 7 43 22 49 12 42 4 15 25 0 9 37 33 37 38 16 4 40 40 18 21 23 39 6 26 4 45 32 
33 45 38 19 4 15 43 5 44 46 24 22 12 48 17 12 47 36 10 38 33 8 12 5 35 22 22 26 43 48 46 9 0 29 23 9 20 4 15 12 44 27 38 17 16 27 42 30 28 44 
6 37 30 40 20 21 39 47 30 37 40 17 43 20 4 6 9 23 22 17 6 30 20 7 24 1 40 15 45 12 24 37 29 0 27 1 8 47 39 17 38 45 1 48 11 6 49 42 24 7 
6 22 9 5 26 16 23 1 31 28 47 19 15 12 17 46 13 48 10 11 7 17 18 3 49 34 16 20 26 10 48 33 23 27 0 29 40 10 14 15 14 41 7 48 12 15 13 44 5 8 
21 34 35 3 12 10 4 19 14 34 25 45 11 32 29 23 32 43 43 47 40 23 43 38 33 34 49 20 33 13 24 37 9 1 29 0 42 44 13 17 22 35 33 18 3 23 17 5 17 7 
44 28 37 1 33 3 44 41 19 49 38 37 45 6 4 35 6 45 22 16 21 33 47 44 45 39 46 25 35 34 7 38 20 8 40 42 0 37 44 23 20 16 33 8 47 34 29 44 9 22 
16 42 30 36 3 37 10 23 16 28 28 12 20 30 18 28 15 8 43 23 47 6 41 46 24 24 41 16 49 27 8 16 4 47 10 44 37 0 1 25 40 6 41 36 1 15 46 41 23 1 
11 47 46 12 22 3 33 10 35 47 32 23 4 8 31 40 33 23 40 36 43 25 17 9 12 6 46 34 28 11 3 4 15 39 14 13 44 1 0 1 26 17 41 25 39 29 17 27 18 11 
24 28 22 21 34 5 41 15 31 9 18 47 30 14 27 4 22 47 47 3 33 31 4 35 8 41 10 34 18 2 20 40 12 17 15 17 23 25 1 0 11 37 4 1 15 18 15 27 40 12 
27 6 3 23 4 3 15 27 14 16 34 26 5 27 30 16 6 41 27 35 39 33 4 43 17 21 14 45 28 42 34 40 44 38 14 22 20 40 26 11 0 8 20 41 17 29 30 2 3 7 
47 6 15 30 11 12 39 17 37 8 13 40 44 34 34 43 34 30 43 40 26 24 26 40 36 32 29 14 7 5 29 18 27 45 41 35 16 6 17 37 8 0 20 48 43 26 14 29 4 2 
37 37 28 30 35 24 19 26 39 5 20 10 49 46 48 12 17 24 12 24 42 38 11 14 45 48 23 20 22 6 49 21 38 1 7 33 33 41 41 4 20 20 0 37 34 30 38 16 30 39 
23 34 8 35 13 45 45 26 47 38 21 17 27 14 46 8 17 28 11 38 26 25 41 5 3 25 21 47 38 15 26 23 17 48 48 18 8 36 25 1 41 48 37 0 8 38 30 17 44 10 
40 12 47 17 46 42 3 46 21 42 28 8 49 24 4 34 42 44 37 24 8 6 32 23 13 47 26 12 43 24 7 39 16 11 12 3 47 1 39 15 17 43 34 8 0 43 13 22 38 6 
29 39 6 1 2 38 18 19 40 48 28 22 33 10 44 25 6 29 14 40 26 21 36 25 32 32 19 2 46 37 26 6 27 6 15 23 34 15 29 18 29 26 30 38 43 0 34 20 40 10 
13 27 40 14 40 38 38 41 21 19 20 42 44 19 9 2 28 2 15 25 36 34 48 6 21 36 27 37 1 6 7 26 42 49 13 17 29 46 17 15 30 14 38 30 13 34 0 35 34 36 
25 4 47 37 18 38 24 45 8 6 28 3 46 11 26 45 38 45 11 3 17 4 23 44 41 1 13 3 21 10 47 4 30 42 44 5 44 41 27 27 2 29 16 17 22 20 35 0 24 43 
48 20 20 26 27 30 37 14 10 41 20 22 27 46 20 17 26 22 48 11 15 19 20 11 31 29 41 9 40 47 7 45 28 24 5 17 9 23 18 40 3 4 30 44 38 40 34 24 0 18 
35 29 40 4 41 47 44 26 18 45 33 46 18 32 47 36 45 44 42 35 5 39 9 34 15 49 2 46 49 23 28 32 44 7 8 7 22 1 11 12 7 2 39 10 6 10 36 43 18 0 
