0 29 7 48 22 38 47 40 26 2 14 37 7 21 39 18 4 26 9 36 12 23 16 40 15 23 22 16 35 33 30 34 43 34 3 37 11 31 28 44 15 36 27 43 22 38 11 5 26 7 
29 0 13 42 29 5 43 40 42 26 48 32 25 32 34 31 1 30 49 45 17 35 8 29 9 20 42 48 33 42 27 23 40 19 45 15 20 44 31 2 24 9 21 1 47 37 12 8 30 15 
7 13 0 11 41 36 1 6 24 24 16 28 33 24 8 13 39 25 27 25 13 8 36 12 40 47 42 12 5 42 1 43 41 18 6 12 35 48 18 30 3 35 22 30 48 24 37 12 7 6 
48 42 11 0 14 43 20 18 29 30 31 32 24 10 37 9 14 24 39 34 46 24 36 32 15 40 26 35 45 28 31 26 19 3 23 8 41 37 49 27 29 46 5 8 43 42 40 7 36 42 
22 29 41 14 0 18 28 1 24 33 29 9 2 9 21 9 30 16 16 17 3 4 26 2 22 29 33 30 39 19 18 42 33 11 5 6 38 12 3 45 46 4 40 14 39 44 4 46 41 6 
38 5 36 43 18 0 49 30 12 10 12 3 30 11 29 5 24 18 16 6 15 14 5 27 5 30 44 45 5 4 18 28 21 25 7 47 25 18 22 19 5 19 12 39 21 3 27 21 23 31 
47 43 1 20 28 49 0 32 21 6 32 41 47 21 26 46 34 1 39 44 49 30 1 39 41 7 18 4 43 31 26 5 23 5 43 30 26 29 42 1 14 44 32 46 15 24 25 14 13 14 
40 40 6 18 1 30 32 0 38 34 27 49 5 39 28 38 26 40 23 30 10 25 17 43 23 34 21 40 16 23 26 19 18 28 17 47 45 37 17 7 40 30 6 32 14 6 24 21 32 39 
26 42 24 29 24 12 21 38 0 34 9 17 21 45 21 11 45 3 10 6 4 13 3 13 43 23 26 2 28 6 26 35 24 14 2 48 6 33 26 29 48 4 35 30 39 10 43 41 1 44 
2 26 24 30 33 10 6 34 34 0 31 23 21 41 31 22 6 40 23 39 16 23 19 33 34 34 30 7 10 8 33 8 38 45 41 36 27 19 35 3 40 38 33 4 42 14 2 48 48 22 
14 48 16 31 29 12 32 27 9 31 0 32 44 22 10 23 30 34 31 40 4 35 39 39 28 24 17 12 25 23 14 26 49 5 20 2 20 24 17 33 14 31 16 19 10 27 12 13 15 9 
37 32 28 32 9 3 41 49 17 23 32 0 5 16 39 10 18 19 49 34 38 26 16 17 23 17 39 14 21 2 18 37 5 42 48 6 6 2 21 22 45 14 38 14 22 46 4 12 35 34 
7 25 33 24 2 30 47 5 21 21 44 5 0 35 7 17 16 38 20 21 35 8 47 6 17 21 37 28 24 7 4 42 46 11 12 41 15 18 30 49 27 36 11 17 15 20 19 24 10 9 
21 32 24 10 9 11 21 39 45 41 22 16 35 0 37 34 48 45 18 36 47 22 9 16 8 10 24 33 17 32 18 45 28 35 38 15 25 24 44 22 24 44 20 21 35 39 35 35 8 47 
39 34 8 37 21 29 26 28 21 31 10 39 7 37 0 22 46 43 1 29 37 9 28 40 8 29 13 33 38 1 49 9 19 43 18 34 44 41 46 24 16 2 19 20 3 13 49 13 32 18 
18 31 13 9 9 5 46 38 11 22 23 10 17 34 22 0 28 47 2 35 1 49 32 1 23 36 20 8 5 16 41 10 36 8 38 28 39 29 27 4 8 19 5 26 14 6 20 28 14 8 
4 1 39 14 30 24 34 26 45 6 30 18 16 48 46 28 0 20 20 22 15 49 6 36 32 2 48 12 8 20 15 30 39 33 39 4 1 37 4 9 18 45 29 46 25 36 36 10 40 23 
26 30 25 24 16 18 1 40 3 40 34 19 38 45 43 47 20 0 4 22 46 19 31 8 5 44 21 14 46 40 36 41 45 35 27 46 34 10 11 49 25 25 17 34 8 19 31 37 32 49 
9 49 27 39 16 16 39 23 10 23 31 49 20 18 1 2 20 4 0 39 42 47 31 21 26 42 32 47 19 19 18 40 26 31 6 14 42 34 12 17 11 39 47 29 5 16 39 16 49 1 
36 45 25 34 17 6 44 30 6 39 40 34 21 36 29 35 22 22 39 0 10 15 49 3 42 26 7 38 29 34 5 26 42 20 13 9 29 32 5 41 40 1 16 6 20 42 38 13 24 27 
12 17 13 46 3 15 49 10 4 16 4 38 35 47 37 1 15 46 42 10 0 12 33 42 6 17 11 27 13 8 6 15 44 16 28 4 16 20 35 39 29 31 2 26 9 9 27 8 18 29 
23 35 8 24 4 14 30 25 13 23 35 26 8 22 9 49 49 19 47 15 12 0 42 19 22 45 44 24 38 27 10 26 5 15 18 3 34 5 5 47 7 17 22 47 17 39 42 17 8 48 
16 8 36 36 26 5 1 17 3 19 39 16 47 9 28 32 6 31 31 49 33 42 0 28 8 7 8 45 45 45 16 42 5 45 18 27 19 10 39 16 8 22 32 7 9 40 25 23 7 18 
40 29 12 32 2 27 39 43 13 33 39 17 6 16 40 1 36 8 21 3 42 19 28 0 48 26 31 2 22 17 47 43 37 20 15 8 1 5 17 19 20 37 48 44 44 48 45 23 30 13 
15 9 40 15 22 5 41 23 43 34 28 23 17 8 8 23 32 5 26 42 6 22 8 48 0 29 36 16 29 32 48 15 19 43 30 46 41 7 19 11 38 28 24 35 26 6 21 25 39 13 
23 20 47 40 29 30 7 34 23 34 24 17 21 10 29 36 2 44 42 26 17 45 7 26 29 0 30 46 3 14 21 46 30 43 48 27 26 34 22 35 37 7 11 40 48 25 25 18 31 19 
22 42 42 26 33 44 18 21 26 30 17 39 37 24 13 20 48 21 32 7 11 44 8 31 36 30 0 8 23 1 2 7 14 6 43 43 27 33 6 32 28 22 28 11 3 20 27 42 6 25 
16 48 12 35 30 45 4 40 2 7 12 14 28 33 33 8 12 14 47 38 27 24 45 2 16 46 8 0 4 3 25 9 23 36 14 18 5 40 29 46 11 31 34 17 18 21 45 27 37 14 
35 33 5 45 39 5 43 16 28 10 25 21 24 17 38 5 8 46 19 29 13 38 45 22 29 3 23 4 0 29 21 37 10 36 10 43 36 44 14 10 19 45 22 24 30 26 43 26 38 47 
33 42 42 28 19 4 31 23 6 8 23 2 7 32 1 16 20 40 19 34 8 27 45 17 32 14 1 3 29 0 1 16 43 18 8 36 35 2 16 24 4 9 5 17 30 41 26 26 39 10 
30 27 1 31 18 18 26 26 26 33 14 18 4 18 49 41 15 36 18 5 6 10 16 47 48 21 2 25 21 1 0 45 40 49 13 33 1 48 11 26 19 18 42 28 8 32 12 31 15 16 
34 23 43 26 42 28 5 19 35 8 26 37 42 45 9 10 30 41 40 26 15 26 42 43 15 46 7 9 37 16 45 0 7 18 17 31 44 46 19 31 18 1 33 6 23 42 31 34 15 12 
43 40 41 19 33 21 23 18 24 38 49 5 46 28 19 36 39 45 26 42 44 5 5 37 19 30 14 23 10 43 40 7 0 47 24 6 41 44 2 32 31 15 2 6 2 46 27 49 10 26 
34 19 18 3 11 25 5 28 14 45 5 42 11 35 43 8 33 35 31 20 16 15 45 20 43 43 6 36 36 18 49 18 47 0 14 44 39 16 20 8 8 22 19 34 44 37 27 20 27 8 
3 45 6 23 5 7 43 17 2 41 20 48 12 38 18 38 39 27 6 13 28 18 18 15 30 48 43 14 10 8 13 17 24 14 0 29 44 33 4 44 23 10 34 9 21 28 40 41 20 42 
37 15 12 8 6 47 30 47 48 36 2 6 41 15 34 28 4 46 14 9 4 3 27 8 46 27 43 18 43 36 33 31 6 44 29 0 5 37 6 24 21 6 23 32 13 17 36 6 17 24 
11 20 35 41 38 25 26 45 6 27 20 6 15 25 44 39 1 34 42 29 16 34 19 1 41 26 27 5 36 35 1 44 41 39 44 5 0 17 15 8 21 12 45 39 17 38 13 49 35 18 
31 44 48 37 12 18 29 37 33 19 24 2 18 24 41 29 37 10 34 32 20 5 10 5 7 34 33 40 44 2 48 46 44 16 33 37 17 0 33 31 27 45 24 6 37 42 1 48 39 4 
28 31 18 49 3 22 42 17 26 35 17 21 30 44 46 27 4 11 12 5 35 5 39 17 19 22 6 29 14 16 11 19 2 20 4 6 15 33 0 37 29 47 30 35 23 20 14 4 29 25 
44 2 30 27 45 19 1 7 29 3 33 22 49 22 24 4 9 49 17 41 39 47 16 19 11 35 32 46 10 24 26 31 32 8 44 24 8 31 37 0 34 46 1 20 6 17 29 10 40 27 
15 24 3 29 46 5 14 40 48 40 14 45 27 24 16 8 18 25 11 40 29 7 8 20 38 37 28 11 19 4 19 18 31 8 23 21 21 27 29 34 0 36 48 26 25 14 14 19 30 44 
36 9 35 46 4 19 44 30 4 38 31 14 36 44 2 19 45 25 39 1 31 17 22 37 28 7 22 31 45 9 18 1 15 22 10 6 12 45 47 46 36 0 42 13 27 48 22 46 1 17 
27 21 22 5 40 12 32 6 35 33 16 38 11 20 19 5 29 17 47 16 2 22 32 48 24 11 28 34 22 5 42 33 2 19 34 23 45 24 30 1 48 42 0 46 2 11 43 23 28 41 
43 1 30 8 14 39 46 32 30 4 19 14 17 21 20 26 46 34 29 6 26 47 7 44 35 40 11 17 24 17 28 6 6 34 9 32 39 6 35 20 26 13 46 0 1 32 46 40 27 2 
22 47 48 43 39 21 15 14 39 42 10 22 15 35 3 14 25 8 5 20 9 17 9 44 26 48 3 18 30 30 8 23 2 44 21 13 17 37 23 6 25 27 2 1 0 23 20 7 6 37 
38 37 24 42 44 3 24 6 10 14 27 46 20 39 13 6 36 19 16 42 9 39 40 48 6 25 20 21 26 41 32 42 46 37 28 17 38 42 20 17 14 48 11 32 23 0 45 29 37 49 
11 12 37 40 4 27 25 24 43 2 12 4 19 35 49 20 36 31 39 38 27 42 25 45 21 25 27 45 43 26 12 31 27 27 40 36 13 1 14 29 14 22 43 46 20 45 0 17 19 45 
5 8 12 7 46 21 14 21 41 48 13 12 24 35 13 28 10 37 16 13 8 17 23 23 25 18 42 27 26 26 31 34 49 20 41 6 49 48 4 10 19 46 23 40 7 29 17 0 8 45 
26 30 7 36 41 23 13 32 1 48 15 35 10 8 32 14 40 32 49 24 18 8 7 30 39 31 6 37 38 39 15 15 10 27 20 17 35 39 29 40 30 1 28 27 6 37 19 8 0 16 
7 15 6 42 6 31 14 39 44 22 9 34 9 47 18 8 23 49 1 27 29 48 18 13 13 19 25 14 47 10 16 12 26 8 42 24 18 4 25 27 44 17 41 2 37 49 45 45 16 0 
