0 37 9 22 32 7 22 47 24 25 22 15 45 23 30 41 44 22 13 32 41 20 21 12 42 19 36 20 20 25 43 1 28 37 12 12 34 22 29 32 16 14 43 4 15 26 46 30 35 33 
37 0 43 41 36 41 24 39 43 12 28 37 10 23 20 12 42 21 33 31 34 7 48 5 4 15 1 29 25 41 48 18 24 31 33 47 30 8 13 1 21 29 28 41 32 43 32 11 14 4 
9 43 0 23 28 13 49 35 13 35 1 49 1 15 3 1 19 41 32 46 8 16 43 3 42 42 26 20 13 13 32 47 45 4 13 23 26 37 17 26 19 45 14 12 16 3 7 49 32 33 
22 41 23 0 12 7 18 8 18 1 36 34 4 9 47 40 45 2 5 7 30 6 3 30 36 19 29 29 14 13 4 43 34 23 16 24 2 41 32 29 47 36 11 11 6 36 12 27 33 13 
32 36 28 12 0 31 44 13 31 11 36 39 15 47 37 14 19 18 9 18 13 31 42 40 27 37 16 37 30 21 20 33 21 34 3 17 37 43 4 30 48 24 46 10 43 6 23 8 28 33 
7 41 13 7 31 0 43 3 40 21 42 23 2 6 15 49 14 20 2 28 14 21 9 15 33 36 33 19 24 44 34 5 44 8 14 32 8 46 27 29 4 32 22 7 16 49 8 44 9 41 
22 24 49 18 44 43 0 49 44 47 6 16 41 9 12 18 23 34 41 44 22 49 16 2 31 48 49 46 4 38 46 2 22 12 3 11 45 20 22 24 36 46 6 42 7 32 1 21 4 26 
47 39 35 8 13 3 49 0 47 8 17 29 12 48 43 44 18 45 17 10 29 44 11 48 14 20 33 35 42 20 30 20 28 20 40 2 26 20 22 7 41 28 37 15 45 36 48 24 6 8 
24 43 13 18 31 40 44 47 0 25 49 7 11 8 24 3 15 37 39 24 34 6 4 11 15 37 44 21 39 33 7 38 37 37 28 4 22 41 47 14 16 32 32 2 7 38 21 20 25 33 
25 12 35 1 11 21 47 8 25 0 3 2 37 43 43 3 6 23 5 42 5 45 36 2 32 9 9 34 30 38 22 5 37 41 14 14 25 37 5 25 23 24 11 25 20 4 8 26 7 31 
22 28 1 36 36 42 6 17 49 3 0 2 29 11 46 47 2 7 8 42 49 34 11 47 34 14 23 3 46 29 26 25 30 1 36 1 36 18 36 27 6 3 13 16 32 15 3 6 5 39 
15 37 49 34 39 23 16 29 7 2 2 0 13 27 36 14 35 15 5 24 35 38 30 14 12 28 12 26 1 6 9 2 27 23 33 16 46 12 20 23 16 38 28 39 24 44 47 34 28 18 
45 10 1 4 15 2 41 12 11 37 29 13 0 20 1 35 32 11 37 31 3 37 45 4 2 8 29 36 20 4 24 12 46 22 18 26 1 5 39 33 25 1 20 47 12 6 28 9 38 22 
23 23 15 9 47 6 9 48 8 43 11 27 20 0 31 45 46 11 25 11 34 8 5 44 18 4 25 8 41 36 23 38 24 18 12 25 44 42 10 4 7 40 32 46 17 22 20 13 7 24 
30 20 3 47 37 15 12 43 24 43 46 36 1 31 0 11 45 12 16 34 11 19 38 48 45 23 6 14 41 2 16 30 21 34 6 4 21 3 12 24 32 6 17 42 33 44 16 33 15 24 
41 12 1 40 14 49 18 44 3 3 47 14 35 45 11 0 8 2 2 12 16 5 22 24 20 18 35 9 39 31 24 34 10 7 40 11 31 33 10 49 12 8 5 33 36 13 19 31 4 8 
44 42 19 45 19 14 23 18 15 6 2 35 32 46 45 8 0 34 39 40 9 13 48 29 46 24 48 17 25 31 32 40 19 2 26 30 9 6 28 26 48 22 25 13 1 42 6 47 17 36 
22 21 41 2 18 20 34 45 37 23 7 15 11 11 12 2 34 0 34 29 21 15 12 23 1 21 38 29 4 37 11 29 18 44 10 25 13 11 25 8 34 32 9 12 23 42 30 40 35 6 
13 33 32 5 9 2 41 17 39 5 8 5 37 25 16 2 39 34 0 9 13 25 26 20 39 6 32 8 25 25 35 7 34 29 4 5 6 42 8 26 12 14 12 7 27 17 18 6 37 1 
32 31 46 7 18 28 44 10 24 42 42 24 31 11 34 12 40 29 9 0 26 42 18 9 43 32 9 25 45 39 2 40 30 42 35 30 19 34 14 44 28 17 30 42 39 1 36 2 13 45 
41 34 8 30 13 14 22 29 34 5 49 35 3 34 11 16 9 21 13 26 0 42 2 14 25 9 24 9 43 33 39 14 34 11 37 31 19 16 19 39 13 3 37 24 7 24 28 31 3 29 
20 7 16 6 31 21 49 44 6 45 34 38 37 8 19 5 13 15 25 42 42 0 8 12 30 49 42 16 19 37 44 35 27 27 43 32 11 25 39 12 29 8 26 35 19 32 18 14 42 42 
21 48 43 3 42 9 16 11 4 36 11 30 45 5 38 22 48 12 26 18 2 8 0 36 13 34 48 2 9 7 27 8 47 10 31 19 33 27 28 3 27 41 29 40 17 43 35 7 47 40 
12 5 3 30 40 15 2 48 11 2 47 14 4 44 48 24 29 23 20 9 14 12 36 0 34 21 13 48 32 45 32 29 30 32 24 39 42 27 37 26 17 48 30 48 27 30 24 42 37 39 
42 4 42 36 27 33 31 14 15 32 34 12 2 18 45 20 46 1 39 43 25 30 13 34 0 30 45 20 9 42 40 3 36 11 21 14 22 45 1 41 12 6 37 15 42 36 44 1 1 32 
19 15 42 19 37 36 48 20 37 9 14 28 8 4 23 18 24 21 6 32 9 49 34 21 30 0 34 33 5 36 29 43 15 23 30 46 20 32 41 29 25 49 5 45 12 25 28 4 38 2 
36 1 26 29 16 33 49 33 44 9 23 12 29 25 6 35 48 38 32 9 24 42 48 13 45 34 0 27 32 19 22 19 10 35 40 22 5 47 4 10 27 30 40 4 45 16 39 30 42 3 
20 29 20 29 37 19 46 35 21 34 3 26 36 8 14 9 17 29 8 25 9 16 2 48 20 33 27 0 49 40 31 20 46 23 18 7 10 42 30 11 3 16 37 13 31 25 15 2 12 29 
20 25 13 14 30 24 4 42 39 30 46 1 20 41 41 39 25 4 25 45 43 19 9 32 9 5 32 49 0 10 30 20 8 40 41 29 8 46 21 23 23 26 21 45 33 7 11 14 17 18 
25 41 13 13 21 44 38 20 33 38 29 6 4 36 2 31 31 37 25 39 33 37 7 45 42 36 19 40 10 0 2 46 3 6 37 46 19 15 43 40 34 49 29 31 2 28 6 49 10 31 
43 48 32 4 20 34 46 30 7 22 26 9 24 23 16 24 32 11 35 2 39 44 27 32 40 29 22 31 30 2 0 10 10 28 45 35 48 1 44 25 11 5 39 47 24 26 19 2 30 21 
1 18 47 43 33 5 2 20 38 5 25 2 12 38 30 34 40 29 7 40 14 35 8 29 3 43 19 20 20 46 10 0 1 49 17 28 9 9 25 25 24 33 28 26 6 24 28 40 3 26 
28 24 45 34 21 44 22 28 37 37 30 27 46 24 21 10 19 18 34 30 34 27 47 30 36 15 10 46 8 3 10 1 0 46 37 8 13 29 29 24 41 43 2 35 36 49 26 43 29 22 
37 31 4 23 34 8 12 20 37 41 1 23 22 18 34 7 2 44 29 42 11 27 10 32 11 23 35 23 40 6 28 49 46 0 36 23 38 4 42 41 37 21 32 28 48 10 16 3 47 44 
12 33 13 16 3 14 3 40 28 14 36 33 18 12 6 40 26 10 4 35 37 43 31 24 21 30 40 18 41 37 45 17 37 36 0 38 12 11 17 24 8 42 44 6 6 33 30 34 6 7 
12 47 23 24 17 32 11 2 4 14 1 16 26 25 4 11 30 25 5 30 31 32 19 39 14 46 22 7 29 46 35 28 8 23 38 0 45 24 15 13 19 12 1 41 39 40 28 28 12 36 
34 30 26 2 37 8 45 26 22 25 36 46 1 44 21 31 9 13 6 19 19 11 33 42 22 20 5 10 8 19 48 9 13 38 12 45 0 36 25 41 2 32 14 13 5 14 41 28 34 15 
22 8 37 41 43 46 20 20 41 37 18 12 5 42 3 33 6 11 42 34 16 25 27 27 45 32 47 42 46 15 1 9 29 4 11 24 36 0 12 33 44 46 1 7 47 6 14 37 10 5 
29 13 17 32 4 27 22 22 47 5 36 20 39 10 12 10 28 25 8 14 19 39 28 37 1 41 4 30 21 43 44 25 29 42 17 15 25 12 0 19 38 10 40 1 26 16 49 1 40 44 
32 1 26 29 30 29 24 7 14 25 27 23 33 4 24 49 26 8 26 44 39 12 3 26 41 29 10 11 23 40 25 25 24 41 24 13 41 33 19 0 38 5 7 35 7 25 47 42 15 17 
16 21 19 47 48 4 36 41 16 23 6 16 25 7 32 12 48 34 12 28 13 29 27 17 12 25 27 3 23 34 11 24 41 37 8 19 2 44 38 38 0 5 22 2 4 39 10 32 17 39 
14 29 45 36 24 32 46 28 32 24 3 38 1 40 6 8 22 32 14 17 3 8 41 48 6 49 30 16 26 49 5 33 43 21 42 12 32 46 10 5 5 0 26 29 23 31 29 10 18 35 
43 28 14 11 46 22 6 37 32 11 13 28 20 32 17 5 25 9 12 30 37 26 29 30 37 5 40 37 21 29 39 28 2 32 44 1 14 1 40 7 22 26 0 12 41 43 39 46 18 35 
4 41 12 11 10 7 42 15 2 25 16 39 47 46 42 33 13 12 7 42 24 35 40 48 15 45 4 13 45 31 47 26 35 28 6 41 13 7 1 35 2 29 12 0 23 36 49 42 49 25 
15 32 16 6 43 16 7 45 7 20 32 24 12 17 33 36 1 23 27 39 7 19 17 27 42 12 45 31 33 2 24 6 36 48 6 39 5 47 26 7 4 23 41 23 0 40 8 43 10 18 
26 43 3 36 6 49 32 36 38 4 15 44 6 22 44 13 42 42 17 1 24 32 43 30 36 25 16 25 7 28 26 24 49 10 33 40 14 6 16 25 39 31 43 36 40 0 24 9 7 17 
46 32 7 12 23 8 1 48 21 8 3 47 28 20 16 19 6 30 18 36 28 18 35 24 44 28 39 15 11 6 19 28 26 16 30 28 41 14 49 47 10 29 39 49 8 24 0 47 6 14 
30 11 49 27 8 44 21 24 20 26 6 34 9 13 33 31 47 40 6 2 31 14 7 42 1 4 30 2 14 49 2 40 43 3 34 28 28 37 1 42 32 10 46 42 43 9 47 0 38 5 
35 14 32 33 28 9 4 6 25 7 5 28 38 7 15 4 17 35 37 13 3 42 47 37 1 38 42 12 17 10 30 3 29 47 6 12 34 10 40 15 17 18 18 49 10 7 6 38 0 22 
33 4 33 13 33 41 26 8 33 31 39 18 22 24 24 8 36 6 1 45 29 42 40 39 32 2 3 29 18 31 21 26 22 44 7 36 15 5 44 17 39 35 35 25 18 17 14 5 22 0 
