0 21 33 10 3 35 6 43 49 7 40 28 7 4 44 38 3 40 15 24 31 4 16 4 7 11 17 35 49 23 41 24 38 33 31 37 31 47 42 1 25 22 42 32 13 39 30 19 38 23 
21 0 44 42 20 13 33 1 37 17 19 39 3 24 43 38 44 26 43 22 42 49 11 49 38 32 4 10 3 38 48 33 16 6 20 45 41 27 17 37 17 21 46 37 20 36 28 25 33 43 
33 44 0 6 41 10 40 20 47 24 47 34 27 39 10 42 21 1 26 34 7 32 39 39 22 25 30 16 15 24 42 27 1 15 31 24 20 4 49 31 24 36 12 40 47 36 23 16 49 42 
10 42 6 0 47 32 14 47 1 45 14 2 20 4 45 5 16 28 44 12 42 8 44 29 34 14 13 9 32 25 48 4 13 28 41 7 40 26 22 40 43 23 27 24 13 38 37 4 9 34 
3 20 41 47 0 34 41 33 37 2 47 20 7 37 3 4 43 26 35 37 20 12 6 12 49 16 3 25 44 35 46 25 48 33 11 18 43 3 27 42 19 4 35 7 31 33 29 36 27 14 
35 13 10 32 34 0 42 23 46 25 17 1 30 11 24 12 47 12 3 48 3 43 24 21 34 29 3 40 27 30 40 32 12 47 36 41 35 41 14 6 34 8 25 44 48 43 46 49 10 32 
6 33 40 14 41 42 0 41 49 39 42 15 32 32 30 14 15 35 24 31 28 42 12 45 33 6 2 4 31 5 28 42 1 45 42 27 35 14 7 25 27 48 33 8 17 32 41 19 31 9 
43 1 20 47 33 23 41 0 40 10 1 28 27 16 47 6 16 29 30 22 14 48 46 31 8 48 46 41 33 2 28 33 37 20 17 25 32 18 43 21 14 11 25 32 16 13 17 48 31 18 
49 37 47 1 37 46 49 40 0 42 3 2 39 19 36 15 35 3 31 33 25 16 25 25 11 12 6 22 46 15 23 14 8 4 26 8 38 2 9 25 8 46 28 48 20 33 9 40 46 13 
7 17 24 45 2 25 39 10 42 0 19 21 26 41 23 32 45 4 41 41 33 16 4 21 30 39 21 44 26 49 41 39 24 20 35 6 15 20 8 37 35 8 6 47 26 36 40 27 38 1 
40 19 47 14 47 17 42 1 3 19 0 9 30 31 46 18 1 5 15 15 40 10 34 23 18 31 43 47 46 5 23 43 44 35 5 29 21 27 15 1 25 12 4 43 19 32 37 7 33 23 
28 39 34 2 20 1 15 28 2 21 9 0 24 35 20 27 34 24 20 24 3 1 30 15 23 35 32 41 43 17 4 31 47 17 20 6 49 23 16 45 23 40 38 18 23 39 41 41 39 23 
7 3 27 20 7 30 32 27 39 26 30 24 0 30 40 39 45 22 16 21 8 16 40 11 31 3 35 42 18 44 37 46 26 3 10 36 45 29 5 9 39 6 15 22 13 37 44 47 35 3 
4 24 39 4 37 11 32 16 19 41 31 35 30 0 26 1 8 35 10 47 30 35 38 34 31 21 18 13 49 5 34 30 17 23 46 10 39 29 31 36 28 48 24 23 5 17 10 13 44 18 
44 43 10 45 3 24 30 47 36 23 46 20 40 26 0 41 5 33 49 16 28 16 37 41 34 45 49 3 20 5 41 47 35 13 46 37 7 28 23 5 30 38 32 35 11 22 6 26 32 39 
38 38 42 5 4 12 14 6 15 32 18 27 39 1 41 0 36 25 34 23 32 24 41 2 41 37 30 41 8 10 48 40 45 32 13 11 16 31 40 28 28 49 10 32 23 19 9 23 49 49 
3 44 21 16 43 47 15 16 35 45 1 34 45 8 5 36 0 32 28 20 25 27 10 27 21 48 43 11 33 19 4 43 34 48 11 23 39 35 37 2 17 23 31 42 47 40 40 47 32 25 
40 26 1 28 26 12 35 29 3 4 5 24 22 35 33 25 32 0 35 38 1 37 35 10 25 11 17 39 23 7 6 30 27 8 46 24 13 32 17 31 12 38 31 31 1 13 29 11 28 8 
15 43 26 44 35 3 24 30 31 41 15 20 16 10 49 34 28 35 0 25 35 6 34 31 33 22 11 25 3 17 49 36 48 32 42 39 41 39 48 5 48 49 29 23 2 34 11 13 23 17 
24 22 34 12 37 48 31 22 33 41 15 24 21 47 16 23 20 38 25 0 25 47 13 11 5 8 28 11 26 47 41 29 43 4 1 34 10 38 19 19 12 23 10 29 30 43 17 48 25 20 
31 42 7 42 20 3 28 14 25 33 40 3 8 30 28 32 25 1 35 25 0 2 44 5 22 14 44 36 42 26 29 38 1 32 30 3 15 32 29 12 40 48 37 49 43 20 32 1 9 24 
4 49 32 8 12 43 42 48 16 16 10 1 16 35 16 24 27 37 6 47 2 0 24 38 37 25 4 19 37 49 47 31 20 12 4 47 32 16 49 39 38 13 1 2 42 25 42 34 28 5 
16 11 39 44 6 24 12 46 25 4 34 30 40 38 37 41 10 35 34 13 44 24 0 44 22 29 24 35 49 39 32 24 1 47 5 39 29 32 14 4 29 32 16 3 2 40 42 12 34 37 
4 49 39 29 12 21 45 31 25 21 23 15 11 34 41 2 27 10 31 11 5 38 44 0 4 46 16 12 11 37 4 23 8 14 27 22 45 46 15 16 38 16 6 38 46 47 42 16 41 23 
7 38 22 34 49 34 33 8 11 30 18 23 31 31 34 41 21 25 33 5 22 37 22 4 0 13 9 2 5 24 45 37 12 28 13 27 33 32 5 2 11 46 28 11 15 31 3 9 13 24 
11 32 25 14 16 29 6 48 12 39 31 35 3 21 45 37 48 11 22 8 14 25 29 46 13 0 4 27 13 42 45 10 20 35 12 18 7 4 13 27 43 9 45 18 46 20 49 9 18 35 
17 4 30 13 3 3 2 46 6 21 43 32 35 18 49 30 43 17 11 28 44 4 24 16 9 4 0 31 17 5 8 3 20 34 44 1 47 11 44 39 35 39 45 42 46 33 20 19 2 40 
35 10 16 9 25 40 4 41 22 44 47 41 42 13 3 41 11 39 25 11 36 19 35 12 2 27 31 0 42 3 37 25 20 37 32 13 49 20 46 7 1 9 23 34 43 21 7 13 6 14 
49 3 15 32 44 27 31 33 46 26 46 43 18 49 20 8 33 23 3 26 42 37 49 11 5 13 17 42 0 5 24 8 49 38 46 15 9 26 35 24 9 9 27 20 16 36 6 4 4 31 
23 38 24 25 35 30 5 2 15 49 5 17 44 5 5 10 19 7 17 47 26 49 39 37 24 42 5 3 5 0 44 12 25 36 21 39 41 40 12 6 35 47 3 1 5 43 1 27 8 39 
41 48 42 48 46 40 28 28 23 41 23 4 37 34 41 48 4 6 49 41 29 47 32 4 45 45 8 37 24 44 0 15 33 45 26 41 4 11 21 48 43 49 24 14 17 36 30 13 18 36 
24 33 27 4 25 32 42 33 14 39 43 31 46 30 47 40 43 30 36 29 38 31 24 23 37 10 3 25 8 12 15 0 41 33 32 29 36 33 37 30 24 28 36 20 15 11 39 20 38 43 
38 16 1 13 48 12 1 37 8 24 44 47 26 17 35 45 34 27 48 43 1 20 1 8 12 20 20 20 49 25 33 41 0 10 31 24 12 31 9 5 17 26 39 18 29 45 40 12 42 29 
33 6 15 28 33 47 45 20 4 20 35 17 3 23 13 32 48 8 32 4 32 12 47 14 28 35 34 37 38 36 45 33 10 0 13 1 28 19 5 29 21 43 40 33 7 38 48 30 29 37 
31 20 31 41 11 36 42 17 26 35 5 20 10 46 46 13 11 46 42 1 30 4 5 27 13 12 44 32 46 21 26 32 31 13 0 1 27 12 3 26 16 8 34 35 40 25 15 37 44 47 
37 45 24 7 18 41 27 25 8 6 29 6 36 10 37 11 23 24 39 34 3 47 39 22 27 18 1 13 15 39 41 29 24 1 1 0 33 5 25 40 39 1 42 42 48 21 14 14 43 32 
31 41 20 40 43 35 35 32 38 15 21 49 45 39 7 16 39 13 41 10 15 32 29 45 33 7 47 49 9 41 4 36 12 28 27 33 0 19 6 32 23 36 41 35 2 41 11 28 49 19 
47 27 4 26 3 41 14 18 2 20 27 23 29 29 28 31 35 32 39 38 32 16 32 46 32 4 11 20 26 40 11 33 31 19 12 5 19 0 47 18 8 9 46 27 27 34 24 40 26 43 
42 17 49 22 27 14 7 43 9 8 15 16 5 31 23 40 37 17 48 19 29 49 14 15 5 13 44 46 35 12 21 37 9 5 3 25 6 47 0 23 16 20 31 10 37 40 32 43 35 9 
1 37 31 40 42 6 25 21 25 37 1 45 9 36 5 28 2 31 5 19 12 39 4 16 2 27 39 7 24 6 48 30 5 29 26 40 32 18 23 0 18 37 28 21 14 9 31 37 43 16 
25 17 24 43 19 34 27 14 8 35 25 23 39 28 30 28 17 12 48 12 40 38 29 38 11 43 35 1 9 35 43 24 17 21 16 39 23 8 16 18 0 18 16 30 34 2 35 32 5 20 
22 21 36 23 4 8 48 11 46 8 12 40 6 48 38 49 23 38 49 23 48 13 32 16 46 9 39 9 9 47 49 28 26 43 8 1 36 9 20 37 18 0 31 30 3 37 4 22 26 44 
42 46 12 27 35 25 33 25 28 6 4 38 15 24 32 10 31 31 29 10 37 1 16 6 28 45 45 23 27 3 24 36 39 40 34 42 41 46 31 28 16 31 0 35 43 28 31 39 40 36 
32 37 40 24 7 44 8 32 48 47 43 18 22 23 35 32 42 31 23 29 49 2 3 38 11 18 42 34 20 1 14 20 18 33 35 42 35 27 10 21 30 30 35 0 27 25 2 39 48 29 
13 20 47 13 31 48 17 16 20 26 19 23 13 5 11 23 47 1 2 30 43 42 2 46 15 46 46 43 16 5 17 15 29 7 40 48 2 27 37 14 34 3 43 27 0 20 31 17 47 5 
39 36 36 38 33 43 32 13 33 36 32 39 37 17 22 19 40 13 34 43 20 25 40 47 31 20 33 21 36 43 36 11 45 38 25 21 41 34 40 9 2 37 28 25 20 0 7 14 29 40 
30 28 23 37 29 46 41 17 9 40 37 41 44 10 6 9 40 29 11 17 32 42 42 42 3 49 20 7 6 1 30 39 40 48 15 14 11 24 32 31 35 4 31 2 31 7 0 2 33 28 
19 25 16 4 36 49 19 48 40 27 7 41 47 13 26 23 47 11 13 48 1 34 12 16 9 9 19 13 4 27 13 20 12 30 37 14 28 40 43 37 32 22 39 39 17 14 2 0 13 36 
38 33 49 9 27 10 31 31 46 38 33 39 35 44 32 49 32 28 23 25 9 28 34 41 13 18 2 6 4 8 18 38 42 29 44 43 49 26 35 43 5 26 40 48 47 29 33 13 0 21 
23 43 42 34 14 32 9 18 13 1 23 23 3 18 39 49 25 8 17 20 24 5 37 23 24 35 40 14 31 39 36 43 29 37 47 32 19 43 9 16 20 44 36 29 5 40 28 36 21 0 
