0 30 48 4 10 44 45 38 5 15 18 29 26 21 10 26 49 39 36 16 49 48 23 42 7 38 42 19 17 11 45 38 36 13 21 21 38 12 32 3 49 1 45 34 13 13 3 34 15 4 
30 0 12 46 42 14 15 4 1 25 49 28 16 44 17 37 16 18 9 40 32 24 5 25 46 21 21 41 26 39 18 24 13 5 10 36 5 18 11 17 21 13 5 21 17 1 45 17 9 23 
48 12 0 27 29 33 30 31 38 32 9 33 22 19 5 1 8 34 1 49 9 22 34 35 11 13 37 44 44 8 41 33 30 29 32 38 3 47 39 11 49 32 41 26 24 10 18 39 12 32 
4 46 27 0 26 22 9 28 22 5 1 34 9 33 5 23 1 48 20 46 6 29 27 3 23 43 14 28 47 36 45 5 24 6 36 40 31 10 21 1 43 44 41 18 11 2 33 6 14 1 
10 42 29 26 0 10 48 13 28 44 20 41 24 10 31 47 28 36 31 7 1 30 9 15 8 44 33 39 21 25 41 24 28 18 28 45 46 20 35 8 20 35 23 8 8 45 20 36 23 19 
44 14 33 22 10 0 32 33 31 35 36 40 17 13 19 20 17 42 36 37 40 35 49 6 36 42 34 43 27 35 26 43 24 17 6 7 41 12 29 39 19 37 1 46 13 10 46 15 4 23 
45 15 30 9 48 32 0 3 43 16 3 11 44 39 39 2 9 42 27 43 47 37 43 2 20 35 36 4 9 43 23 13 32 25 34 32 46 20 37 10 24 1 35 49 12 8 34 2 47 39 
38 4 31 28 13 33 3 0 12 18 13 45 27 43 38 31 3 1 16 19 26 40 27 22 11 2 37 47 33 31 36 2 12 29 49 48 36 19 32 33 15 22 13 4 7 43 21 7 20 12 
5 1 38 22 28 31 43 12 0 22 14 27 13 33 26 47 42 35 4 39 23 20 29 11 2 36 7 49 47 23 35 22 8 37 26 44 42 43 19 17 15 31 17 2 48 16 31 10 3 28 
15 25 32 5 44 35 16 18 22 0 3 5 11 42 11 37 13 16 35 25 9 46 5 18 18 24 7 49 29 31 11 22 21 14 19 20 20 20 3 32 27 46 41 49 5 35 2 4 26 25 
18 49 9 1 20 36 3 13 14 3 0 48 12 18 49 6 36 34 16 27 28 47 45 46 45 41 12 17 44 25 6 31 46 17 19 1 30 36 12 9 33 1 43 43 39 10 35 12 40 9 
29 28 33 34 41 40 11 45 27 5 48 0 18 42 40 49 30 16 11 40 1 35 42 1 42 11 29 4 24 17 24 1 21 15 21 13 34 5 11 18 3 19 22 1 18 1 29 41 44 7 
26 16 22 9 24 17 44 27 13 11 12 18 0 46 9 10 28 25 3 41 23 15 21 17 47 4 35 6 9 18 32 31 14 34 44 48 13 1 6 45 14 2 28 28 26 8 32 18 31 27 
21 44 19 33 10 13 39 43 33 42 18 42 46 0 39 11 30 1 30 8 47 1 26 20 12 4 14 29 13 9 19 17 2 29 25 7 27 14 36 15 8 19 7 45 6 27 6 27 13 23 
10 17 5 5 31 19 39 38 26 11 49 40 9 39 0 39 38 16 32 2 40 40 18 9 43 33 24 25 30 30 32 47 45 16 47 38 3 42 49 15 38 48 23 11 36 11 8 11 46 26 
26 37 1 23 47 20 2 31 47 37 6 49 10 11 39 0 36 4 24 23 45 29 12 35 8 21 10 22 41 46 22 1 8 36 34 21 17 27 30 7 18 31 10 29 9 17 13 29 14 3 
49 16 8 1 28 17 9 3 42 13 36 30 28 30 38 36 0 17 21 18 43 40 23 26 10 7 37 49 27 7 10 15 42 30 2 40 9 4 11 36 44 2 37 32 29 1 23 40 37 2 
39 18 34 48 36 42 42 1 35 16 34 16 25 1 16 4 17 0 18 7 12 42 36 48 25 3 31 19 22 29 44 39 15 12 17 25 19 14 32 39 17 39 2 28 21 16 31 27 31 36 
36 9 1 20 31 36 27 16 4 35 16 11 3 30 32 24 21 18 0 9 7 32 27 28 7 48 26 3 8 10 46 44 3 42 21 8 17 3 16 17 28 9 44 48 2 44 23 29 9 17 
16 40 49 46 7 37 43 19 39 25 27 40 41 8 2 23 18 7 9 0 17 19 17 11 43 33 45 49 15 36 12 13 31 1 1 26 46 49 35 8 3 2 36 30 30 22 22 12 35 34 
49 32 9 6 1 40 47 26 23 9 28 1 23 47 40 45 43 12 7 17 0 13 6 46 16 14 14 26 4 43 25 40 33 11 33 38 8 31 6 44 15 41 25 15 22 23 24 1 40 21 
48 24 22 29 30 35 37 40 20 46 47 35 15 1 40 29 40 42 32 19 13 0 1 23 39 7 42 30 36 23 7 41 26 2 29 44 42 5 8 4 14 19 21 34 33 28 41 25 7 1 
23 5 34 27 9 49 43 27 29 5 45 42 21 26 18 12 23 36 27 17 6 1 0 43 1 46 2 23 47 34 35 36 32 26 31 20 49 20 18 41 44 49 14 1 3 25 9 5 15 49 
42 25 35 3 15 6 2 22 11 18 46 1 17 20 9 35 26 48 28 11 46 23 43 0 17 10 17 40 41 13 49 11 1 41 22 29 23 30 18 44 40 23 19 45 20 29 8 21 22 14 
7 46 11 23 8 36 20 11 2 18 45 42 47 12 43 8 10 25 7 43 16 39 1 17 0 17 5 6 41 33 17 41 40 23 5 12 34 7 49 10 10 19 13 30 34 39 28 10 44 16 
38 21 13 43 44 42 35 2 36 24 41 11 4 4 33 21 7 3 48 33 14 7 46 10 17 0 13 25 30 28 29 30 6 7 38 48 20 45 5 9 44 12 49 36 3 24 12 46 23 38 
42 21 37 14 33 34 36 37 7 7 12 29 35 14 24 10 37 31 26 45 14 42 2 17 5 13 0 33 10 14 43 9 28 30 49 1 27 41 31 6 26 12 30 10 36 1 19 3 13 6 
19 41 44 28 39 43 4 47 49 49 17 4 6 29 25 22 49 19 3 49 26 30 23 40 6 25 33 0 18 36 49 32 36 2 46 47 30 40 39 8 13 43 41 32 35 10 40 29 42 24 
17 26 44 47 21 27 9 33 47 29 44 24 9 13 30 41 27 22 8 15 4 36 47 41 41 30 10 18 0 30 10 42 34 14 30 40 47 11 13 47 16 21 35 46 44 49 28 7 23 5 
11 39 8 36 25 35 43 31 23 31 25 17 18 9 30 46 7 29 10 36 43 23 34 13 33 28 14 36 30 0 41 30 42 17 18 18 49 11 11 9 48 22 30 17 26 18 27 6 11 10 
45 18 41 45 41 26 23 36 35 11 6 24 32 19 32 22 10 44 46 12 25 7 35 49 17 29 43 49 10 41 0 41 32 28 1 7 18 31 46 30 49 48 41 13 7 9 49 48 23 15 
38 24 33 5 24 43 13 2 22 22 31 1 31 17 47 1 15 39 44 13 40 41 36 11 41 30 9 32 42 30 41 0 41 14 41 42 44 36 20 6 29 20 20 12 6 8 25 2 9 48 
36 13 30 24 28 24 32 12 8 21 46 21 14 2 45 8 42 15 3 31 33 26 32 1 40 6 28 36 34 42 32 41 0 23 20 9 41 1 16 16 12 46 48 10 24 16 28 6 15 9 
13 5 29 6 18 17 25 29 37 14 17 15 34 29 16 36 30 12 42 1 11 2 26 41 23 7 30 2 14 17 28 14 23 0 8 32 32 6 35 16 18 42 25 21 15 15 15 21 34 12 
21 10 32 36 28 6 34 49 26 19 19 21 44 25 47 34 2 17 21 1 33 29 31 22 5 38 49 46 30 18 1 41 20 8 0 3 38 21 18 15 9 46 11 8 21 35 38 33 1 17 
21 36 38 40 45 7 32 48 44 20 1 13 48 7 38 21 40 25 8 26 38 44 20 29 12 48 1 47 40 18 7 42 9 32 3 0 43 37 41 18 10 32 11 1 13 19 29 45 18 14 
38 5 3 31 46 41 46 36 42 20 30 34 13 27 3 17 9 19 17 46 8 42 49 23 34 20 27 30 47 49 18 44 41 32 38 43 0 3 39 27 21 33 29 12 21 42 44 9 48 8 
12 18 47 10 20 12 20 19 43 20 36 5 1 14 42 27 4 14 3 49 31 5 20 30 7 45 41 40 11 11 31 36 1 6 21 37 3 0 11 38 17 2 47 2 45 5 49 10 28 27 
32 11 39 21 35 29 37 32 19 3 12 11 6 36 49 30 11 32 16 35 6 8 18 18 49 5 31 39 13 11 46 20 16 35 18 41 39 11 0 40 32 27 45 19 17 48 5 14 6 18 
3 17 11 1 8 39 10 33 17 32 9 18 45 15 15 7 36 39 17 8 44 4 41 44 10 9 6 8 47 9 30 6 16 16 15 18 27 38 40 0 30 18 19 34 7 5 36 5 12 11 
49 21 49 43 20 19 24 15 15 27 33 3 14 8 38 18 44 17 28 3 15 14 44 40 10 44 26 13 16 48 49 29 12 18 9 10 21 17 32 30 0 45 28 7 7 48 39 17 27 17 
1 13 32 44 35 37 1 22 31 46 1 19 2 19 48 31 2 39 9 2 41 19 49 23 19 12 12 43 21 22 48 20 46 42 46 32 33 2 27 18 45 0 2 24 39 25 46 38 11 13 
45 5 41 41 23 1 35 13 17 41 43 22 28 7 23 10 37 2 44 36 25 21 14 19 13 49 30 41 35 30 41 20 48 25 11 11 29 47 45 19 28 2 0 37 13 44 42 35 34 5 
34 21 26 18 8 46 49 4 2 49 43 1 28 45 11 29 32 28 48 30 15 34 1 45 30 36 10 32 46 17 13 12 10 21 8 1 12 2 19 34 7 24 37 0 19 22 6 49 3 24 
13 17 24 11 8 13 12 7 48 5 39 18 26 6 36 9 29 21 2 30 22 33 3 20 34 3 36 35 44 26 7 6 24 15 21 13 21 45 17 7 7 39 13 19 0 27 29 24 23 4 
13 1 10 2 45 10 8 43 16 35 10 1 8 27 11 17 1 16 44 22 23 28 25 29 39 24 1 10 49 18 9 8 16 15 35 19 42 5 48 5 48 25 44 22 27 0 40 49 49 29 
3 45 18 33 20 46 34 21 31 2 35 29 32 6 8 13 23 31 23 22 24 41 9 8 28 12 19 40 28 27 49 25 28 15 38 29 44 49 5 36 39 46 42 6 29 40 0 33 19 48 
34 17 39 6 36 15 2 7 10 4 12 41 18 27 11 29 40 27 29 12 1 25 5 21 10 46 3 29 7 6 48 2 6 21 33 45 9 10 14 5 17 38 35 49 24 49 33 0 12 32 
15 9 12 14 23 4 47 20 3 26 40 44 31 13 46 14 37 31 9 35 40 7 15 22 44 23 13 42 23 11 23 9 15 34 1 18 48 28 6 12 27 11 34 3 23 49 19 12 0 20 
4 23 32 1 19 23 39 12 28 25 9 7 27 23 26 3 2 36 17 34 21 1 49 14 16 38 6 24 5 10 15 48 9 12 17 14 8 27 18 11 17 13 5 24 4 29 48 32 20 0 
