0 8 44 10 15 40 11 42 38 6 39 6 35 11 1 28 3 30 11 2 45 38 6 24 25 17 41 49 38 31 24 26 1 49 1 36 5 18 14 12 2 46 17 43 39 42 2 39 45 20 
8 0 27 18 44 30 25 25 42 27 1 12 10 5 21 5 8 26 17 19 12 6 24 16 15 16 8 13 29 17 8 9 47 39 13 35 35 2 14 7 35 43 4 40 13 10 36 16 41 31 
44 27 0 5 44 21 18 34 35 49 11 37 18 17 28 11 32 1 13 29 17 26 49 8 18 13 43 11 15 29 34 45 16 40 1 46 33 28 25 28 12 42 48 16 48 7 17 25 27 36 
10 18 5 0 33 48 33 29 2 18 35 49 38 33 45 2 16 14 15 46 44 27 20 21 47 36 47 19 5 6 10 22 11 18 23 15 13 28 33 6 6 45 3 22 40 23 36 37 32 27 
15 44 44 33 0 47 41 12 21 8 31 12 42 16 40 4 44 6 10 9 6 40 6 48 27 11 43 6 16 9 16 23 41 24 4 48 38 29 7 24 42 39 47 34 22 22 23 34 18 9 
40 30 21 48 47 0 33 28 33 38 33 16 39 21 27 11 22 15 11 42 46 32 37 22 46 39 4 16 25 22 17 24 14 11 5 39 40 27 8 32 7 36 39 21 39 37 4 1 27 28 
11 25 18 33 41 33 0 13 49 20 30 26 30 37 3 16 29 22 40 6 34 4 1 16 38 15 20 6 3 21 5 13 19 39 28 12 5 36 32 5 16 7 44 40 27 24 6 26 49 2 
42 25 34 29 12 28 13 0 26 17 36 12 1 19 38 21 16 31 13 44 19 1 13 47 43 34 7 20 11 24 26 35 20 7 39 46 11 14 27 33 19 45 43 23 8 13 7 47 42 22 
38 42 35 2 21 33 49 26 0 11 42 37 46 49 25 47 27 23 17 8 19 33 8 7 34 40 31 19 22 43 27 7 24 28 29 13 37 7 31 19 11 29 8 12 39 21 34 45 23 49 
6 27 49 18 8 38 20 17 11 0 46 40 16 43 20 46 36 48 20 7 12 12 17 46 22 15 14 29 42 44 20 15 15 13 45 26 8 22 20 25 28 31 9 22 4 29 6 2 38 41 
39 1 11 35 31 33 30 36 42 46 0 6 44 40 34 24 27 42 12 40 49 13 24 35 48 13 13 36 13 6 30 38 38 48 15 29 20 8 16 48 30 18 44 25 16 45 45 26 2 25 
6 12 37 49 12 16 26 12 37 40 6 0 3 21 13 13 29 42 26 1 7 40 16 6 23 32 20 39 12 4 46 39 2 21 15 47 16 41 43 23 6 45 29 44 30 9 37 7 6 28 
35 10 18 38 42 39 30 1 46 16 44 3 0 18 36 4 48 30 37 3 25 34 22 38 49 30 18 14 27 16 11 28 39 1 2 2 28 10 26 18 28 35 2 23 33 19 23 49 41 35 
11 5 17 33 16 21 37 19 49 43 40 21 18 0 34 28 28 47 20 10 1 37 19 11 28 42 40 27 6 42 46 49 48 22 36 15 42 14 9 26 22 10 45 37 19 42 46 45 26 38 
1 21 28 45 40 27 3 38 25 20 34 13 36 34 0 10 19 44 9 36 36 25 40 11 39 23 41 11 47 40 18 34 13 31 33 21 32 17 42 20 30 34 23 4 32 31 37 39 21 32 
28 5 11 2 4 11 16 21 47 46 24 13 4 28 10 0 9 5 49 2 34 20 10 38 43 27 25 25 30 30 20 49 35 47 18 10 4 7 3 18 9 12 10 48 14 28 18 31 48 14 
3 8 32 16 44 22 29 16 27 36 27 29 48 28 19 9 0 21 28 7 24 22 15 49 31 19 1 34 6 23 47 27 20 3 5 10 15 9 12 33 28 22 8 21 37 32 29 45 30 47 
30 26 1 14 6 15 22 31 23 48 42 42 30 47 44 5 21 0 41 23 24 38 4 26 30 36 33 35 24 36 40 15 33 4 35 40 1 15 40 34 25 13 20 23 46 1 39 9 31 7 
11 17 13 15 10 11 40 13 17 20 12 26 37 20 9 49 28 41 0 41 16 43 13 33 12 16 47 5 47 23 3 29 7 35 48 20 44 46 21 5 49 44 44 28 16 28 12 16 11 49 
2 19 29 46 9 42 6 44 8 7 40 1 3 10 36 2 7 23 41 0 4 45 31 15 32 8 23 24 41 1 27 4 38 5 42 31 39 12 8 25 45 18 24 36 12 48 35 29 46 40 
45 12 17 44 6 46 34 19 19 12 49 7 25 1 36 34 24 24 16 4 0 7 35 47 10 46 14 37 35 20 27 25 49 31 25 36 4 4 26 12 23 14 30 46 37 11 25 6 17 10 
38 6 26 27 40 32 4 1 33 12 13 40 34 37 25 20 22 38 43 45 7 0 13 36 17 34 2 24 26 7 32 46 22 8 45 2 15 39 45 37 15 48 12 47 18 44 40 4 9 41 
6 24 49 20 6 37 1 13 8 17 24 16 22 19 40 10 15 4 13 31 35 13 0 44 28 30 48 31 12 31 49 47 23 34 35 6 35 1 7 12 7 4 24 5 17 17 46 37 20 27 
24 16 8 21 48 22 16 47 7 46 35 6 38 11 11 38 49 26 33 15 47 36 44 0 18 12 27 43 29 16 41 33 41 21 1 11 28 49 10 47 9 42 1 27 8 49 41 34 10 35 
25 15 18 47 27 46 38 43 34 22 48 23 49 28 39 43 31 30 12 32 10 17 28 18 0 7 7 49 20 17 34 10 34 40 42 41 36 28 14 32 4 45 2 22 18 44 47 10 46 24 
17 16 13 36 11 39 15 34 40 15 13 32 30 42 23 27 19 36 16 8 46 34 30 12 7 0 25 25 29 39 47 49 2 25 18 33 43 16 35 49 36 13 18 8 43 22 18 22 1 24 
41 8 43 47 43 4 20 7 31 14 13 20 18 40 41 25 1 33 47 23 14 2 48 27 7 25 0 38 32 48 25 12 22 27 40 3 3 23 48 2 37 16 7 13 27 23 45 37 20 23 
49 13 11 19 6 16 6 20 19 29 36 39 14 27 11 25 34 35 5 24 37 24 31 43 49 25 38 0 46 2 14 43 2 40 33 34 27 25 3 47 9 35 13 9 47 39 42 45 13 10 
38 29 15 5 16 25 3 11 22 42 13 12 27 6 47 30 6 24 47 41 35 26 12 29 20 29 32 46 0 17 41 4 25 13 34 23 42 26 37 37 11 43 38 5 44 26 36 27 16 17 
31 17 29 6 9 22 21 24 43 44 6 4 16 42 40 30 23 36 23 1 20 7 31 16 17 39 48 2 17 0 25 9 2 44 17 26 29 3 25 27 48 44 24 23 39 22 5 47 26 43 
24 8 34 10 16 17 5 26 27 20 30 46 11 46 18 20 47 40 3 27 27 32 49 41 34 47 25 14 41 25 0 1 38 25 18 18 8 7 1 34 23 48 28 23 21 27 20 30 11 7 
26 9 45 22 23 24 13 35 7 15 38 39 28 49 34 49 27 15 29 4 25 46 47 33 10 49 12 43 4 9 1 0 12 40 25 5 16 41 23 45 47 42 2 29 37 9 9 20 1 48 
1 47 16 11 41 14 19 20 24 15 38 2 39 48 13 35 20 33 7 38 49 22 23 41 34 2 22 2 25 2 38 12 0 14 37 40 48 44 12 8 15 36 18 21 9 32 30 41 43 9 
49 39 40 18 24 11 39 7 28 13 48 21 1 22 31 47 3 4 35 5 31 8 34 21 40 25 27 40 13 44 25 40 14 0 32 27 14 31 8 45 36 36 45 17 1 11 4 13 30 30 
1 13 1 23 4 5 28 39 29 45 15 15 2 36 33 18 5 35 48 42 25 45 35 1 42 18 40 33 34 17 18 25 37 32 0 29 39 20 36 30 43 23 5 38 7 4 25 1 28 38 
36 35 46 15 48 39 12 46 13 26 29 47 2 15 21 10 10 40 20 31 36 2 6 11 41 33 3 34 23 26 18 5 40 27 29 0 20 20 11 46 46 27 30 46 38 12 26 20 40 21 
5 35 33 13 38 40 5 11 37 8 20 16 28 42 32 4 15 1 44 39 4 15 35 28 36 43 3 27 42 29 8 16 48 14 39 20 0 12 17 4 8 47 34 22 49 42 3 45 26 23 
18 2 28 28 29 27 36 14 7 22 8 41 10 14 17 7 9 15 46 12 4 39 1 49 28 16 23 25 26 3 7 41 44 31 20 20 12 0 27 30 19 34 10 13 14 44 29 41 41 31 
14 14 25 33 7 8 32 27 31 20 16 43 26 9 42 3 12 40 21 8 26 45 7 10 14 35 48 3 37 25 1 23 12 8 36 11 17 27 0 14 42 11 24 2 30 9 27 29 45 19 
12 7 28 6 24 32 5 33 19 25 48 23 18 26 20 18 33 34 5 25 12 37 12 47 32 49 2 47 37 27 34 45 8 45 30 46 4 30 14 0 21 14 25 30 27 8 13 9 40 12 
2 35 12 6 42 7 16 19 11 28 30 6 28 22 30 9 28 25 49 45 23 15 7 9 4 36 37 9 11 48 23 47 15 36 43 46 8 19 42 21 0 6 23 39 21 32 16 15 12 15 
46 43 42 45 39 36 7 45 29 31 18 45 35 10 34 12 22 13 44 18 14 48 4 42 45 13 16 35 43 44 48 42 36 36 23 27 47 34 11 14 6 0 3 20 11 49 45 45 47 4 
17 4 48 3 47 39 44 43 8 9 44 29 2 45 23 10 8 20 44 24 30 12 24 1 2 18 7 13 38 24 28 2 18 45 5 30 34 10 24 25 23 3 0 40 27 2 19 18 23 29 
43 40 16 22 34 21 40 23 12 22 25 44 23 37 4 48 21 23 28 36 46 47 5 27 22 8 13 9 5 23 23 29 21 17 38 46 22 13 2 30 39 20 40 0 2 46 48 36 31 35 
39 13 48 40 22 39 27 8 39 4 16 30 33 19 32 14 37 46 16 12 37 18 17 8 18 43 27 47 44 39 21 37 9 1 7 38 49 14 30 27 21 11 27 2 0 27 35 46 7 13 
42 10 7 23 22 37 24 13 21 29 45 9 19 42 31 28 32 1 28 48 11 44 17 49 44 22 23 39 26 22 27 9 32 11 4 12 42 44 9 8 32 49 2 46 27 0 9 8 7 34 
2 36 17 36 23 4 6 7 34 6 45 37 23 46 37 18 29 39 12 35 25 40 46 41 47 18 45 42 36 5 20 9 30 4 25 26 3 29 27 13 16 45 19 48 35 9 0 24 28 5 
39 16 25 37 34 1 26 47 45 2 26 7 49 45 39 31 45 9 16 29 6 4 37 34 10 22 37 45 27 47 30 20 41 13 1 20 45 41 29 9 15 45 18 36 46 8 24 0 26 30 
45 41 27 32 18 27 49 42 23 38 2 6 41 26 21 48 30 31 11 46 17 9 20 10 46 1 20 13 16 26 11 1 43 30 28 40 26 41 45 40 12 47 23 31 7 7 28 26 0 37 
20 31 36 27 9 28 2 22 49 41 25 28 35 38 32 14 47 7 49 40 10 41 27 35 24 24 23 10 17 43 7 48 9 30 38 21 23 31 19 12 15 4 29 35 13 34 5 30 37 0 
