0 19 30 34 42 16 44 2 21 18 36 29 48 32 39 26 48 37 14 44 34 17 19 19 32 34 15 29 46 10 12 35 14 21 49 47 6 34 7 11 2 19 48 1 47 24 30 12 38 10 
19 0 9 20 26 48 6 5 4 25 16 34 37 27 45 45 25 34 24 40 30 40 15 26 45 47 35 42 34 24 22 40 27 31 41 12 26 48 46 21 23 27 40 32 40 47 4 48 5 31 
30 9 0 39 20 31 1 23 47 34 19 42 41 2 5 30 29 3 13 13 3 32 18 3 23 38 23 31 36 34 28 46 33 4 16 27 27 45 10 32 13 36 25 36 7 13 34 26 12 24 
34 20 39 0 46 41 24 35 7 6 25 14 17 4 41 25 48 23 12 29 7 1 48 27 32 24 17 19 12 16 3 33 11 37 11 48 49 40 4 19 32 38 19 47 10 49 17 43 20 4 
42 26 20 46 0 20 30 36 9 7 25 20 13 40 32 47 31 32 25 41 37 35 2 3 49 31 33 28 8 44 5 10 4 47 15 22 8 19 45 28 38 12 11 16 16 39 29 26 3 49 
16 48 31 41 20 0 1 41 20 39 29 18 38 46 39 10 34 8 14 41 28 14 18 21 33 45 30 3 25 16 12 34 49 31 27 15 41 23 12 20 28 41 9 14 43 47 46 41 24 27 
44 6 1 24 30 1 0 36 44 2 25 44 46 15 18 19 49 24 21 41 23 15 25 8 15 24 41 49 45 14 21 28 49 3 13 41 5 22 4 5 39 7 16 34 1 37 40 46 10 10 
2 5 23 35 36 41 36 0 11 49 35 43 9 47 44 16 39 13 21 16 24 14 17 6 6 42 5 15 1 41 31 11 30 17 28 13 47 49 45 39 13 37 4 29 34 9 10 20 27 10 
21 4 47 7 9 20 44 11 0 27 44 2 24 14 49 38 16 49 6 23 37 23 29 17 32 31 2 11 11 18 11 4 4 47 46 9 42 29 46 36 36 46 4 10 17 1 10 30 41 39 
18 25 34 6 7 39 2 49 27 0 20 22 38 40 48 6 19 43 29 6 3 26 3 41 32 26 13 33 8 41 40 44 41 30 34 27 6 42 42 32 35 28 24 1 2 41 29 39 19 26 
36 16 19 25 25 29 25 35 44 20 0 44 17 29 41 13 43 29 49 49 40 9 29 3 20 26 30 24 5 19 36 17 7 23 36 46 33 27 45 47 15 45 26 31 33 18 26 5 1 33 
29 34 42 14 20 18 44 43 2 22 44 0 42 48 12 49 4 24 19 31 43 49 46 44 32 34 31 19 2 49 23 7 40 49 7 39 10 41 35 41 1 36 33 6 31 4 8 14 23 21 
48 37 41 17 13 38 46 9 24 38 17 42 0 10 22 49 8 13 41 18 30 16 11 43 16 16 21 31 11 5 41 10 9 6 30 33 33 19 27 47 9 49 20 23 31 33 5 11 19 8 
32 27 2 4 40 46 15 47 14 40 29 48 10 0 1 7 22 3 5 3 5 37 9 8 2 32 39 8 19 3 21 7 8 16 8 34 4 36 37 37 43 39 16 45 37 5 43 4 3 12 
39 45 5 41 32 39 18 44 49 48 41 12 22 1 0 43 44 49 21 38 38 6 34 29 32 7 32 48 15 35 18 6 26 23 48 7 18 38 20 49 29 16 20 7 46 44 44 7 32 33 
26 45 30 25 47 10 19 16 38 6 13 49 49 7 43 0 13 28 5 45 4 29 24 25 36 30 38 40 24 22 37 37 29 44 7 21 4 5 8 6 27 12 39 46 23 33 29 43 13 4 
48 25 29 48 31 34 49 39 16 19 43 4 8 22 44 13 0 25 36 28 27 2 28 18 22 41 4 36 17 44 33 33 30 40 38 40 17 30 39 43 19 26 48 23 19 28 7 37 40 43 
37 34 3 23 32 8 24 13 49 43 29 24 13 3 49 28 25 0 36 33 12 45 45 29 5 36 13 22 17 33 6 44 32 2 1 8 15 44 8 32 26 34 18 12 41 26 25 24 18 8 
14 24 13 12 25 14 21 21 6 29 49 19 41 5 21 5 36 36 0 45 7 5 18 37 44 33 20 25 33 49 20 17 17 17 20 21 22 49 48 46 6 42 25 22 35 3 42 16 44 13 
44 40 13 29 41 41 41 16 23 6 49 31 18 3 38 45 28 33 45 0 1 2 1 7 27 2 34 25 18 16 15 21 20 32 12 42 34 35 32 17 6 27 33 17 24 21 12 41 37 38 
34 30 3 7 37 28 23 24 37 3 40 43 30 5 38 4 27 12 7 1 0 2 28 20 27 39 2 4 25 33 30 46 11 44 26 26 35 11 25 30 21 40 18 15 15 14 28 22 30 29 
17 40 32 1 35 14 15 14 23 26 9 49 16 37 6 29 2 45 5 2 2 0 5 5 48 11 39 13 23 40 31 34 18 44 37 22 2 28 31 22 2 28 26 9 5 32 41 29 42 40 
19 15 18 48 2 18 25 17 29 3 29 46 11 9 34 24 28 45 18 1 28 5 0 37 42 47 26 25 13 17 16 7 35 17 15 10 8 46 35 19 16 8 4 45 29 47 39 17 26 42 
19 26 3 27 3 21 8 6 17 41 3 44 43 8 29 25 18 29 37 7 20 5 37 0 46 25 11 37 2 46 33 36 28 12 47 28 13 4 39 6 49 23 19 8 1 14 24 39 18 32 
32 45 23 32 49 33 15 6 32 32 20 32 16 2 32 36 22 5 44 27 27 48 42 46 0 9 39 37 14 45 21 3 31 6 15 18 45 2 47 13 49 20 24 8 47 6 8 6 49 7 
34 47 38 24 31 45 24 42 31 26 26 34 16 32 7 30 41 36 33 2 39 11 47 25 9 0 43 42 44 46 1 20 17 29 16 40 39 40 11 33 42 49 46 36 15 29 43 32 1 20 
15 35 23 17 33 30 41 5 2 13 30 31 21 39 32 38 4 13 20 34 2 39 26 11 39 43 0 40 20 10 31 14 7 41 28 13 44 20 37 4 41 9 28 31 45 9 40 40 23 12 
29 42 31 19 28 3 49 15 11 33 24 19 31 8 48 40 36 22 25 25 4 13 25 37 37 42 40 0 14 9 24 2 31 33 12 15 38 23 30 18 13 21 22 36 49 3 19 15 32 6 
46 34 36 12 8 25 45 1 11 8 5 2 11 19 15 24 17 17 33 18 25 23 13 2 14 44 20 14 0 26 40 39 22 44 13 28 1 31 41 18 21 3 48 10 33 11 1 22 44 9 
10 24 34 16 44 16 14 41 18 41 19 49 5 3 35 22 44 33 49 16 33 40 17 46 45 46 10 9 26 0 40 21 32 37 17 49 31 18 36 8 23 9 11 25 37 47 36 45 18 49 
12 22 28 3 5 12 21 31 11 40 36 23 41 21 18 37 33 6 20 15 30 31 16 33 21 1 31 24 40 40 0 29 10 44 20 39 39 33 37 14 45 41 19 4 38 20 37 43 49 28 
35 40 46 33 10 34 28 11 4 44 17 7 10 7 6 37 33 44 17 21 46 34 7 36 3 20 14 2 39 21 29 0 44 19 26 45 33 43 8 14 23 49 27 11 39 13 23 44 44 1 
14 27 33 11 4 49 49 30 4 41 7 40 9 8 26 29 30 32 17 20 11 18 35 28 31 17 7 31 22 32 10 44 0 10 4 8 14 17 12 43 17 21 19 9 25 17 44 45 38 47 
21 31 4 37 47 31 3 17 47 30 23 49 6 16 23 44 40 2 17 32 44 44 17 12 6 29 41 33 44 37 44 19 10 0 13 46 24 28 27 42 49 45 48 39 5 16 7 18 22 49 
49 41 16 11 15 27 13 28 46 34 36 7 30 8 48 7 38 1 20 12 26 37 15 47 15 16 28 12 13 17 20 26 4 13 0 26 18 2 18 37 40 4 12 15 47 27 36 4 5 46 
47 12 27 48 22 15 41 13 9 27 46 39 33 34 7 21 40 8 21 42 26 22 10 28 18 40 13 15 28 49 39 45 8 46 26 0 28 29 6 41 6 43 23 34 32 17 47 8 1 46 
6 26 27 49 8 41 5 47 42 6 33 10 33 4 18 4 17 15 22 34 35 2 8 13 45 39 44 38 1 31 39 33 14 24 18 28 0 22 22 6 42 17 4 16 12 44 46 8 29 12 
34 48 45 40 19 23 22 49 29 42 27 41 19 36 38 5 30 44 49 35 11 28 46 4 2 40 20 23 31 18 33 43 17 28 2 29 22 0 38 17 33 14 5 38 7 30 49 46 5 24 
7 46 10 4 45 12 4 45 46 42 45 35 27 37 20 8 39 8 48 32 25 31 35 39 47 11 37 30 41 36 37 8 12 27 18 6 22 38 0 36 47 23 6 27 30 6 33 49 19 34 
11 21 32 19 28 20 5 39 36 32 47 41 47 37 49 6 43 32 46 17 30 22 19 6 13 33 4 18 18 8 14 14 43 42 37 41 6 17 36 0 2 40 19 12 34 1 19 37 23 4 
2 23 13 32 38 28 39 13 36 35 15 1 9 43 29 27 19 26 6 6 21 2 16 49 49 42 41 13 21 23 45 23 17 49 40 6 42 33 47 2 0 36 24 5 26 6 42 40 40 25 
19 27 36 38 12 41 7 37 46 28 45 36 49 39 16 12 26 34 42 27 40 28 8 23 20 49 9 21 3 9 41 49 21 45 4 43 17 14 23 40 36 0 37 15 30 42 1 2 4 45 
48 40 25 19 11 9 16 4 4 24 26 33 20 16 20 39 48 18 25 33 18 26 4 19 24 46 28 22 48 11 19 27 19 48 12 23 4 5 6 19 24 37 0 46 22 38 9 45 6 17 
1 32 36 47 16 14 34 29 10 1 31 6 23 45 7 46 23 12 22 17 15 9 45 8 8 36 31 36 10 25 4 11 9 39 15 34 16 38 27 12 5 15 46 0 37 29 41 17 42 36 
47 40 7 10 16 43 1 34 17 2 33 31 31 37 46 23 19 41 35 24 15 5 29 1 47 15 45 49 33 37 38 39 25 5 47 32 12 7 30 34 26 30 22 37 0 41 24 16 37 3 
24 47 13 49 39 47 37 9 1 41 18 4 33 5 44 33 28 26 3 21 14 32 47 14 6 29 9 3 11 47 20 13 17 16 27 17 44 30 6 1 6 42 38 29 41 0 19 5 5 21 
30 4 34 17 29 46 40 10 10 29 26 8 5 43 44 29 7 25 42 12 28 41 39 24 8 43 40 19 1 36 37 23 44 7 36 47 46 49 33 19 42 1 9 41 24 19 0 34 47 22 
12 48 26 43 26 41 46 20 30 39 5 14 11 4 7 43 37 24 16 41 22 29 17 39 6 32 40 15 22 45 43 44 45 18 4 8 8 46 49 37 40 2 45 17 16 5 34 0 27 13 
38 5 12 20 3 24 10 27 41 19 1 23 19 3 32 13 40 18 44 37 30 42 26 18 49 1 23 32 44 18 49 44 38 22 5 1 29 5 19 23 40 4 6 42 37 5 47 27 0 27 
10 31 24 4 49 27 10 10 39 26 33 21 8 12 33 4 43 8 13 38 29 40 42 32 7 20 12 6 9 49 28 1 47 49 46 46 12 24 34 4 25 45 17 36 3 21 22 13 27 0 
