0 27 20 43 47 16 29 25 31 3 22 38 34 45 2 24 2 20 37 5 46 25 46 39 3 34 14 36 6 45 1 49 36 31 33 29 12 43 21 41 40 4 27 27 39 47 23 6 45 41 
27 0 6 25 14 7 49 3 5 26 3 23 49 15 49 26 29 33 7 27 10 37 47 21 21 39 39 36 38 42 9 18 33 28 45 46 35 26 30 41 36 44 15 34 42 18 43 8 12 19 
20 6 0 36 49 48 45 8 1 36 20 46 9 18 49 38 40 39 16 16 14 28 25 17 31 40 37 42 10 25 36 4 25 42 47 49 47 37 49 44 49 28 34 44 34 49 39 23 14 19 
43 25 36 0 23 32 3 45 11 6 6 6 14 45 20 20 37 15 44 14 15 39 17 31 33 9 44 3 44 1 7 45 40 26 40 13 11 19 34 22 15 16 16 36 28 15 25 37 29 47 
47 14 49 23 0 21 4 26 17 10 35 7 43 9 46 30 46 14 3 34 31 36 33 25 24 37 19 36 35 28 29 15 24 5 37 11 32 25 12 8 42 12 47 4 5 24 36 45 27 47 
16 7 48 32 21 0 9 27 47 38 49 42 34 16 26 13 9 29 17 34 35 9 28 9 22 19 46 39 2 3 37 1 34 41 11 29 30 37 23 26 3 14 32 22 49 28 22 46 20 23 
29 49 45 3 4 9 0 33 23 18 39 40 38 24 44 21 36 42 43 24 12 36 45 13 11 3 40 6 11 19 24 26 19 6 18 11 6 26 25 7 11 44 22 9 7 12 34 14 48 4 
25 3 8 45 26 27 33 0 33 35 13 38 33 5 38 48 34 48 22 34 36 1 34 33 20 28 41 14 17 40 45 7 6 27 29 44 10 46 46 22 32 23 27 48 22 5 44 29 28 23 
31 5 1 11 17 47 23 33 0 9 20 49 23 7 18 32 16 26 19 34 29 21 2 14 35 27 26 5 30 44 27 45 39 36 17 27 4 1 21 21 38 11 4 17 45 1 44 11 1 47 
3 26 36 6 10 38 18 35 9 0 8 8 4 24 45 48 34 8 3 7 17 11 38 40 42 24 30 7 12 40 2 43 21 11 19 25 5 33 49 3 39 3 23 40 28 17 14 39 31 10 
22 3 20 6 35 49 39 13 20 8 0 22 21 7 9 26 1 20 46 19 36 11 39 8 38 47 32 3 46 27 33 44 27 4 7 13 36 35 16 22 43 18 40 35 39 46 22 11 32 11 
38 23 46 6 7 42 40 38 49 8 22 0 13 31 25 23 32 32 7 45 9 48 2 15 13 3 44 36 38 2 35 35 10 38 22 42 44 16 8 27 49 43 21 24 10 32 41 8 37 49 
34 49 9 14 43 34 38 33 23 4 21 13 0 6 32 8 9 47 40 15 37 48 33 46 33 41 38 48 18 25 29 30 47 23 5 21 34 4 32 2 4 42 35 1 8 5 45 17 22 16 
45 15 18 45 9 16 24 5 7 24 7 31 6 0 47 37 24 26 37 10 31 43 9 9 7 4 13 18 2 4 24 5 21 37 37 14 28 1 19 15 33 11 14 33 9 29 1 43 49 23 
2 49 49 20 46 26 44 38 18 45 9 25 32 47 0 2 43 12 24 30 31 15 6 8 9 16 27 49 17 23 15 15 46 34 42 3 22 1 28 7 40 11 22 48 9 14 1 40 29 16 
24 26 38 20 30 13 21 48 32 48 26 23 8 37 2 0 14 43 14 8 6 39 49 39 13 48 32 47 26 42 40 22 30 9 5 16 8 28 11 11 15 47 14 40 5 16 14 38 10 13 
2 29 40 37 46 9 36 34 16 34 1 32 9 24 43 14 0 17 34 3 41 36 19 20 38 40 42 32 21 31 29 29 10 34 3 35 37 48 17 10 1 5 28 12 46 28 15 2 37 34 
20 33 39 15 14 29 42 48 26 8 20 32 47 26 12 43 17 0 29 15 33 17 42 9 32 9 8 30 34 46 2 40 4 10 8 13 28 30 45 2 32 20 27 34 20 43 21 21 24 16 
37 7 16 44 3 17 43 22 19 3 46 7 40 37 24 14 34 29 0 29 3 18 19 6 37 27 12 5 9 48 28 15 11 6 26 26 2 15 41 44 10 24 11 19 42 1 33 23 37 23 
5 27 16 14 34 34 24 34 34 7 19 45 15 10 30 8 3 15 29 0 46 10 25 14 40 19 44 22 45 22 33 16 34 10 9 8 29 3 47 32 37 44 42 42 19 49 22 13 14 39 
46 10 14 15 31 35 12 36 29 17 36 9 37 31 31 6 41 33 3 46 0 10 28 36 5 39 45 4 45 27 16 44 35 8 21 41 27 34 38 25 8 9 10 40 10 45 12 24 11 46 
25 37 28 39 36 9 36 1 21 11 11 48 48 43 15 39 36 17 18 10 10 0 22 24 14 38 38 17 26 35 7 43 12 19 13 33 30 20 25 7 4 16 45 46 45 38 46 4 18 14 
46 47 25 17 33 28 45 34 2 38 39 2 33 9 6 49 19 42 19 25 28 22 0 22 47 1 31 15 22 24 48 1 9 48 21 19 37 24 8 30 24 37 40 6 24 8 42 35 40 18 
39 21 17 31 25 9 13 33 14 40 8 15 46 9 8 39 20 9 6 14 36 24 22 0 42 4 32 49 45 31 9 21 37 3 37 17 49 31 6 27 49 24 3 20 30 13 41 31 37 20 
3 21 31 33 24 22 11 20 35 42 38 13 33 7 9 13 38 32 37 40 5 14 47 42 0 11 31 2 19 31 47 20 9 13 17 5 28 45 20 36 9 3 47 34 28 42 20 46 15 35 
34 39 40 9 37 19 3 28 27 24 47 3 41 4 16 48 40 9 27 19 39 38 1 4 11 0 20 15 45 25 43 48 27 8 47 38 18 23 38 19 8 14 7 42 34 4 33 2 28 4 
14 39 37 44 19 46 40 41 26 30 32 44 38 13 27 32 42 8 12 44 45 38 31 32 31 20 0 31 36 21 34 30 19 44 29 16 15 8 32 14 43 23 23 28 13 46 22 16 46 21 
36 36 42 3 36 39 6 14 5 7 3 36 48 18 49 47 32 30 5 22 4 17 15 49 2 15 31 0 23 30 43 13 26 5 1 49 10 23 10 13 18 30 21 35 2 42 15 18 41 4 
6 38 10 44 35 2 11 17 30 12 46 38 18 2 17 26 21 34 9 45 45 26 22 45 19 45 36 23 0 49 21 17 42 4 21 20 20 7 15 4 1 46 49 40 24 17 11 8 28 9 
45 42 25 1 28 3 19 40 44 40 27 2 25 4 23 42 31 46 48 22 27 35 24 31 31 25 21 30 49 0 26 9 9 4 23 21 19 20 48 35 48 6 4 35 11 18 17 19 29 8 
1 9 36 7 29 37 24 45 27 2 33 35 29 24 15 40 29 2 28 33 16 7 48 9 47 43 34 43 21 26 0 2 13 15 37 6 39 42 19 5 41 30 10 31 27 14 2 16 4 41 
49 18 4 45 15 1 26 7 45 43 44 35 30 5 15 22 29 40 15 16 44 43 1 21 20 48 30 13 17 9 2 0 41 4 38 14 47 29 43 20 18 45 3 28 47 42 12 6 15 2 
36 33 25 40 24 34 19 6 39 21 27 10 47 21 46 30 10 4 11 34 35 12 9 37 9 27 19 26 42 9 13 41 0 14 33 36 18 16 6 25 34 5 12 9 35 30 46 43 3 9 
31 28 42 26 5 41 6 27 36 11 4 38 23 37 34 9 34 10 6 10 8 19 48 3 13 8 44 5 4 4 15 4 14 0 41 41 8 15 8 43 11 21 29 28 11 41 45 49 9 30 
33 45 47 40 37 11 18 29 17 19 7 22 5 37 42 5 3 8 26 9 21 13 21 37 17 47 29 1 21 23 37 38 33 41 0 48 40 1 39 2 5 35 40 14 16 14 11 25 26 10 
29 46 49 13 11 29 11 44 27 25 13 42 21 14 3 16 35 13 26 8 41 33 19 17 5 38 16 49 20 21 6 14 36 41 48 0 2 41 13 12 14 46 29 19 11 25 31 30 12 47 
12 35 47 11 32 30 6 10 4 5 36 44 34 28 22 8 37 28 2 29 27 30 37 49 28 18 15 10 20 19 39 47 18 8 40 2 0 29 15 20 10 41 15 38 42 33 28 33 15 16 
43 26 37 19 25 37 26 46 1 33 35 16 4 1 1 28 48 30 15 3 34 20 24 31 45 23 8 23 7 20 42 29 16 15 1 41 29 0 3 14 15 23 46 47 9 9 21 10 10 26 
21 30 49 34 12 23 25 46 21 49 16 8 32 19 28 11 17 45 41 47 38 25 8 6 20 38 32 10 15 48 19 43 6 8 39 13 15 3 0 42 1 40 49 16 25 29 11 18 48 47 
41 41 44 22 8 26 7 22 21 3 22 27 2 15 7 11 10 2 44 32 25 7 30 27 36 19 14 13 4 35 5 20 25 43 2 12 20 14 42 0 37 19 35 4 12 47 45 3 9 7 
40 36 49 15 42 3 11 32 38 39 43 49 4 33 40 15 1 32 10 37 8 4 24 49 9 8 43 18 1 48 41 18 34 11 5 14 10 15 1 37 0 26 36 38 28 1 29 33 45 29 
4 44 28 16 12 14 44 23 11 3 18 43 42 11 11 47 5 20 24 44 9 16 37 24 3 14 23 30 46 6 30 45 5 21 35 46 41 23 40 19 26 0 7 6 7 49 10 12 2 46 
27 15 34 16 47 32 22 27 4 23 40 21 35 14 22 14 28 27 11 42 10 45 40 3 47 7 23 21 49 4 10 3 12 29 40 29 15 46 49 35 36 7 0 38 29 40 32 24 5 2 
27 34 44 36 4 22 9 48 17 40 35 24 1 33 48 40 12 34 19 42 40 46 6 20 34 42 28 35 40 35 31 28 9 28 14 19 38 47 16 4 38 6 38 0 45 2 44 44 35 32 
39 42 34 28 5 49 7 22 45 28 39 10 8 9 9 5 46 20 42 19 10 45 24 30 28 34 13 2 24 11 27 47 35 11 16 11 42 9 25 12 28 7 29 45 0 44 33 3 17 9 
47 18 49 15 24 28 12 5 1 17 46 32 5 29 14 16 28 43 1 49 45 38 8 13 42 4 46 42 17 18 14 42 30 41 14 25 33 9 29 47 1 49 40 2 44 0 49 43 2 30 
23 43 39 25 36 22 34 44 44 14 22 41 45 1 1 14 15 21 33 22 12 46 42 41 20 33 22 15 11 17 2 12 46 45 11 31 28 21 11 45 29 10 32 44 33 49 0 8 45 11 
6 8 23 37 45 46 14 29 11 39 11 8 17 43 40 38 2 21 23 13 24 4 35 31 46 2 16 18 8 19 16 6 43 49 25 30 33 10 18 3 33 12 24 44 3 43 8 0 21 36 
45 12 14 29 27 20 48 28 1 31 32 37 22 49 29 10 37 24 37 14 11 18 40 37 15 28 46 41 28 29 4 15 3 9 26 12 15 10 48 9 45 2 5 35 17 2 45 21 0 9 
41 19 19 47 47 23 4 23 47 10 11 49 16 23 16 13 34 16 23 39 46 14 18 20 35 4 21 4 9 8 41 2 9 30 10 47 16 26 47 7 29 46 2 32 9 30 11 36 9 0 
