0 42 34 9 7 39 39 6 8 16 19 49 19 19 7 29 27 44 27 10 8 9 4 1 23 19 38 30 46 7 13 9 46 36 39 16 31 28 43 38 40 24 7 35 24 26 28 3 8 18 
42 0 30 29 3 1 20 28 19 1 34 10 1 30 32 11 16 34 36 20 12 29 46 11 11 46 5 15 46 20 42 4 34 32 21 17 3 34 45 26 49 32 42 30 22 2 43 14 8 12 
34 30 0 22 44 43 3 6 24 10 42 49 23 23 34 26 28 15 34 6 22 15 34 2 33 32 45 44 32 40 44 17 44 6 17 6 6 7 16 4 26 42 14 5 30 1 7 32 17 44 
9 29 22 0 35 29 35 38 30 36 4 48 47 20 14 25 22 47 38 29 26 47 8 2 17 36 30 44 41 1 23 4 40 20 8 22 27 10 43 24 8 16 13 34 14 19 39 31 47 1 
7 3 44 35 0 27 6 8 24 5 15 5 14 16 49 1 28 45 23 28 16 24 48 32 22 46 45 3 23 1 21 15 47 3 18 10 20 37 48 24 39 23 34 9 36 13 45 27 10 20 
39 1 43 29 27 0 22 41 43 13 5 24 45 42 35 30 21 22 31 18 33 10 25 2 14 11 23 30 47 1 38 36 45 1 49 1 9 33 22 21 48 44 9 47 38 5 35 19 35 47 
39 20 3 35 6 22 0 27 5 18 29 35 4 25 28 25 11 8 10 31 38 48 31 35 31 40 2 34 42 7 10 16 2 8 30 22 46 7 37 4 43 14 14 7 29 46 16 42 24 1 
6 28 6 38 8 41 27 0 3 28 45 27 39 38 11 36 5 22 39 14 32 37 13 4 24 46 45 41 39 35 3 3 20 35 7 1 24 35 44 5 1 4 29 2 13 8 11 44 9 36 
8 19 24 30 24 43 5 3 0 35 38 3 17 17 18 32 43 9 24 10 5 16 1 37 3 34 7 6 23 23 44 29 21 9 4 15 25 13 37 11 25 34 23 12 34 37 33 19 42 19 
16 1 10 36 5 13 18 28 35 0 9 5 12 34 20 7 25 48 21 19 2 9 15 31 14 25 23 46 38 24 4 34 46 39 15 12 20 37 34 34 38 6 40 14 37 33 36 16 20 27 
19 34 42 4 15 5 29 45 38 9 0 44 2 47 8 35 10 39 20 31 5 11 22 43 21 6 31 7 31 15 2 18 25 30 23 10 35 14 33 16 24 11 2 40 48 26 3 28 35 12 
49 10 49 48 5 24 35 27 3 5 44 0 46 30 23 45 16 23 5 27 5 39 44 15 41 9 22 38 38 45 31 9 16 22 29 20 30 14 9 36 26 19 34 5 49 27 18 12 7 8 
19 1 23 47 14 45 4 39 17 12 2 46 0 37 14 33 20 44 18 39 1 7 23 47 25 42 46 5 39 4 39 36 29 46 23 12 4 3 5 19 42 25 13 7 21 43 14 44 40 27 
19 30 23 20 16 42 25 38 17 34 47 30 37 0 33 28 25 15 31 28 12 30 13 46 39 33 19 41 3 19 1 44 35 20 2 42 43 32 7 14 17 37 16 21 32 29 48 32 17 35 
7 32 34 14 49 35 28 11 18 20 8 23 14 33 0 39 38 17 37 28 23 13 23 14 1 32 11 20 37 44 37 1 7 2 13 15 49 35 22 3 34 32 44 49 31 27 9 43 29 6 
29 11 26 25 1 30 25 36 32 7 35 45 33 28 39 0 32 42 2 20 22 47 29 23 4 19 37 46 47 18 2 19 16 41 6 31 9 44 7 33 43 17 29 45 42 20 18 49 1 8 
27 16 28 22 28 21 11 5 43 25 10 16 20 25 38 32 0 42 38 27 32 32 23 12 33 13 22 9 28 28 46 5 46 2 14 8 4 16 19 1 49 13 31 3 14 30 33 4 4 15 
44 34 15 47 45 22 8 22 9 48 39 23 44 15 17 42 42 0 17 42 38 29 31 17 44 11 30 44 22 22 47 13 34 41 10 41 7 20 33 22 48 24 23 46 41 33 49 22 34 17 
27 36 34 38 23 31 10 39 24 21 20 5 18 31 37 2 38 17 0 47 44 18 49 33 30 47 5 3 33 28 29 42 10 6 15 23 20 41 21 10 5 34 24 9 24 26 6 45 9 13 
10 20 6 29 28 18 31 14 10 19 31 27 39 28 28 20 27 42 47 0 1 7 46 30 27 36 17 2 3 14 20 23 24 25 23 3 20 9 10 48 2 23 43 44 6 36 11 22 46 23 
8 12 22 26 16 33 38 32 5 2 5 5 1 12 23 22 32 38 44 1 0 20 41 6 25 21 23 28 21 20 20 13 37 21 17 48 42 32 4 40 18 5 5 48 8 42 43 37 41 48 
9 29 15 47 24 10 48 37 16 9 11 39 7 30 13 47 32 29 18 7 20 0 22 23 28 12 1 27 41 26 8 1 46 21 18 13 23 10 24 22 28 39 39 32 12 38 44 39 31 22 
4 46 34 8 48 25 31 13 1 15 22 44 23 13 23 29 23 31 49 46 41 22 0 30 21 41 32 35 49 46 25 7 14 9 45 10 33 8 1 49 1 46 14 1 34 34 33 44 29 14 
1 11 2 2 32 2 35 4 37 31 43 15 47 46 14 23 12 17 33 30 6 23 30 0 29 11 32 20 45 4 31 42 47 19 12 8 26 25 38 42 24 37 24 29 32 32 17 40 5 6 
23 11 33 17 22 14 31 24 3 14 21 41 25 39 1 4 33 44 30 27 25 28 21 29 0 9 14 22 3 49 27 3 22 24 47 45 14 39 31 36 35 22 40 20 3 12 49 30 13 13 
19 46 32 36 46 11 40 46 34 25 6 9 42 33 32 19 13 11 47 36 21 12 41 11 9 0 30 16 42 43 2 21 6 2 13 48 18 8 49 33 21 46 44 26 24 17 48 28 17 32 
38 5 45 30 45 23 2 45 7 23 31 22 46 19 11 37 22 30 5 17 23 1 32 32 14 30 0 2 40 11 48 21 7 37 17 6 1 13 32 10 21 24 12 3 13 9 23 44 36 28 
30 15 44 44 3 30 34 41 6 46 7 38 5 41 20 46 9 44 3 2 28 27 35 20 22 16 2 0 22 20 39 25 10 49 1 35 24 46 23 23 8 30 26 9 42 29 44 24 42 7 
46 46 32 41 23 47 42 39 23 38 31 38 39 3 37 47 28 22 33 3 21 41 49 45 3 42 40 22 0 15 20 14 11 39 32 49 45 40 1 23 5 39 26 30 48 32 12 33 49 37 
7 20 40 1 1 1 7 35 23 24 15 45 4 19 44 18 28 22 28 14 20 26 46 4 49 43 11 20 15 0 18 33 4 48 19 36 32 34 14 25 29 20 6 31 34 34 16 26 41 41 
13 42 44 23 21 38 10 3 44 4 2 31 39 1 37 2 46 47 29 20 20 8 25 31 27 2 48 39 20 18 0 42 30 34 35 48 28 14 11 20 16 29 42 14 33 30 32 22 44 41 
9 4 17 4 15 36 16 3 29 34 18 9 36 44 1 19 5 13 42 23 13 1 7 42 3 21 21 25 14 33 42 0 23 34 35 20 25 27 4 44 31 19 14 24 18 40 22 49 31 7 
46 34 44 40 47 45 2 20 21 46 25 16 29 35 7 16 46 34 10 24 37 46 14 47 22 6 7 10 11 4 30 23 0 24 25 22 40 19 30 16 25 24 26 2 49 41 38 46 35 32 
36 32 6 20 3 1 8 35 9 39 30 22 46 20 2 41 2 41 6 25 21 21 9 19 24 2 37 49 39 48 34 34 24 0 10 28 42 34 1 7 23 24 3 7 9 28 16 43 35 40 
39 21 17 8 18 49 30 7 4 15 23 29 23 2 13 6 14 10 15 23 17 18 45 12 47 13 17 1 32 19 35 35 25 10 0 37 37 44 16 3 38 23 8 31 1 39 41 36 5 25 
16 17 6 22 10 1 22 1 15 12 10 20 12 42 15 31 8 41 23 3 48 13 10 8 45 48 6 35 49 36 48 20 22 28 37 0 22 40 11 38 46 26 36 46 31 3 46 42 6 26 
31 3 6 27 20 9 46 24 25 20 35 30 4 43 49 9 4 7 20 20 42 23 33 26 14 18 1 24 45 32 28 25 40 42 37 22 0 30 9 37 5 10 26 43 19 8 1 20 44 26 
28 34 7 10 37 33 7 35 13 37 14 14 3 32 35 44 16 20 41 9 32 10 8 25 39 8 13 46 40 34 14 27 19 34 44 40 30 0 29 10 8 11 10 1 18 34 33 17 46 46 
43 45 16 43 48 22 37 44 37 34 33 9 5 7 22 7 19 33 21 10 4 24 1 38 31 49 32 23 1 14 11 4 30 1 16 11 9 29 0 2 26 42 4 3 41 2 11 45 3 13 
38 26 4 24 24 21 4 5 11 34 16 36 19 14 3 33 1 22 10 48 40 22 49 42 36 33 10 23 23 25 20 44 16 7 3 38 37 10 2 0 15 42 40 8 18 1 9 4 25 31 
40 49 26 8 39 48 43 1 25 38 24 26 42 17 34 43 49 48 5 2 18 28 1 24 35 21 21 8 5 29 16 31 25 23 38 46 5 8 26 15 0 4 11 33 11 37 8 30 38 24 
24 32 42 16 23 44 14 4 34 6 11 19 25 37 32 17 13 24 34 23 5 39 46 37 22 46 24 30 39 20 29 19 24 24 23 26 10 11 42 42 4 0 44 11 24 9 47 22 25 22 
7 42 14 13 34 9 14 29 23 40 2 34 13 16 44 29 31 23 24 43 5 39 14 24 40 44 12 26 26 6 42 14 26 3 8 36 26 10 4 40 11 44 0 28 21 37 37 29 40 24 
35 30 5 34 9 47 7 2 12 14 40 5 7 21 49 45 3 46 9 44 48 32 1 29 20 26 3 9 30 31 14 24 2 7 31 46 43 1 3 8 33 11 28 0 43 44 9 46 23 14 
24 22 30 14 36 38 29 13 34 37 48 49 21 32 31 42 14 41 24 6 8 12 34 32 3 24 13 42 48 34 33 18 49 9 1 31 19 18 41 18 11 24 21 43 0 47 10 16 44 26 
26 2 1 19 13 5 46 8 37 33 26 27 43 29 27 20 30 33 26 36 42 38 34 32 12 17 9 29 32 34 30 40 41 28 39 3 8 34 2 1 37 9 37 44 47 0 48 40 12 4 
28 43 7 39 45 35 16 11 33 36 3 18 14 48 9 18 33 49 6 11 43 44 33 17 49 48 23 44 12 16 32 22 38 16 41 46 1 33 11 9 8 47 37 9 10 48 0 37 41 26 
3 14 32 31 27 19 42 44 19 16 28 12 44 32 43 49 4 22 45 22 37 39 44 40 30 28 44 24 33 26 22 49 46 43 36 42 20 17 45 4 30 22 29 46 16 40 37 0 29 48 
8 8 17 47 10 35 24 9 42 20 35 7 40 17 29 1 4 34 9 46 41 31 29 5 13 17 36 42 49 41 44 31 35 35 5 6 44 46 3 25 38 25 40 23 44 12 41 29 0 37 
18 12 44 1 20 47 1 36 19 27 12 8 27 35 6 8 15 17 13 23 48 22 14 6 13 32 28 7 37 41 41 7 32 40 25 26 26 46 13 31 24 22 24 14 26 4 26 48 37 0 
