0 49 21 5 24 21 8 48 36 20 27 6 10 3 31 16 29 39 42 34 43 25 44 22 8 28 41 22 45 49 46 13 12 9 48 36 16 30 30 9 3 1 4 16 45 4 19 48 15 42 
49 0 18 19 25 5 8 26 20 34 2 29 43 1 14 18 33 3 7 24 39 17 24 34 16 43 1 1 24 42 40 43 16 45 18 8 38 35 26 12 15 37 34 17 13 46 34 35 19 15 
21 18 0 24 16 28 17 49 40 28 46 48 9 8 12 26 38 20 32 29 23 33 14 8 1 17 18 1 9 9 18 15 12 30 19 12 38 4 37 12 34 30 17 16 33 18 23 18 16 39 
5 19 24 0 48 7 11 48 30 2 2 38 12 41 49 5 42 7 12 49 40 47 48 2 34 7 22 7 27 33 37 39 29 49 16 27 35 30 37 40 7 45 22 18 39 42 48 37 5 11 
24 25 16 48 0 47 32 13 28 49 29 6 26 8 29 47 22 25 16 44 32 36 6 3 5 3 32 14 19 10 27 42 18 36 30 13 5 5 2 27 16 28 16 34 2 40 27 40 20 16 
21 5 28 7 47 0 14 5 36 39 2 8 6 8 12 47 25 6 4 44 7 39 34 9 44 35 47 11 12 17 36 27 20 38 15 26 43 24 43 34 36 43 10 46 33 1 13 11 35 11 
8 8 17 11 32 14 0 30 49 38 3 27 29 8 12 38 43 20 26 25 29 43 22 13 43 48 23 30 37 43 26 9 24 38 10 24 35 7 49 43 42 40 10 16 35 2 40 6 21 6 
48 26 49 48 13 5 30 0 23 25 1 6 39 38 42 1 34 7 44 45 9 33 3 10 39 21 42 25 34 31 35 39 18 43 29 20 49 19 31 31 46 13 31 47 6 15 34 21 36 28 
36 20 40 30 28 36 49 23 0 14 32 15 35 12 43 13 44 33 38 43 39 12 42 3 26 17 49 28 16 11 16 7 17 15 35 16 18 49 20 31 34 48 6 5 19 8 10 25 29 45 
20 34 28 2 49 39 38 25 14 0 25 45 48 3 37 42 13 19 35 48 31 1 35 22 7 18 14 13 4 13 19 43 31 30 18 42 5 1 5 32 27 4 35 8 7 47 28 42 22 10 
27 2 46 2 29 2 3 1 32 25 0 18 3 45 23 37 35 8 36 16 25 2 23 34 15 2 4 33 41 14 11 21 43 8 32 3 8 41 16 15 6 29 12 40 11 47 37 36 1 11 
6 29 48 38 6 8 27 6 15 45 18 0 20 14 9 14 14 40 14 15 27 3 18 12 10 23 5 49 17 1 10 27 25 8 35 31 45 46 45 14 19 35 32 34 26 32 3 38 14 25 
10 43 9 12 26 6 29 39 35 48 3 20 0 15 42 20 40 30 3 16 24 1 35 26 30 26 20 24 31 30 10 11 17 48 5 43 32 22 20 22 18 25 35 6 30 6 18 29 9 35 
3 1 8 41 8 8 8 38 12 3 45 14 15 0 9 28 20 27 22 28 3 3 24 14 21 40 40 21 3 36 27 35 7 40 36 24 10 7 16 44 1 30 32 28 5 49 8 13 36 30 
31 14 12 49 29 12 12 42 43 37 23 9 42 9 0 46 27 16 48 4 34 3 17 47 3 30 48 35 43 4 49 15 12 12 10 1 7 45 45 39 11 37 14 43 25 17 24 24 2 29 
16 18 26 5 47 47 38 1 13 42 37 14 20 28 46 0 48 7 11 7 12 1 12 30 9 14 43 42 4 34 27 7 47 3 41 42 41 11 21 19 27 6 27 24 32 27 23 30 20 18 
29 33 38 42 22 25 43 34 44 13 35 14 40 20 27 48 0 32 27 23 2 35 26 37 7 36 42 44 40 33 28 3 21 41 47 29 15 39 49 15 21 17 28 19 11 41 13 14 29 38 
39 3 20 7 25 6 20 7 33 19 8 40 30 27 16 7 32 0 31 41 12 17 20 1 16 23 37 38 30 37 7 46 5 20 17 9 8 30 39 7 13 11 32 25 19 33 5 28 46 47 
42 7 32 12 16 4 26 44 38 35 36 14 3 22 48 11 27 31 0 26 22 49 17 47 27 32 28 48 28 44 12 21 14 40 28 7 38 6 49 30 35 6 4 9 28 18 48 40 49 6 
34 24 29 49 44 44 25 45 43 48 16 15 16 28 4 7 23 41 26 0 10 37 35 26 2 2 23 21 20 31 46 48 14 10 12 45 40 30 18 8 20 21 20 9 11 20 37 5 16 12 
43 39 23 40 32 7 29 9 39 31 25 27 24 3 34 12 2 12 22 10 0 17 14 37 21 14 35 5 8 36 41 39 11 44 5 45 20 20 47 34 25 4 38 40 45 3 17 44 4 13 
25 17 33 47 36 39 43 33 12 1 2 3 1 3 3 1 35 17 49 37 17 0 33 23 27 35 16 23 7 17 19 12 18 6 39 36 41 17 29 33 12 1 48 21 26 15 7 35 10 41 
44 24 14 48 6 34 22 3 42 35 23 18 35 24 17 12 26 20 17 35 14 33 0 27 17 18 17 19 38 12 49 13 48 42 25 15 5 46 23 2 34 12 17 22 6 10 48 8 48 30 
22 34 8 2 3 9 13 10 3 22 34 12 26 14 47 30 37 1 47 26 37 23 27 0 5 6 32 47 27 38 16 3 9 46 22 13 23 24 1 43 16 14 34 39 21 32 38 26 35 2 
8 16 1 34 5 44 43 39 26 7 15 10 30 21 3 9 7 16 27 2 21 27 17 5 0 12 25 45 17 48 47 22 43 35 2 44 31 26 36 15 19 35 18 21 22 35 41 1 6 24 
28 43 17 7 3 35 48 21 17 18 2 23 26 40 30 14 36 23 32 2 14 35 18 6 12 0 7 29 10 36 5 7 35 6 45 33 45 22 5 40 42 42 2 48 9 15 17 21 30 32 
41 1 18 22 32 47 23 42 49 14 4 5 20 40 48 43 42 37 28 23 35 16 17 32 25 7 0 1 16 20 20 45 30 35 22 25 5 3 27 30 11 31 7 44 19 11 48 9 12 11 
22 1 1 7 14 11 30 25 28 13 33 49 24 21 35 42 44 38 48 21 5 23 19 47 45 29 1 0 17 9 27 48 49 30 1 18 44 38 23 3 1 45 13 4 24 35 38 34 12 24 
45 24 9 27 19 12 37 34 16 4 41 17 31 3 43 4 40 30 28 20 8 7 38 27 17 10 16 17 0 33 12 7 30 11 23 39 4 24 15 29 48 21 43 36 5 36 27 44 4 37 
49 42 9 33 10 17 43 31 11 13 14 1 30 36 4 34 33 37 44 31 36 17 12 38 48 36 20 9 33 0 18 19 6 41 36 30 3 28 37 2 20 4 38 22 28 46 39 29 9 28 
46 40 18 37 27 36 26 35 16 19 11 10 10 27 49 27 28 7 12 46 41 19 49 16 47 5 20 27 12 18 0 40 3 48 36 29 15 12 30 23 3 19 44 12 35 32 3 38 37 49 
13 43 15 39 42 27 9 39 7 43 21 27 11 35 15 7 3 46 21 48 39 12 13 3 22 7 45 48 7 19 40 0 2 29 32 3 13 26 43 37 16 10 24 1 40 32 14 30 5 39 
12 16 12 29 18 20 24 18 17 31 43 25 17 7 12 47 21 5 14 14 11 18 48 9 43 35 30 49 30 6 3 2 0 23 35 41 43 35 4 23 9 4 42 9 44 9 41 30 45 9 
9 45 30 49 36 38 38 43 15 30 8 8 48 40 12 3 41 20 40 10 44 6 42 46 35 6 35 30 11 41 48 29 23 0 35 25 40 9 49 23 43 18 43 36 36 5 29 20 40 47 
48 18 19 16 30 15 10 29 35 18 32 35 5 36 10 41 47 17 28 12 5 39 25 22 2 45 22 1 23 36 36 32 35 35 0 16 38 21 20 18 46 2 39 13 7 40 27 35 26 22 
36 8 12 27 13 26 24 20 16 42 3 31 43 24 1 42 29 9 7 45 45 36 15 13 44 33 25 18 39 30 29 3 41 25 16 0 5 30 27 31 13 48 32 4 11 49 17 35 15 35 
16 38 38 35 5 43 35 49 18 5 8 45 32 10 7 41 15 8 38 40 20 41 5 23 31 45 5 44 4 3 15 13 43 40 38 5 0 36 8 29 25 46 12 36 37 29 21 14 20 1 
30 35 4 30 5 24 7 19 49 1 41 46 22 7 45 11 39 30 6 30 20 17 46 24 26 22 3 38 24 28 12 26 35 9 21 30 36 0 4 31 17 39 34 5 36 28 18 32 32 20 
30 26 37 37 2 43 49 31 20 5 16 45 20 16 45 21 49 39 49 18 47 29 23 1 36 5 27 23 15 37 30 43 4 49 20 27 8 4 0 7 29 2 25 6 26 43 16 33 31 37 
9 12 12 40 27 34 43 31 31 32 15 14 22 44 39 19 15 7 30 8 34 33 2 43 15 40 30 3 29 2 23 37 23 23 18 31 29 31 7 0 41 49 4 26 37 3 18 22 39 25 
3 15 34 7 16 36 42 46 34 27 6 19 18 1 11 27 21 13 35 20 25 12 34 16 19 42 11 1 48 20 3 16 9 43 46 13 25 17 29 41 0 45 10 6 14 13 8 18 36 45 
1 37 30 45 28 43 40 13 48 4 29 35 25 30 37 6 17 11 6 21 4 1 12 14 35 42 31 45 21 4 19 10 4 18 2 48 46 39 2 49 45 0 22 43 29 25 31 45 25 45 
4 34 17 22 16 10 10 31 6 35 12 32 35 32 14 27 28 32 4 20 38 48 17 34 18 2 7 13 43 38 44 24 42 43 39 32 12 34 25 4 10 22 0 46 35 19 14 3 36 3 
16 17 16 18 34 46 16 47 5 8 40 34 6 28 43 24 19 25 9 9 40 21 22 39 21 48 44 4 36 22 12 1 9 36 13 4 36 5 6 26 6 43 46 0 21 4 15 17 22 43 
45 13 33 39 2 33 35 6 19 7 11 26 30 5 25 32 11 19 28 11 45 26 6 21 22 9 19 24 5 28 35 40 44 36 7 11 37 36 26 37 14 29 35 21 0 29 45 17 21 13 
4 46 18 42 40 1 2 15 8 47 47 32 6 49 17 27 41 33 18 20 3 15 10 32 35 15 11 35 36 46 32 32 9 5 40 49 29 28 43 3 13 25 19 4 29 0 13 27 48 26 
19 34 23 48 27 13 40 34 10 28 37 3 18 8 24 23 13 5 48 37 17 7 48 38 41 17 48 38 27 39 3 14 41 29 27 17 21 18 16 18 8 31 14 15 45 13 0 29 47 5 
48 35 18 37 40 11 6 21 25 42 36 38 29 13 24 30 14 28 40 5 44 35 8 26 1 21 9 34 44 29 38 30 30 20 35 35 14 32 33 22 18 45 3 17 17 27 29 0 13 25 
15 19 16 5 20 35 21 36 29 22 1 14 9 36 2 20 29 46 49 16 4 10 48 35 6 30 12 12 4 9 37 5 45 40 26 15 20 32 31 39 36 25 36 22 21 48 47 13 0 11 
42 15 39 11 16 11 6 28 45 10 11 25 35 30 29 18 38 47 6 12 13 41 30 2 24 32 11 24 37 28 49 39 9 47 22 35 1 20 37 25 45 45 3 43 13 26 5 25 11 0 
