0 24 45 40 39 17 32 35 40 16 31 48 48 35 14 33 11 7 39 34 44 24 38 42 41 28 21 9 48 29 43 45 21 21 35 4 47 13 13 19 26 22 18 11 47 38 2 26 48 8 
24 0 9 16 38 19 20 3 23 37 44 21 43 26 4 23 38 27 2 6 38 32 8 39 39 26 19 13 30 21 18 47 12 47 14 44 25 30 45 18 40 39 7 16 12 37 26 41 42 32 
45 9 0 6 22 49 39 33 43 41 40 46 18 40 33 20 36 23 43 18 18 18 19 31 48 15 2 9 30 40 10 40 1 12 49 47 42 48 43 12 40 15 18 39 6 35 16 14 26 1 
40 16 6 0 36 36 39 30 21 27 49 4 37 43 16 28 25 25 33 45 44 25 8 25 1 33 41 8 37 35 18 44 25 20 47 33 24 28 16 46 33 27 40 4 40 34 20 28 9 8 
39 38 22 36 0 11 25 7 24 6 39 24 24 15 4 22 16 10 47 21 48 17 4 47 5 8 13 13 46 30 4 36 46 29 38 22 12 24 21 25 22 21 38 7 20 4 29 30 31 27 
17 19 49 36 11 0 35 24 46 32 47 23 35 17 41 32 36 49 44 22 42 19 6 19 31 25 22 24 25 4 2 27 10 44 27 32 23 3 19 31 12 12 14 33 33 6 27 18 18 29 
32 20 39 39 25 35 0 46 3 20 16 17 38 30 13 41 29 38 3 13 7 9 30 10 28 11 44 5 41 30 44 35 16 10 27 13 12 32 7 28 44 24 6 6 28 18 12 47 2 37 
35 3 33 30 7 24 46 0 24 31 34 49 25 45 48 21 6 11 13 32 18 33 6 43 35 37 28 49 42 49 32 24 39 15 18 6 35 29 28 13 28 14 46 37 4 47 15 43 42 16 
40 23 43 21 24 46 3 24 0 33 12 26 31 8 31 38 39 49 36 44 9 10 34 42 18 45 33 39 14 27 27 25 32 3 8 1 40 41 41 17 32 25 36 15 6 37 31 33 19 9 
16 37 41 27 6 32 20 31 33 0 23 33 1 33 17 4 41 22 16 7 13 10 37 13 27 5 1 35 42 37 18 15 46 48 38 3 47 2 22 21 19 18 3 43 6 44 48 14 1 21 
31 44 40 49 39 47 16 34 12 23 0 41 3 26 5 1 41 19 17 21 31 35 32 31 2 13 43 39 43 15 30 31 23 21 40 49 11 43 20 23 11 40 14 48 7 4 15 28 16 17 
48 21 46 4 24 23 17 49 26 33 41 0 16 18 24 43 34 17 46 38 7 5 41 20 45 32 5 15 3 49 29 26 4 12 20 2 47 15 49 23 44 30 11 36 23 11 15 2 35 19 
48 43 18 37 24 35 38 25 31 1 3 16 0 41 41 24 5 47 21 13 1 14 36 29 2 16 47 15 23 10 11 26 7 48 40 23 38 33 30 36 3 3 41 29 42 36 34 13 1 2 
35 26 40 43 15 17 30 45 8 33 26 18 41 0 9 43 5 11 15 29 5 48 10 45 19 35 17 11 41 30 32 49 22 15 10 4 23 42 17 31 9 47 25 21 30 35 17 34 43 32 
14 4 33 16 4 41 13 48 31 17 5 24 41 9 0 19 12 40 26 3 10 34 15 24 30 35 36 16 11 33 44 15 16 20 27 28 10 20 38 38 27 21 48 6 24 36 31 25 6 38 
33 23 20 28 22 32 41 21 38 4 1 43 24 43 19 0 48 34 31 39 42 25 28 6 15 23 28 22 43 37 40 44 45 39 29 45 47 13 12 13 46 28 49 47 14 12 38 37 14 31 
11 38 36 25 16 36 29 6 39 41 41 34 5 5 12 48 0 10 38 26 14 16 36 45 49 43 26 13 18 32 29 20 19 3 12 25 7 37 12 44 4 31 12 22 32 38 8 25 31 49 
7 27 23 25 10 49 38 11 49 22 19 17 47 11 40 34 10 0 11 10 38 6 15 30 8 31 8 22 35 27 35 22 23 25 19 43 23 21 27 20 28 27 19 4 37 49 2 6 36 44 
39 2 43 33 47 44 3 13 36 16 17 46 21 15 26 31 38 11 0 27 11 47 19 22 5 17 13 45 45 4 27 37 9 36 34 15 42 18 49 40 42 27 16 34 47 34 26 24 42 13 
34 6 18 45 21 22 13 32 44 7 21 38 13 29 3 39 26 10 27 0 2 33 29 48 46 15 33 9 20 21 19 33 15 25 42 5 11 5 6 9 12 17 27 22 4 45 29 44 4 5 
44 38 18 44 48 42 7 18 9 13 31 7 1 5 10 42 14 38 11 2 0 32 47 3 45 4 27 10 26 44 17 21 30 28 5 44 43 26 41 42 28 44 14 46 43 34 17 38 42 32 
24 32 18 25 17 19 9 33 10 10 35 5 14 48 34 25 16 6 47 33 32 0 17 36 10 35 36 9 44 27 23 8 49 33 24 3 12 45 2 16 28 2 41 30 46 23 41 2 23 11 
38 8 19 8 4 6 30 6 34 37 32 41 36 10 15 28 36 15 19 29 47 17 0 35 31 33 32 23 3 49 19 14 4 17 25 14 9 18 39 10 18 35 41 47 37 31 29 26 45 4 
42 39 31 25 47 19 10 43 42 13 31 20 29 45 24 6 45 30 22 48 3 36 35 0 2 38 42 27 11 49 6 26 21 9 25 5 47 43 41 24 49 27 12 6 34 44 32 2 15 21 
41 39 48 1 5 31 28 35 18 27 2 45 2 19 30 15 49 8 5 46 45 10 31 2 0 27 15 33 47 24 14 46 20 23 36 1 21 11 6 4 3 49 26 3 17 41 35 3 18 4 
28 26 15 33 8 25 11 37 45 5 13 32 16 35 35 23 43 31 17 15 4 35 33 38 27 0 17 45 41 25 37 41 47 2 45 9 22 38 4 17 23 20 14 15 7 39 44 35 7 41 
21 19 2 41 13 22 44 28 33 1 43 5 47 17 36 28 26 8 13 33 27 36 32 42 15 17 0 42 7 43 22 3 7 2 10 37 40 21 39 8 37 8 48 34 20 39 43 5 7 34 
9 13 9 8 13 24 5 49 39 35 39 15 15 11 16 22 13 22 45 9 10 9 23 27 33 45 42 0 24 8 15 18 9 15 41 18 25 17 13 3 22 46 33 6 44 28 36 8 46 24 
48 30 30 37 46 25 41 42 14 42 43 3 23 41 11 43 18 35 45 20 26 44 3 11 47 41 7 24 0 39 20 12 7 37 34 38 32 3 44 49 48 47 40 40 48 42 3 25 32 28 
29 21 40 35 30 4 30 49 27 37 15 49 10 30 33 37 32 27 4 21 44 27 49 49 24 25 43 8 39 0 24 12 27 1 49 25 30 2 40 45 29 12 40 46 37 17 26 13 37 32 
43 18 10 18 4 2 44 32 27 18 30 29 11 32 44 40 29 35 27 19 17 23 19 6 14 37 22 15 20 24 0 19 44 42 12 7 21 33 15 30 42 27 22 19 25 48 14 36 49 2 
45 47 40 44 36 27 35 24 25 15 31 26 26 49 15 44 20 22 37 33 21 8 14 26 46 41 3 18 12 12 19 0 17 36 12 31 10 13 44 43 13 42 39 47 7 1 28 24 12 10 
21 12 1 25 46 10 16 39 32 46 23 4 7 22 16 45 19 23 9 15 30 49 4 21 20 47 7 9 7 27 44 17 0 36 24 8 27 15 47 25 14 32 32 41 2 20 40 12 14 13 
21 47 12 20 29 44 10 15 3 48 21 12 48 15 20 39 3 25 36 25 28 33 17 9 23 2 2 15 37 1 42 36 36 0 3 27 13 35 27 32 12 43 14 46 22 1 29 21 49 25 
35 14 49 47 38 27 27 18 8 38 40 20 40 10 27 29 12 19 34 42 5 24 25 25 36 45 10 41 34 49 12 12 24 3 0 32 26 21 36 16 27 21 29 37 3 45 5 2 37 29 
4 44 47 33 22 32 13 6 1 3 49 2 23 4 28 45 25 43 15 5 44 3 14 5 1 9 37 18 38 25 7 31 8 27 32 0 10 44 23 26 38 2 3 31 47 3 39 31 9 22 
47 25 42 24 12 23 12 35 40 47 11 47 38 23 10 47 7 23 42 11 43 12 9 47 21 22 40 25 32 30 21 10 27 13 26 10 0 19 43 43 23 42 43 20 8 4 12 11 4 24 
13 30 48 28 24 3 32 29 41 2 43 15 33 42 20 13 37 21 18 5 26 45 18 43 11 38 21 17 3 2 33 13 15 35 21 44 19 0 32 6 30 25 24 29 45 47 35 36 17 30 
13 45 43 16 21 19 7 28 41 22 20 49 30 17 38 12 12 27 49 6 41 2 39 41 6 4 39 13 44 40 15 44 47 27 36 23 43 32 0 24 16 26 20 47 49 43 20 43 34 37 
19 18 12 46 25 31 28 13 17 21 23 23 36 31 38 13 44 20 40 9 42 16 10 24 4 17 8 3 49 45 30 43 25 32 16 26 43 6 24 0 9 27 24 37 44 21 10 47 40 18 
26 40 40 33 22 12 44 28 32 19 11 44 3 9 27 46 4 28 42 12 28 28 18 49 3 23 37 22 48 29 42 13 14 12 27 38 23 30 16 9 0 7 17 11 9 36 41 13 40 25 
22 39 15 27 21 12 24 14 25 18 40 30 3 47 21 28 31 27 27 17 44 2 35 27 49 20 8 46 47 12 27 42 32 43 21 2 42 25 26 27 7 0 29 25 28 16 12 28 21 36 
18 7 18 40 38 14 6 46 36 3 14 11 41 25 48 49 12 19 16 27 14 41 41 12 26 14 48 33 40 40 22 39 32 14 29 3 43 24 20 24 17 29 0 27 26 39 31 14 28 33 
11 16 39 4 7 33 6 37 15 43 48 36 29 21 6 47 22 4 34 22 46 30 47 6 3 15 34 6 40 46 19 47 41 46 37 31 20 29 47 37 11 25 27 0 26 47 38 23 35 14 
47 12 6 40 20 33 28 4 6 6 7 23 42 30 24 14 32 37 47 4 43 46 37 34 17 7 20 44 48 37 25 7 2 22 3 47 8 45 49 44 9 28 26 26 0 18 27 21 40 38 
38 37 35 34 4 6 18 47 37 44 4 11 36 35 36 12 38 49 34 45 34 23 31 44 41 39 39 28 42 17 48 1 20 1 45 3 4 47 43 21 36 16 39 47 18 0 45 42 7 30 
2 26 16 20 29 27 12 15 31 48 15 15 34 17 31 38 8 2 26 29 17 41 29 32 35 44 43 36 3 26 14 28 40 29 5 39 12 35 20 10 41 12 31 38 27 45 0 39 43 3 
26 41 14 28 30 18 47 43 33 14 28 2 13 34 25 37 25 6 24 44 38 2 26 2 3 35 5 8 25 13 36 24 12 21 2 31 11 36 43 47 13 28 14 23 21 42 39 0 24 42 
48 42 26 9 31 18 2 42 19 1 16 35 1 43 6 14 31 36 42 4 42 23 45 15 18 7 7 46 32 37 49 12 14 49 37 9 4 17 34 40 40 21 28 35 40 7 43 24 0 41 
8 32 1 8 27 29 37 16 9 21 17 19 2 32 38 31 49 44 13 5 32 11 4 21 4 41 34 24 28 32 2 10 13 25 29 22 24 30 37 18 25 36 33 14 38 30 3 42 41 0 
